id,created_at,player,smash_character,is_cpu,total_kos,total_falls,total_sds,has_won,match_id
20,2025-06-06 08:21:51.717000,21,MR. GAME & WATCH,False,2,3,0,False,12
21,2025-06-06 08:21:51.799000,22,ENDERMAN,False,3,2,0,True,12
22,2025-06-06 08:31:02.775000,23,SAMUS,False,2,2,0,False,13
23,2025-06-06 08:31:02.937000,21,MR. GAME & WATCH,False,3,2,0,True,13
24,2025-06-06 08:31:03.037000,22,ENDERMAN,False,3,3,0,False,13
25,2025-06-06 08:39:59.861000,22,ZOMBIE,False,3,2,0,True,14
26,2025-06-06 08:39:59.980000,23,SAMUS,False,2,3,0,False,14
27,2025-06-06 08:40:00.071000,21,ZELDA,False,3,3,0,False,14
28,2025-06-06 08:48:23.374000,23,SAMUS,False,1,3,0,False,15
29,2025-06-06 08:48:23.461000,21,MR. GAME & WATCH,False,3,1,0,True,15
30,2025-06-06 11:38:52.617000,23,SAMUS,False,1,3,0,False,16
31,2025-06-06 11:38:52.705000,22,ENDERMAN,False,3,1,0,True,16
34,2025-06-06 22:21:01.930000,35,R.O.B.,False,2,3,0,False,18
35,2025-06-06 22:21:02.033000,21,ZELDA,False,3,2,0,True,18
36,2025-06-06 23:41:48.654000,22,ENDERMAN,False,1,3,0,False,19
37,2025-06-06 23:41:48.936000,38,JOKER,False,3,1,0,True,19
38,2025-06-06 23:46:35.671000,39,DONKEY KONG,False,3,2,0,True,20
39,2025-06-06 23:46:35.763000,38,CAPTAIN FALCON,False,2,3,0,False,20
40,2025-06-06 23:50:10.843000,38,JOKER,False,3,2,0,True,21
41,2025-06-06 23:50:10.919000,39,DONKEY KONG,False,2,3,0,False,21
42,2025-06-06 23:54:00.105000,22,ENDERMAN,False,0,3,0,False,22
43,2025-06-06 23:54:00.210000,38,JOKER,False,3,0,0,True,22
44,2025-06-06 23:58:14.667000,38,GANONDORF,False,3,2,0,True,23
45,2025-06-06 23:58:14.795000,39,DONKEY KONG,False,2,3,0,False,23
46,2025-06-07 00:27:31.026000,22,ENDERMAN,False,2,2,0,False,24
47,2025-06-07 00:27:31.114000,38,JOKER,False,2,2,1,True,24
48,2025-06-07 00:27:31.210000,39,LUCINA,False,1,3,0,False,24
49,2025-06-07 00:27:31.307000,50,YOSHI,False,2,2,0,True,24
50,2025-06-07 00:32:30.281000,38,JOKER,False,2,2,1,False,25
51,2025-06-07 00:32:30.376000,39,DONKEY KONG,False,0,3,0,True,25
52,2025-06-07 00:44:04.578000,38,JOKER,False,1,0,0,True,26
53,2025-06-07 00:44:04.697000,54,MR. GAME & WATCH,False,0,1,0,False,26
54,2025-06-07 00:46:15.807000,38,JOKER,False,2,1,0,True,27
55,2025-06-07 00:46:15.885000,54,INCINEROAR,False,1,3,0,False,27
56,2025-06-07 00:50:30.196000,38,JOKER,False,3,2,0,True,28
57,2025-06-07 00:50:30.282000,54,KING K. ROOL,False,2,3,0,False,28
58,2025-06-07 00:56:04.943000,38,JOKER,False,2,2,0,True,29
59,2025-06-07 00:56:05.046000,54,INCINEROAR,False,2,3,0,False,29
60,2025-06-07 01:01:53.292000,61,CLOUD,False,0,3,0,False,30
61,2025-06-07 01:01:53.378000,38,JOKER,False,3,1,0,True,30
62,2025-06-07 01:04:39.308000,61,NESS,False,0,0,0,False,31
63,2025-06-07 01:04:39.404000,38,JOKER,False,0,0,0,True,31
64,2025-06-07 01:08:08.058000,38,JOKER,False,3,0,0,True,32
65,2025-06-07 01:08:08.165000,50,YOSHI,False,0,3,0,False,32
66,2025-06-07 01:16:33.688000,38,JOKER,False,3,1,0,True,33
67,2025-06-07 01:16:33.776000,22,ENDERMAN,False,1,3,0,False,33
68,2025-06-07 06:51:02.474000,21,MR. GAME & WATCH,False,2,2,0,False,34
69,2025-06-07 06:51:02.594000,22,ENDERMAN,False,2,2,0,True,34
70,2025-06-07 06:58:52.031000,21,MR. GAME & WATCH,False,1,3,0,False,35
71,2025-06-07 06:58:52.116000,22,ENDERMAN,False,3,1,0,True,35
72,2025-06-07 06:58:52.200000,23,SAMUS,False,2,3,0,False,35
73,2025-06-08 01:06:31.451000,74,PYRA,False,1,3,0,False,36
74,2025-06-08 01:06:31.558000,21,ZELDA,False,3,1,0,True,36
75,2025-06-10 01:12:52.819000,22,ENDERMAN,False,3,1,0,True,37
76,2025-06-10 01:12:52.910000,77,PYRA,False,1,3,0,False,37
77,2025-06-10 01:19:24.492000,22,LITTLE MAC,False,3,1,0,True,38
78,2025-06-10 01:19:24.617000,77,MYTHRA,False,0,3,0,False,38
79,2025-06-10 01:22:01.425000,22,LITTLE MAC,False,3,0,0,True,39
80,2025-06-10 01:22:01.527000,77,JOKER,False,0,3,0,False,39
81,2025-06-10 01:24:57.497000,22,GANONDORF,False,2,2,0,True,40
82,2025-06-10 01:24:57.616000,77,PYRA,False,2,2,1,False,40
83,2025-06-10 01:28:13.140000,22,CAPTAIN FALCON,False,3,2,0,True,41
84,2025-06-10 01:28:13.246000,77,PYRA,False,2,3,0,False,41
85,2025-06-10 01:34:24.968000,22,CAPTAIN FALCON,False,3,2,0,True,42
86,2025-06-10 01:34:25.076000,77,PYRA,False,2,3,0,False,42
87,2025-06-11 01:04:53.745000,88,YOSHI,False,3,2,0,True,43
88,2025-06-11 01:04:53.868000,21,MR. GAME & WATCH,False,2,3,0,False,43
89,2025-06-11 01:09:15.565000,88,LINK,False,3,2,0,True,44
90,2025-06-11 01:09:15.699000,22,ENDERMAN,False,2,3,0,False,44
91,2025-06-11 01:18:34.752000,77,PYRA,False,3,2,0,True,45
92,2025-06-11 01:18:34.844000,93,KAZUYA,False,2,3,0,False,45
93,2025-06-11 01:23:16.672000,93,KAZUYA,False,3,2,0,True,46
94,2025-06-11 01:23:16.762000,77,PYRA,False,2,3,0,False,46
95,2025-06-11 01:38:29.017000,96,MEWTWO,False,1,3,0,False,47
96,2025-06-11 01:38:29.120000,21,MR. GAME & WATCH,False,3,1,0,True,47
97,2025-06-11 01:44:15.576000,96,MORTON,False,0,3,0,False,48
98,2025-06-11 01:44:15.698000,21,MR. GAME & WATCH,False,2,2,1,False,48
99,2025-06-11 01:44:16.386000,88,LINK,False,5,2,0,True,48
100,2025-06-11 01:48:26.140000,96,IKE,False,4,2,0,True,49
101,2025-06-11 01:48:26.291000,21,ZELDA,False,2,2,0,False,49
102,2025-06-11 01:48:26.445000,88,LUCINA,False,2,2,0,False,49
103,2025-06-11 23:16:25.513000,104,ZELDA,False,3,1,0,True,50
104,2025-06-11 23:16:25.625000,22,ENDERMAN,False,1,3,0,False,50
105,2025-06-11 23:21:04.490000,104,ZELDA,False,3,2,0,True,51
106,2025-06-11 23:21:04.637000,22,ENDERMAN,False,2,3,0,False,51
107,2025-06-11 23:24:52.702000,104,ZELDA,False,3,2,0,True,52
108,2025-06-11 23:24:52.813000,22,ENDERMAN,False,2,3,0,False,52
109,2025-06-12 00:34:11.456000,77,LINK,False,0,3,0,False,53
110,2025-06-12 00:34:11.556000,21,ZELDA,False,2,2,0,True,53
111,2025-06-12 00:34:11.674000,22,ENDERMAN,False,5,3,0,False,53
112,2025-06-12 01:01:29.736000,77,PYRA,False,1,3,0,False,54
113,2025-06-12 01:01:29.879000,21,MR. GAME & WATCH,False,3,1,0,True,54
114,2025-06-12 01:05:53.107000,77,MYTHRA,False,2,3,0,False,55
115,2025-06-12 01:05:53.240000,21,MR. GAME & WATCH,False,3,2,0,True,55
116,2025-06-12 01:24:06.430000,21,ZELDA,False,3,2,0,True,56
117,2025-06-12 01:24:06.545000,22,STEVE,False,2,3,0,False,56
118,2025-06-12 01:28:44.703000,21,ZELDA,False,3,1,1,True,57
119,2025-06-12 01:28:44.822000,22,ENDERMAN,False,1,3,0,False,57
124,2025-06-12 01:39:52.509000,21,MR. GAME & WATCH,False,3,2,0,True,60
125,2025-06-12 01:39:52.595000,77,MYTHRA,False,2,3,0,False,60
126,2025-06-12 04:32:30.281000,21,ZELDA,False,2,3,0,False,61
127,2025-06-12 04:32:30.370000,23,SAMUS,False,1,3,0,False,61
128,2025-06-12 04:32:30.491000,22,ENDERMAN,False,4,1,0,True,61
129,2025-06-12 05:12:38.972000,21,ZELDA,False,1,3,0,False,62
130,2025-06-12 05:12:39.092000,22,ENDERMAN,False,3,1,0,True,62
131,2025-06-12 05:17:31.754000,21,ZELDA,False,3,2,0,True,63
132,2025-06-12 05:17:31.867000,22,ENDERMAN,False,2,3,0,False,63
135,2025-06-12 05:57:27.298000,22,LITTLE MAC,False,3,2,0,True,65
136,2025-06-12 05:57:27.406000,21,MR. GAME & WATCH,False,2,3,0,False,65
137,2025-06-12 06:01:32.623000,21,MR. GAME & WATCH,False,3,2,0,True,66
138,2025-06-12 06:01:32.730000,22,LITTLE MAC,False,2,3,0,False,66
139,2025-06-12 06:05:58.636000,21,MR. GAME & WATCH,False,3,2,0,True,67
140,2025-06-12 06:05:58.759000,22,LITTLE MAC,False,2,3,0,False,67
141,2025-06-12 06:09:00.213000,21,MR. GAME & WATCH,False,2,1,0,True,68
142,2025-06-12 06:09:00.304000,22,LITTLE MAC,False,1,3,0,False,68
143,2025-06-12 22:45:34.236000,21,MR. GAME & WATCH,False,2,2,0,True,69
144,2025-06-12 22:45:34.354000,104,GANONDORF,False,2,3,0,False,69
145,2025-06-12 22:48:12.773000,21,MR. GAME & WATCH,False,1,3,0,False,70
146,2025-06-12 22:48:12.912000,104,GANONDORF,False,3,1,0,True,70
147,2025-06-12 22:51:50.638000,22,ENDERMAN,False,3,1,0,True,71
148,2025-06-12 22:51:50.745000,104,SAMUS,False,1,3,0,False,71
149,2025-06-12 23:10:51.187000,22,ENDERMAN,False,2,2,1,False,72
150,2025-06-12 23:10:51.310000,104,KING DEDEDE,False,2,2,0,True,72
151,2025-06-12 23:27:02.643000,39,DONKEY KONG,False,1,3,0,False,73
152,2025-06-12 23:27:02.750000,21,ZELDA,False,3,1,0,True,73
153,2025-06-12 23:28:49.503000,39,DONKEY KONG,False,3,0,0,True,74
154,2025-06-12 23:28:49.632000,21,ZELDA,False,0,3,0,False,74
155,2025-06-12 23:34:04.117000,39,DONKEY KONG,False,3,2,0,True,75
156,2025-06-12 23:34:04.218000,21,ZELDA,False,2,3,0,False,75
157,2025-06-12 23:37:31.726000,39,DONKEY KONG,False,2,3,0,False,76
158,2025-06-12 23:37:31.827000,21,ZELDA,False,3,2,0,True,76
159,2025-06-12 23:40:01.848000,39,DONKEY KONG,False,0,3,0,False,77
160,2025-06-12 23:40:01.979000,21,ZELDA,False,3,1,0,True,77
161,2025-06-12 23:43:22.657000,39,DONKEY KONG,False,3,1,0,True,78
162,2025-06-12 23:43:22.739000,21,ZELDA,False,1,3,0,False,78
163,2025-06-12 23:46:21.869000,39,DONKEY KONG,False,3,1,0,True,79
164,2025-06-12 23:46:22.010000,21,ZELDA,False,0,3,0,False,79
165,2025-06-12 23:50:03.758000,39,DONKEY KONG,False,1,3,0,False,80
166,2025-06-12 23:50:03.903000,104,ZELDA,False,3,1,0,True,80
167,2025-06-12 23:56:44.786000,21,ZELDA,False,0,3,0,False,81
168,2025-06-12 23:56:45.067000,104,ZELDA,False,3,0,0,True,81
169,2025-06-13 00:00:24.684000,21,MR. GAME & WATCH,False,3,2,0,True,82
170,2025-06-13 00:00:24.838000,104,ZELDA,False,2,3,0,False,82
171,2025-06-13 00:03:23.182000,104,ZELDA,False,3,1,0,True,83
172,2025-06-13 00:03:23.363000,21,MR. GAME & WATCH,False,1,3,0,False,83
173,2025-06-13 00:06:45.190000,104,ZELDA,False,3,2,0,True,84
174,2025-06-13 00:06:45.285000,21,MR. GAME & WATCH,False,2,3,0,False,84
175,2025-06-13 00:10:01.063000,104,ZELDA,False,3,2,0,True,85
176,2025-06-13 00:10:01.184000,21,MR. GAME & WATCH,False,2,3,0,False,85
177,2025-06-13 00:13:42.257000,104,ZELDA,False,3,1,0,True,86
178,2025-06-13 00:13:42.362000,21,MR. GAME & WATCH,False,1,3,0,False,86
179,2025-06-13 00:17:32.536000,21,MR. GAME & WATCH,False,3,2,0,True,87
180,2025-06-13 00:17:32.606000,104,ZELDA,False,2,3,0,False,87
181,2025-06-13 00:20:37.518000,104,ZELDA,False,3,1,0,True,88
182,2025-06-13 00:20:37.622000,21,MR. GAME & WATCH,False,1,3,0,False,88
183,2025-06-13 00:24:45.517000,21,MR. GAME & WATCH,False,1,3,0,False,89
184,2025-06-13 00:24:45.619000,104,ZELDA,False,3,1,0,True,89
185,2025-06-14 23:43:34.093000,21,MR. GAME & WATCH,False,3,1,0,True,90
186,2025-06-14 23:43:34.201000,187,SONIC,False,1,3,0,False,90
187,2025-06-14 23:51:28.665000,21,SONIC,False,3,2,0,True,91
188,2025-06-14 23:51:28.770000,187,MIN MIN,False,2,3,0,False,91
189,2025-07-01 15:26:56.762000,190,WII FIT TRAINER,False,0,0,0,True,92
190,2025-07-01 15:26:56.879000,35,SHEIK,False,0,0,3,False,92
191,2025-07-01 15:26:56.974000,77,DUCK HUNT,False,0,0,3,False,92
192,2025-07-02 01:52:04.675000,190,LUCINA,False,2,2,0,True,93
193,2025-07-02 01:52:04.827000,104,SAMUS,False,2,2,0,False,93
194,2025-07-02 02:00:24.648000,190,CLOUD,False,1,3,0,False,94
195,2025-07-02 02:00:24.742000,104,ZELDA,False,3,1,0,True,94
196,2025-07-02 02:03:09.698000,190,LUCINA,False,1,3,0,False,95
197,2025-07-02 02:03:09.776000,104,ZELDA,False,3,1,0,True,95
198,2025-07-02 02:05:22.626000,190,LUCINA,False,1,3,0,False,96
199,2025-07-02 02:05:22.745000,104,ZELDA,False,3,1,0,True,96
200,2025-07-02 02:10:50.688000,190,LUCINA,False,3,3,0,False,97
201,2025-07-02 02:10:50.777000,104,ZELDA,False,3,2,0,True,97
202,2025-07-02 06:54:59.387000,21,MR. GAME & WATCH,False,3,2,0,True,98
203,2025-07-02 06:54:59.485000,39,DONKEY KONG,False,0,3,0,False,98
204,2025-07-02 07:00:25.984000,39,DONKEY KONG,False,2,3,0,False,99
205,2025-07-02 07:00:26.091000,21,MR. GAME & WATCH,False,3,2,0,True,99
206,2025-07-02 08:19:54.343000,21,ZELDA,False,1,2,0,False,100
207,2025-07-02 08:19:54.424000,190,BYLETH,False,1,1,0,True,100
208,2025-07-02 08:19:54.513000,23,SAMUS,False,0,2,1,False,100
209,2025-07-02 08:19:54.595000,39,DONKEY KONG,False,2,2,0,True,100
210,2025-07-02 08:23:21.687000,21,ZELDA,False,2,2,0,False,101
211,2025-07-02 08:23:21.763000,190,BYLETH,False,4,1,0,True,101
212,2025-07-02 08:23:21.828000,23,SAMUS,False,0,1,1,True,101
213,2025-07-02 08:23:21.905000,39,DONKEY KONG,False,0,2,0,False,101
214,2025-07-02 08:27:45.858000,21,MR. GAME & WATCH,False,3,2,0,True,102
215,2025-07-02 08:27:45.967000,190,BYLETH,False,0,4,0,False,102
216,2025-07-02 08:27:46.081000,23,SAMUS,False,4,2,0,False,102
217,2025-07-02 08:27:46.189000,39,DONKEY KONG,False,3,2,0,True,102
218,2025-07-02 08:40:06.356000,21,SONIC,False,2,2,0,False,103
219,2025-07-02 08:40:06.482000,190,CLOUD,False,2,2,0,True,103
230,2025-07-03 06:58:04.504000,21,MR. GAME & WATCH,False,0,2,0,False,111
231,2025-07-03 06:58:04.658000,22,ENDERMAN,False,3,2,0,True,111
232,2025-07-03 07:03:04.904000,21,MR. GAME & WATCH,False,2,3,0,False,112
233,2025-07-03 07:03:05.123000,22,LITTLE MAC,False,3,2,0,True,112
234,2025-07-03 07:07:20.691000,21,MR. GAME & WATCH,False,0,0,0,False,113
235,2025-07-03 07:07:20.834000,22,LITTLE MAC,False,0,0,0,True,113
236,2025-07-03 07:12:41.558000,21,ZELDA,False,2,3,0,False,114
237,2025-07-03 07:12:41.657000,22,ENDERMAN,False,3,2,0,True,114
238,2025-07-03 07:15:38.687000,21,ZELDA,False,3,3,0,True,115
239,2025-07-03 07:15:38.764000,22,ENDERMAN,False,1,3,0,False,115
240,2025-07-03 07:22:09.786000,23,SAMUS,False,1,3,0,False,116
241,2025-07-03 07:22:09.852000,21,ZELDA,False,4,2,0,True,116
242,2025-07-03 07:22:09.917000,22,LITTLE MAC,False,3,3,0,False,116
292,2025-07-05 02:30:17.584000,21,MR. GAME & WATCH,False,2,1,0,True,135
220,2025-07-02 08:40:06.830000,21,MR. GAME & WATCH,False,3,2,0,True,104
221,2025-07-02 08:40:06.931000,190,LUCINA,False,2,3,0,False,104
253,2025-07-04 00:28:54.421000,190,LUCINA,False,3,1,0,True,121
254,2025-07-05 01:08:00.457000,255,KING K. ROOL,False,2,2,0,True,122
255,2025-07-05 01:08:00.560000,21,ZELDA,False,4,2,1,False,122
256,2025-07-05 01:08:00.628000,22,STEVE,False,0,3,0,False,122
257,2025-07-05 01:46:32.223000,21,MR. GAME & WATCH,False,3,3,0,False,123
258,2025-07-05 01:46:32.318000,255,KING K. ROOL,False,2,2,0,True,123
259,2025-07-05 01:46:32.422000,39,SORA,False,1,2,0,False,123
260,2025-07-05 01:50:53.181000,21,MR. GAME & WATCH,False,2,1,1,True,124
261,2025-07-05 01:50:53.272000,255,KING K. ROOL,False,0,1,0,True,124
262,2025-07-05 01:50:53.341000,39,DONKEY KONG,False,0,3,0,False,124
263,2025-07-05 01:59:17.432000,21,ZELDA,False,1,0,1,True,125
264,2025-07-05 01:59:17.522000,255,KING K. ROOL,False,0,0,0,False,125
265,2025-07-05 01:59:17.638000,39,DONKEY KONG,False,0,0,0,True,125
266,2025-07-05 02:02:25.955000,21,LINK,False,2,1,1,True,126
267,2025-07-05 02:02:26.051000,255,KING K. ROOL,False,2,2,0,False,126
268,2025-07-05 02:02:26.144000,39,LUCINA,False,1,1,0,True,126
269,2025-07-05 02:05:49.591000,21,MR. GAME & WATCH,False,1,1,0,True,127
270,2025-07-05 02:05:49.703000,255,KING K. ROOL,False,2,1,0,True,127
271,2025-07-05 02:05:49.797000,39,LUCINA,False,2,3,0,False,127
272,2025-07-05 02:10:07.679000,21,ZELDA,False,2,3,0,False,128
273,2025-07-05 02:10:07.768000,255,KING K. ROOL,False,0,1,0,True,128
274,2025-07-05 02:10:07.840000,39,DONKEY KONG,False,2,1,0,True,128
275,2025-07-05 02:12:29.536000,21,ZELDA,False,0,0,0,True,129
276,2025-07-05 02:12:29.641000,255,KING K. ROOL,False,0,0,0,False,129
277,2025-07-05 02:12:29.734000,39,DONKEY KONG,False,0,0,0,True,129
278,2025-07-05 02:16:03.549000,21,ZELDA,False,2,1,1,True,130
279,2025-07-05 02:16:03.659000,255,KING K. ROOL,False,1,1,0,True,130
280,2025-07-05 02:16:03.761000,39,DONKEY KONG,False,1,3,0,False,130
2743,2025-08-22 06:20:02.310000,39,DONKEY KONG,False,0,0,0,True,1242
2744,2025-08-22 06:20:02.525000,21,MR. GAME & WATCH,False,2,3,0,False,1242
283,2025-07-05 02:21:53.532000,21,MR. GAME & WATCH,False,0,0,0,True,132
284,2025-07-05 02:21:53.703000,255,KING K. ROOL,False,1,3,0,False,132
285,2025-07-05 02:21:53.804000,39,DONKEY KONG,False,2,0,0,True,132
286,2025-07-05 02:24:12.336000,21,MR. GAME & WATCH,False,1,0,0,True,133
287,2025-07-05 02:24:12.514000,255,KING K. ROOL,False,2,0,0,True,133
288,2025-07-05 02:24:12.697000,39,DONKEY KONG,False,0,2,0,False,133
289,2025-07-05 02:27:37.378000,21,ZELDA,False,0,2,0,False,134
290,2025-07-05 02:27:37.497000,255,KING K. ROOL,False,2,0,0,True,134
291,2025-07-05 02:27:37.606000,39,DONKEY KONG,False,0,0,0,True,134
293,2025-07-05 02:30:17.690000,255,KING K. ROOL,False,2,3,0,False,135
294,2025-07-05 02:30:17.802000,39,DONKEY KONG,False,1,1,0,True,135
295,2025-07-05 02:33:41.512000,21,ZELDA,False,2,1,0,True,136
296,2025-07-05 02:33:41.633000,255,KING K. ROOL,False,0,2,0,True,136
297,2025-07-05 02:33:41.762000,39,DONKEY KONG,False,3,3,0,False,136
298,2025-07-05 02:38:03.614000,21,MR. GAME & WATCH,False,2,2,0,False,137
299,2025-07-05 02:38:03.725000,255,KING K. ROOL,False,1,1,0,True,137
300,2025-07-05 02:38:03.820000,39,DONKEY KONG,False,2,1,0,True,137
301,2025-07-05 02:40:43.223000,39,DONKEY KONG,False,2,0,1,True,138
302,2025-07-05 02:43:00.365000,21,ZELDA,False,2,0,0,True,139
303,2025-07-05 02:43:00.470000,255,KING K. ROOL,False,1,0,0,True,139
304,2025-07-05 02:43:00.562000,39,DONKEY KONG,False,0,3,0,False,139
305,2025-07-05 02:46:37.700000,21,ZELDA,False,3,3,0,False,140
306,2025-07-05 02:46:37.785000,255,KING K. ROOL,False,0,1,0,True,140
307,2025-07-05 02:46:37.862000,39,LUCINA,False,0,2,3,True,140
308,2025-07-05 02:49:47.573000,21,ZELDA,False,1,1,0,True,141
309,2025-07-05 02:49:47.638000,255,KING K. ROOL,False,2,2,0,False,141
310,2025-07-05 02:49:47.714000,39,LUCINA,False,2,0,1,True,141
311,2025-07-05 02:56:12.619000,21,MR. GAME & WATCH,False,2,3,0,False,142
312,2025-07-05 02:56:12.745000,39,DONKEY KONG,False,3,2,0,True,142
313,2025-07-05 03:02:40.562000,21,MR. GAME & WATCH,False,2,3,0,False,143
314,2025-07-05 03:02:40.672000,39,DONKEY KONG,False,3,2,0,True,143
316,2025-07-06 01:04:44.159000,21,ZELDA,False,3,2,0,True,145
317,2025-07-06 01:04:44.264000,39,DONKEY KONG,False,2,3,0,False,145
318,2025-07-06 01:07:14.317000,21,ZELDA,False,3,2,0,True,146
319,2025-07-06 01:07:14.454000,39,DONKEY KONG,False,2,3,0,False,146
320,2025-07-06 05:58:34.051000,21,MR. GAME & WATCH,False,2,3,0,False,147
321,2025-07-06 05:58:34.154000,39,DONKEY KONG,False,3,2,0,True,147
322,2025-07-06 06:01:30.727000,21,MR. GAME & WATCH,False,1,3,0,False,148
323,2025-07-06 06:01:30.850000,39,DONKEY KONG,False,3,1,0,True,148
324,2025-07-06 06:05:49.468000,21,MR. GAME & WATCH,False,1,3,0,False,149
325,2025-07-06 06:05:49.603000,39,DONKEY KONG,False,3,1,0,True,149
326,2025-07-06 06:10:19.617000,21,ZELDA,False,3,2,0,True,150
327,2025-07-06 06:10:19.729000,39,DONKEY KONG,False,2,3,0,False,150
328,2025-07-06 06:13:50.873000,39,DONKEY KONG,False,3,1,0,True,151
334,2025-07-06 23:36:23.956000,190,BYLETH,False,1,3,0,False,155
335,2025-07-06 23:36:24.047000,39,DONKEY KONG,False,3,1,0,True,155
336,2025-07-06 23:45:28.623000,190,CAPTAIN FALCON,False,3,0,0,True,156
337,2025-07-06 23:45:28.723000,39,DONKEY KONG,False,0,3,0,False,156
338,2025-07-06 23:49:14.916000,190,CAPTAIN FALCON,False,2,2,0,False,157
339,2025-07-06 23:49:14.999000,39,DONKEY KONG,False,2,2,0,True,157
349,2025-07-07 23:25:10.567000,104,ZELDA,False,0,3,0,False,163
350,2025-07-07 23:25:10.689000,38,JOKER,False,3,0,0,True,163
351,2025-07-07 23:31:48.529000,38,LUCINA,False,3,2,0,True,164
352,2025-07-07 23:34:25.062000,104,ZELDA,False,0,3,0,False,165
353,2025-07-07 23:34:25.166000,38,BOWSER,False,3,0,0,True,165
354,2025-07-07 23:49:44.333000,104,SAMUS,False,0,0,0,True,166
355,2025-07-07 23:49:44.487000,38,JOKER,False,4,2,0,True,166
356,2025-07-07 23:49:44.564000,190,LUCINA,False,2,3,0,False,166
357,2025-07-07 23:49:44.672000,39,DONKEY KONG,False,0,1,0,False,166
358,2025-07-07 23:52:32.225000,104,KING DEDEDE,False,2,1,0,True,167
359,2025-07-07 23:52:32.349000,38,JOKER,False,0,1,1,True,167
360,2025-07-07 23:52:32.468000,190,LUCINA,False,1,1,0,False,167
361,2025-07-07 23:52:32.578000,39,DONKEY KONG,False,0,1,0,False,167
362,2025-07-07 23:55:27.781000,104,GANONDORF,False,4,2,1,True,168
363,2025-07-07 23:55:27.892000,38,GANONDORF,False,2,2,0,True,168
364,2025-07-07 23:55:28.009000,190,LUCINA,False,2,2,0,False,168
365,2025-07-07 23:55:28.130000,39,LUCINA,False,1,3,0,False,168
366,2025-07-08 00:00:22.174000,104,ZELDA,False,6,4,0,True,169
367,2025-07-08 00:00:22.322000,38,JOKER,False,4,3,0,False,169
368,2025-07-08 00:00:22.450000,190,LUCINA,False,0,1,0,True,169
369,2025-07-08 00:00:22.575000,39,DONKEY KONG,False,1,3,0,False,169
370,2025-07-08 00:04:51.040000,104,ZELDA,False,3,3,0,False,170
372,2025-07-08 00:04:51.258000,190,PALUTENA,False,2,3,0,False,170
373,2025-07-08 00:04:51.377000,39,DONKEY KONG,False,2,2,0,True,170
374,2025-07-08 04:20:06.896000,375,KIRBY,False,3,1,0,True,171
375,2025-07-08 04:20:07.027000,376,ROBIN,False,1,3,0,False,171
376,2025-07-08 04:29:28.093000,375,META KNIGHT,False,3,0,2,True,172
377,2025-07-08 04:29:28.211000,376,CLOUD,False,0,3,0,False,172
378,2025-07-08 04:38:13.902000,375,R.O.B.,False,3,2,0,True,173
379,2025-07-08 04:38:14.012000,376,DARK PIT,False,2,3,0,False,173
380,2025-07-08 04:59:02.082000,375,RYU,False,2,2,0,False,174
381,2025-07-08 04:59:02.176000,376,JOKER,False,3,2,0,True,174
382,2025-07-08 04:59:02.273000,39,KING DEDEDE,False,4,3,0,False,174
384,2025-07-08 06:22:14,104,ZELDA,False,1,3,0,False,162
348,2025-07-07 23:22:14.076000,38,JOKER,False,3,1,0,True,162
329,2025-07-06 13:13:50,21,ZELDA,False,1,3,0,False,151
385,2025-07-08 06:31:48,104,ZELDA,False,2,3,0,False,164
371,2025-07-08 00:04:51.148000,38,JOKER,False,3,2,0,True,170
386,2025-07-08 23:17:42.445000,38,JOKER,False,3,1,0,True,175
387,2025-07-08 23:17:42.598000,104,ZELDA,False,1,3,0,False,175
388,2025-07-08 23:22:20.424000,38,JOKER,False,3,2,0,True,176
389,2025-07-08 23:22:20.568000,104,SAMUS,False,2,3,0,False,176
391,2025-07-08 23:25:31.831000,190,LUCINA,False,2,3,0,False,177
392,2025-07-08 23:29:21.820000,38,WOLF,False,3,2,0,True,178
393,2025-07-08 23:29:21.981000,104,KING DEDEDE,False,2,3,0,False,178
390,2025-07-08 23:25:31.695000,38,DONKEY KONG,False,3,2,0,True,177
394,2025-07-11 06:25:47.065000,21,MR. GAME & WATCH,False,0,1,0,False,179
395,2025-07-11 06:25:47.242000,38,JOKER,False,1,0,0,True,179
396,2025-07-11 06:29:16.408000,21,ZELDA,False,0,0,0,False,180
397,2025-07-11 06:29:16.530000,38,JOKER,False,0,0,0,True,180
398,2025-07-11 06:38:12.931000,21,MR. GAME & WATCH,False,0,3,0,False,181
399,2025-07-11 06:38:13.085000,38,JOKER,False,3,1,0,True,181
400,2025-07-11 06:41:46.900000,21,MR. GAME & WATCH,False,1,3,0,False,182
401,2025-07-11 06:41:47.059000,38,JOKER,False,3,1,0,True,182
402,2025-07-11 06:46:17.190000,21,MR. GAME & WATCH,False,0,3,0,False,183
403,2025-07-11 06:46:17.308000,38,JOKER,False,3,1,0,True,183
404,2025-07-11 06:48:52.202000,21,ZELDA,False,0,3,0,False,184
405,2025-07-11 06:48:52.324000,38,JOKER,False,3,0,0,True,184
406,2025-07-12 11:11:41.603000,21,ZELDA,False,1,3,0,False,185
407,2025-07-12 11:11:41.718000,22,ENDERMAN,False,3,1,0,True,185
408,2025-07-12 11:16:13.683000,21,ZELDA,False,3,2,0,True,186
409,2025-07-12 11:16:13.786000,22,ENDERMAN,False,2,3,0,False,186
410,2025-07-12 11:20:16.544000,21,ZELDA,False,2,2,0,True,187
411,2025-07-12 11:20:16.652000,22,ENDERMAN,False,2,2,0,False,187
412,2025-07-12 11:24:46.122000,21,ZELDA,False,2,2,0,False,188
413,2025-07-12 11:24:46.227000,22,ZOMBIE,False,3,2,0,True,188
414,2025-07-12 11:29:10.016000,21,ZELDA,False,2,2,0,False,189
415,2025-07-12 11:29:10.116000,22,ENDERMAN,False,3,2,0,True,189
416,2025-07-12 11:34:24.225000,21,ZELDA,False,1,3,0,False,190
417,2025-07-12 11:34:24.334000,22,ENDERMAN,False,3,1,0,True,190
418,2025-07-12 11:40:56.563000,21,ZELDA,False,3,3,0,True,191
419,2025-07-12 11:40:56.653000,22,ENDERMAN,False,2,3,0,False,191
420,2025-07-12 11:45:30.288000,21,ZELDA,False,2,2,0,True,192
421,2025-07-12 11:45:30.360000,22,ENDERMAN,False,2,3,0,False,192
422,2025-07-12 11:48:44.231000,21,ZELDA,False,3,1,0,True,193
423,2025-07-12 11:48:44.308000,22,ENDERMAN,False,1,3,0,False,193
425,2025-07-12 11:52:20.390000,22,ZOMBIE,False,0,3,0,False,194
426,2025-07-12 11:55:52.974000,21,ZELDA,False,3,1,0,True,195
427,2025-07-12 11:55:53.078000,22,ENDERMAN,False,1,3,0,False,195
428,2025-07-12 12:02:01.181000,21,ZELDA,False,2,3,0,False,196
429,2025-07-12 12:02:01.286000,22,STEVE,False,3,2,0,True,196
430,2025-07-12 12:05:13.703000,21,ZELDA,False,3,1,0,True,197
431,2025-07-12 12:05:13.796000,22,ENDERMAN,False,0,3,0,False,197
432,2025-07-12 12:11:17.571000,21,ZELDA,False,3,2,0,True,198
433,2025-07-12 12:11:17.667000,22,ALEX,False,2,3,0,False,198
434,2025-07-12 12:14:31.313000,21,ZELDA,False,2,1,0,True,199
435,2025-07-12 12:14:31.402000,22,ENDERMAN,False,1,2,0,False,199
436,2025-07-12 12:18:44.457000,21,ZELDA,False,3,1,0,True,200
437,2025-07-12 12:18:44.547000,22,ZOMBIE,False,1,3,0,False,200
424,2025-07-12 11:52:20.320000,21,ZELDA,False,2,0,0,True,194
438,2025-07-15 08:03:49.942000,21,ZELDA,False,3,2,0,True,201
439,2025-07-15 08:03:50.040000,39,DONKEY KONG,False,2,3,0,False,201
441,2025-07-15 08:51:36.993000,21,MR. GAME & WATCH,False,3,1,0,True,202
440,2025-07-15 08:51:36.852000,39,DONKEY KONG,False,0,3,0,False,202
442,2025-07-15 08:57:57.357000,21,MR. GAME & WATCH,False,3,2,0,True,203
443,2025-07-15 08:57:57.453000,38,JOKER,False,2,3,0,False,203
444,2025-07-15 09:01:04.239000,21,ZELDA,False,1,3,0,False,204
445,2025-07-15 09:01:04.327000,38,LUCINA,False,3,1,0,True,204
446,2025-07-15 09:05:16.879000,21,MR. GAME & WATCH,False,0,3,0,False,205
447,2025-07-15 09:05:17.018000,38,LUCINA,False,3,0,0,True,205
1266,2025-08-01 06:29:20.861000,21,LUCINA,False,3,2,0,True,595
1267,2025-08-01 06:29:20.972000,22,LUCINA,False,2,3,0,False,595
1286,2025-08-01 07:13:40.803000,22,ENDERMAN,False,2,2,0,True,606
1287,2025-08-01 07:13:40.909000,21,MR. GAME & WATCH,False,2,2,0,False,606
2745,2025-08-22 06:23:43.945000,39,DONKEY KONG,False,0,0,0,True,1243
1305,2025-08-01 07:49:42.888000,22,ENDERMAN,False,3,2,0,True,615
1318,2025-08-01 08:18:12.011000,21,MR. GAME & WATCH,False,3,0,0,True,622
1327,2025-08-01 08:38:17.660000,22,ENDERMAN,False,3,2,0,True,627
1328,2025-08-01 08:38:17.758000,21,ZELDA,False,2,3,0,False,627
2746,2025-08-22 06:23:44.072000,21,MR. GAME & WATCH,False,2,3,0,False,1243
2784,2025-08-23 01:41:47.741000,22,ENDERMAN,False,0,2,0,False,1257
1344,2025-08-04 03:20:44.846000,39,DONKEY KONG,False,0,3,0,False,636
1352,2025-08-04 22:55:52.447000,77,JOKER,False,0,3,0,False,640
1353,2025-08-04 22:55:52.683000,38,BOWSER,False,3,0,0,True,640
1361,2025-08-04 23:15:10.060000,77,JOKER,False,2,3,0,False,644
1362,2025-08-04 23:15:10.173000,452,FOX,False,1,3,0,True,644
1363,2025-08-04 23:15:10.302000,190,LUCINA,False,3,1,0,True,644
1364,2025-08-04 23:15:10.429000,38,RIDLEY,False,2,3,0,False,644
1371,2025-08-05 03:27:54.334000,21,ZELDA,False,2,0,0,True,648
1377,2025-08-05 03:39:18.057000,77,JOKER,False,1,3,0,False,652
1378,2025-08-05 03:39:18.214000,21,GANONDORF,False,3,1,0,True,652
2808,2025-08-23 02:32:29.683000,255,KING K. ROOL,False,3,1,0,True,1268
2809,2025-08-23 02:32:29.794000,77,JOKER,False,1,3,0,False,1268
2825,2025-08-23 03:09:33.522000,22,BYLETH,False,0,0,0,True,1275
2832,2025-08-23 05:52:44.460000,22,ENDERMAN,False,2,3,0,False,1279
1401,2025-08-05 04:35:48.020000,74,MARIO,False,2,2,0,False,664
1402,2025-08-05 04:35:48.179000,22,LUCINA,False,2,2,0,True,664
2833,2025-08-23 05:52:44.670000,21,ZELDA,False,3,2,0,True,1279
2838,2025-08-23 06:06:52.257000,22,ENDERMAN,False,0,3,0,False,1282
2839,2025-08-23 06:06:52.375000,21,MR. GAME & WATCH,False,3,2,0,True,1282
1417,2025-08-05 05:15:14.509000,74,MARIO,False,0,3,1,False,672
1418,2025-08-05 05:15:14.623000,38,JOKER,False,5,2,0,True,672
1439,2025-08-05 17:33:54.809000,21,MR. GAME & WATCH,False,3,2,0,True,684
1446,2025-08-05 18:51:31.679000,39,DONKEY KONG,False,1,3,0,False,688
1447,2025-08-05 18:51:31.810000,21,MR. GAME & WATCH,False,3,1,0,True,688
1454,2025-08-05 19:24:15.149000,21,MR. GAME & WATCH,False,2,3,0,False,692
1455,2025-08-05 19:24:15.247000,190,LUCINA,False,3,2,0,True,692
1462,2025-08-05 19:46:16.116000,21,MR. GAME & WATCH,False,0,3,0,False,696
1463,2025-08-05 19:46:16.259000,190,CLOUD,False,3,0,0,True,696
1470,2025-08-06 00:48:20.832000,39,DONKEY KONG,False,2,3,0,False,700
1471,2025-08-06 00:48:20.977000,104,SAMUS,False,3,2,0,True,700
1476,2025-08-06 01:12:30.042000,54,JOKER,False,2,3,0,False,703
1477,2025-08-06 01:12:30.131000,104,ZELDA,False,3,2,0,True,703
1483,2025-08-06 01:42:12.593000,54,INCINEROAR,False,2,3,0,False,706
1488,2025-08-06 01:53:18.114000,54,DONKEY KONG,False,3,2,0,True,709
1493,2025-08-06 17:57:55.038000,54,JOKER,False,3,2,0,True,712
1494,2025-08-06 17:57:55.222000,21,MR. GAME & WATCH,False,2,3,0,False,712
1499,2025-08-06 20:41:28.661000,21,MR. GAME & WATCH,False,3,2,0,True,715
1500,2025-08-06 20:41:28.787000,39,DONKEY KONG,False,2,3,0,False,715
1515,2025-08-06 22:56:33.699000,21,MR. GAME & WATCH,False,2,0,0,True,724
1516,2025-08-06 22:56:33.808000,39,DONKEY KONG,False,0,3,0,False,724
1520,2025-08-07 01:12:26.645000,104,GANONDORF,False,4,2,0,True,727
1521,2025-08-07 01:12:26.811000,39,MYTHRA,False,3,2,1,False,727
1538,2025-08-07 01:38:29.050000,104,GANONDORF,False,7,1,0,True,733
1539,2025-08-07 01:38:29.159000,376,CLOUD,False,0,3,2,False,733
1540,2025-08-07 01:38:29.246000,1473,CORRIN,False,0,3,0,False,733
1541,2025-08-07 01:38:29.348000,77,JOKER,False,0,3,0,False,733
1345,2025-08-04 03:20:44.955000,190,LUCINA,False,3,0,0,True,636
1482,2025-08-06 01:42:12.481000,104,SAMUS,False,3,2,0,True,706
1530,2025-08-07 01:24:49.676000,77,JOKER,False,2,3,1,False,730
1505,2025-08-06 22:07:10.522000,190,LUCINA,False,3,1,0,True,718
1506,2025-08-06 22:07:10.706000,21,MR. GAME & WATCH,False,1,3,0,False,718
1432,2025-08-05 17:17:19.221000,21,MR. GAME & WATCH,False,3,1,0,True,680
1433,2025-08-05 17:17:19.383000,104,ZELDA,False,1,3,0,False,680
1529,2025-08-07 01:24:49.564000,104,KING DEDEDE,False,5,2,2,True,730
1510,2025-08-06 22:40:15.096000,452,CLOUD,False,1,3,0,False,721
1511,2025-08-06 22:40:15.202000,39,DONKEY KONG,False,3,1,0,True,721
2747,2025-08-22 06:38:41.663000,39,DONKEY KONG,False,2,3,0,False,1244
1269,2025-08-01 06:33:03.207000,22,LUCINA,False,2,3,0,False,596
2748,2025-08-22 06:38:41.795000,21,ZELDA,False,3,2,0,True,1244
2785,2025-08-23 01:45:47.129000,2586,SEPHIROTH,False,3,1,0,True,1258
2786,2025-08-23 01:45:47.331000,22,ENDERMAN,False,1,3,0,False,1258
2810,2025-08-23 02:38:11.653000,23,SAMUS,False,1,3,0,False,1269
1319,2025-08-01 08:22:14.313000,21,MR. GAME & WATCH,False,3,1,0,True,623
1329,2025-08-01 08:40:46.625000,21,LUCINA,False,3,2,0,True,628
1330,2025-08-01 08:40:46.737000,22,CLOUD,False,2,3,0,False,628
1339,2025-08-03 19:06:59.571000,38,RIDLEY,False,3,0,0,True,633
1346,2025-08-04 22:49:59.469000,77,JOKER,False,0,0,0,False,637
1347,2025-08-04 22:49:59.686000,38,JOKER,False,0,0,0,True,637
1387,2025-08-05 04:06:38.831000,190,LUCINA,False,2,2,0,True,657
1388,2025-08-05 04:06:38.945000,22,ZOMBIE,False,2,2,0,False,657
1419,2025-08-05 05:19:29.621000,74,DARK PIT,False,3,1,0,True,673
1420,2025-08-05 05:19:29.712000,22,LITTLE MAC,False,0,3,0,False,673
1434,2025-08-05 17:20:26.761000,21,MR. GAME & WATCH,False,3,1,0,True,681
1448,2025-08-05 18:56:41.047000,21,MR. GAME & WATCH,False,3,2,0,True,689
1456,2025-08-05 19:32:51.686000,21,MR. GAME & WATCH,False,1,3,0,False,693
1464,2025-08-05 19:50:06.885000,21,ZELDA,False,2,3,0,False,697
1465,2025-08-05 19:50:06.997000,190,CLOUD,False,3,2,0,True,697
1502,2025-08-06 21:35:55.230000,21,MR. GAME & WATCH,False,2,3,0,False,716
1507,2025-08-06 22:11:59.198000,21,MR. GAME & WATCH,False,2,2,0,True,719
1512,2025-08-06 22:47:25.246000,39,DONKEY KONG,False,2,0,0,True,722
1522,2025-08-07 01:18:07.963000,104,MARIO,False,3,2,0,True,728
1523,2025-08-07 01:18:08.090000,1075,SONIC,False,3,3,0,False,728
1524,2025-08-07 01:18:08.198000,1473,LITTLE MAC,False,3,3,0,False,728
1525,2025-08-07 01:18:08.336000,77,JOKER,False,2,3,0,False,728
1531,2025-08-07 01:30:43.785000,104,ZELDA,False,8,2,0,True,731
1532,2025-08-07 01:30:43.951000,376,CLOUD,False,1,3,0,False,731
1533,2025-08-07 01:30:44.097000,1473,MYTHRA,False,1,2,1,False,731
1534,2025-08-07 01:30:44.267000,77,JOKER,False,0,3,0,False,731
1542,2025-08-07 01:44:21.861000,104,KING DEDEDE,False,8,9,0,True,734
1543,2025-08-07 01:44:21.943000,376,CLOUD,False,0,3,0,False,734
1544,2025-08-07 01:44:22.016000,77,JOKER,False,0,3,0,False,734
1549,2025-08-07 01:52:24.579000,104,KIRBY,False,6,3,0,False,736
1550,2025-08-07 01:52:24.670000,376,CLOUD,False,0,1,0,True,736
1551,2025-08-07 01:52:24.759000,1473,CORRIN,False,3,2,0,True,736
1552,2025-08-07 01:52:24.843000,77,JOKER,False,0,3,0,True,736
1556,2025-08-07 02:05:04.330000,104,VILLAGER,False,5,3,0,False,738
1557,2025-08-07 02:05:04.432000,376,DARK PIT,False,2,2,0,True,738
1558,2025-08-07 02:05:04.535000,77,JOKER,False,1,3,0,True,738
1564,2025-08-07 19:39:47.074000,190,CLOUD,False,1,2,0,False,742
1565,2025-08-07 19:39:47.199000,38,JOKER,False,2,1,0,True,742
1579,2025-08-07 20:22:12.317000,21,MR. GAME & WATCH,False,3,2,0,True,750
1590,2025-08-07 21:10:41.407000,190,LUCINA,False,2,3,0,False,756
1591,2025-08-07 21:10:41.546000,38,JOKER,False,3,2,0,True,756
1597,2025-08-07 21:20:42.395000,104,SAMUS,False,1,3,2,False,760
1598,2025-08-07 21:20:42.524000,38,JOKER,False,3,1,0,True,760
1354,2025-08-04 22:57:53.729000,77,JOKER,False,0,3,0,False,641
1355,2025-08-04 22:57:53.822000,38,JOKER,False,3,0,0,True,641
1372,2025-08-05 03:30:36.450000,21,ZELDA,False,0,0,0,True,649
1373,2025-08-05 03:30:36.559000,77,JOKER,False,0,0,0,False,649
1365,2025-08-05 03:19:17.439000,21,ZELDA,False,3,1,0,True,645
1403,2025-08-05 04:40:31.682000,74,MARIO,False,3,2,0,True,665
1395,2025-08-05 04:21:14.547000,190,LUCINA,False,2,3,0,False,661
1380,2025-08-05 03:49:48.310000,21,ZELDA,False,2,3,0,False,653
1440,2025-08-05 17:36:36.858000,104,ZELDA,False,3,1,0,True,685
1411,2025-08-05 05:02:15.179000,21,ZELDA,False,2,3,0,False,669
1412,2025-08-05 05:02:15.283000,74,MARIO,False,2,2,0,True,669
1435,2025-08-05 17:20:26.853000,104,ZELDA,False,1,3,0,False,681
1441,2025-08-05 17:36:36.977000,21,MR. GAME & WATCH,False,1,3,0,False,685
1449,2025-08-05 18:56:41.190000,39,DONKEY KONG,False,2,3,0,False,689
1457,2025-08-05 19:32:51.826000,190,CLOUD,False,3,1,0,True,693
1484,2025-08-06 01:46:16.274000,104,SAMUS,False,3,1,0,True,707
1473,2025-08-06 00:53:47.662000,104,KING DEDEDE,False,2,3,0,False,701
1472,2025-08-06 00:53:47.571000,39,DONKEY KONG,False,3,2,0,True,701
1485,2025-08-06 01:46:16.358000,54,JOKER,False,1,3,0,False,707
1501,2025-08-06 21:35:55.112000,38,FOX,False,3,2,0,True,716
1478,2025-08-06 01:16:50.813000,104,KING DEDEDE,False,3,0,0,True,704
1479,2025-08-06 01:16:50.910000,61,FALCO,False,0,3,0,False,704
1508,2025-08-06 22:11:59.323000,190,LUCINA,False,2,2,0,False,719
1496,2025-08-06 20:23:19.673000,39,DONKEY KONG,False,2,3,0,False,713
1561,2025-08-07 19:06:02.838000,190,LUCINA,False,3,1,0,True,740
1490,2025-08-06 01:57:59.743000,54,BANJO & KAZOOIE,False,2,3,0,False,710
1602,2025-08-07 21:26:07.017000,104,SAMUS,False,2,3,0,False,762
1489,2025-08-06 01:57:59.618000,104,ZELDA,False,3,2,0,True,710
1495,2025-08-06 20:23:19.496000,21,ZELDA,False,3,2,0,True,713
1568,2025-08-07 19:46:49.648000,190,LUCINA,False,3,2,0,True,744
1517,2025-08-06 23:01:44.977000,39,DONKEY KONG,False,1,3,0,False,725
1571,2025-08-07 19:51:20.521000,190,LUCINA,False,0,3,0,False,746
1572,2025-08-07 19:51:20.634000,38,JOKER,False,3,1,0,True,746
1576,2025-08-07 19:57:48.206000,38,JOKER,False,3,1,0,True,748
1575,2025-08-07 19:57:47.945000,190,LUCINA,False,1,3,0,False,748
1580,2025-08-07 20:22:12.428000,190,LUCINA,False,2,3,0,False,750
1594,2025-08-07 21:16:25.417000,38,JOKER,False,3,1,0,True,758
1601,2025-08-07 21:26:06.939000,38,JOKER,False,3,2,0,True,762
1587,2025-08-07 21:00:08.566000,190,LUCINA,False,3,2,0,True,754
1583,2025-08-07 20:39:20.888000,104,ZELDA,False,3,2,0,True,752
1584,2025-08-07 20:39:20.995000,190,LUCINA,False,2,3,0,False,752
1600,2025-08-07 21:23:02.066000,104,SAMUS,False,2,3,0,False,761
2749,2025-08-22 06:43:59.232000,39,DONKEY KONG,False,1,3,0,False,1245
2750,2025-08-22 06:43:59.375000,21,ZELDA,False,3,1,0,True,1245
1290,2025-08-01 07:22:44.248000,21,ZELDA,False,2,3,0,False,608
1291,2025-08-01 07:22:44.352000,22,ENDERMAN,False,3,2,0,True,608
2787,2025-08-23 01:50:41.730000,22,CLOUD,False,3,2,0,True,1259
2788,2025-08-23 01:50:41.824000,2586,BOWSER,False,2,3,0,False,1259
1321,2025-08-01 08:25:19.459000,21,MR. GAME & WATCH,False,2,3,0,False,624
1322,2025-08-01 08:25:19.567000,22,ZOMBIE,False,3,2,0,True,624
1331,2025-08-03 18:52:07.479000,38,JOKER,False,2,3,0,True,629
1332,2025-08-03 18:52:07.604000,77,JOKER,False,0,3,0,False,629
2789,2025-08-23 01:50:41.921000,255,KING K. ROOL,False,3,3,0,False,1259
2811,2025-08-23 02:38:11.780000,255,KING K. ROOL,False,6,2,0,True,1269
1348,2025-08-04 22:51:38.098000,77,JOKER,False,0,3,0,False,638
1349,2025-08-04 22:51:38.287000,38,JOKER,False,3,0,0,True,638
1356,2025-08-04 23:05:45.937000,77,POKÉMON TRAINER,False,3,3,0,False,642
1357,2025-08-04 23:05:46.071000,38,JOKER,False,3,1,0,True,642
1367,2025-08-05 03:22:22.068000,77,JOKER,False,0,3,0,False,646
1368,2025-08-05 03:22:22.197000,21,MR. GAME & WATCH,False,3,0,0,True,646
1374,2025-08-05 03:34:26.181000,77,JOKER,False,2,3,0,False,650
1381,2025-08-05 03:53:40.742000,190,LUCINA,False,3,-1,0,True,654
1382,2025-08-05 03:53:40.929000,21,ZELDA,False,1,3,0,False,654
2812,2025-08-23 02:38:11.888000,77,JOKER,False,1,3,0,False,1269
1398,2025-08-05 04:24:32.230000,22,ENDERMAN,False,2,2,0,False,662
1404,2025-08-05 04:44:18.416000,74,MARIO,False,2,3,0,False,666
1413,2025-08-05 05:05:09.694000,22,ENDERMAN,False,2,0,1,True,670
1414,2025-08-05 05:05:09.803000,74,MARIO,False,1,2,0,True,670
1415,2025-08-05 05:05:09.942000,38,JOKER,False,0,2,0,False,670
1421,2025-08-05 05:28:28.935000,74,LITTLE MAC,False,3,2,0,True,674
1442,2025-08-05 17:40:24.990000,21,MR. GAME & WATCH,False,3,2,0,True,686
1443,2025-08-05 17:40:25.071000,104,ZELDA,False,2,3,0,False,686
1450,2025-08-05 19:15:29.264000,21,MR. GAME & WATCH,False,2,3,0,False,690
1451,2025-08-05 19:15:29.379000,190,LUCINA,False,3,2,0,True,690
1458,2025-08-05 19:39:34.427000,21,MR. GAME & WATCH,False,2,3,0,False,694
1459,2025-08-05 19:39:34.562000,190,CLOUD,False,3,2,0,True,694
1466,2025-08-06 00:39:02.594000,39,DONKEY KONG,False,0,0,0,False,698
1467,2025-08-06 00:39:02.705000,104,ZELDA,False,0,0,0,True,698
1486,2025-08-06 01:50:28.827000,54,DONKEY KONG,False,3,2,0,True,708
1503,2025-08-06 21:45:06.217000,38,JOKER,False,3,1,0,True,717
1513,2025-08-06 22:49:36.674000,452,CLOUD,False,0,3,0,False,723
1514,2025-08-06 22:49:36.866000,39,DONKEY KONG,False,3,0,0,True,723
1518,2025-08-07 01:09:17.999000,104,KING DEDEDE,False,3,1,0,True,726
1519,2025-08-07 01:09:18.101000,1075,SONIC,False,1,3,0,False,726
1526,2025-08-07 01:21:15.027000,104,ZELDA,False,4,1,1,True,729
1527,2025-08-07 01:21:15.201000,1075,SONIC,False,2,2,1,False,729
1528,2025-08-07 01:21:15.321000,1473,PYRA,False,1,3,0,True,729
1536,2025-08-07 01:34:29.650000,1473,LITTLE MAC,False,0,2,0,True,732
1537,2025-08-07 01:34:29.730000,77,JOKER,False,2,2,0,True,732
1545,2025-08-07 01:47:34.628000,104,SAMUS,False,9,1,0,True,735
1546,2025-08-07 01:47:34.711000,376,CLOUD,False,1,3,0,False,735
1547,2025-08-07 01:47:34.799000,1473,LITTLE MAC,False,0,3,0,False,735
1548,2025-08-07 01:47:34.900000,77,JOKER,False,0,2,0,False,735
1553,2025-08-07 01:59:03.329000,104,KING K. ROOL,False,6,0,0,True,737
1554,2025-08-07 01:59:03.470000,376,DARK PIT,False,0,3,0,False,737
1555,2025-08-07 01:59:03.585000,77,JOKER,False,0,3,0,False,737
1559,2025-08-07 19:02:32.901000,38,JOKER,False,0,0,0,True,739
1560,2025-08-07 19:02:33.109000,190,LUCINA,False,0,0,0,False,739
1562,2025-08-07 19:08:43.812000,190,LUCINA,False,2,3,0,False,741
1563,2025-08-07 19:08:43.986000,38,JOKER,False,3,2,0,True,741
1581,2025-08-07 20:31:36.901000,190,LUCINA,False,2,3,0,False,751
1582,2025-08-07 20:31:36.999000,21,MR. GAME & WATCH,False,3,2,0,True,751
1589,2025-08-07 21:04:36.681000,104,KING DEDEDE,False,2,3,0,False,755
1592,2025-08-07 21:13:30.090000,104,ZELDA,False,0,3,0,False,757
1593,2025-08-07 21:13:30.198000,38,JOKER,False,3,0,0,True,757
1375,2025-08-05 03:34:26.297000,21,STEVE,False,3,2,0,True,650
1397,2025-08-05 04:24:32.073000,190,LUCINA,False,2,2,0,True,662
1405,2025-08-05 04:44:18.553000,22,LUCINA,False,3,2,0,True,666
1436,2025-08-05 17:24:56.088000,104,ZELDA,False,3,1,0,True,682
1437,2025-08-05 17:24:56.204000,21,MR. GAME & WATCH,False,1,3,0,False,682
1475,2025-08-06 01:02:43.526000,104,ZELDA,False,3,2,0,True,702
1504,2025-08-06 21:45:06.332000,21,MR. GAME & WATCH,False,1,3,0,False,717
1487,2025-08-06 01:50:28.961000,104,SAMUS,False,2,3,0,False,708
1509,2025-08-06 22:37:36.922000,54,DONKEY KONG,False,3,2,0,True,720
1474,2025-08-06 01:02:43.427000,39,DONKEY KONG,False,2,3,0,False,702
1535,2025-08-07 01:34:29.535000,376,CLOUD,False,0,1,1,True,732
1481,2025-08-06 01:20:55.100000,104,KING DEDEDE,False,2,3,0,False,705
1567,2025-08-07 19:41:33.346000,38,JOKER,False,3,1,0,True,743
1566,2025-08-07 19:41:33.201000,190,CLOUD,False,1,3,0,False,743
1491,2025-08-06 02:03:07.971000,104,ZELDA,False,3,2,0,True,711
1497,2025-08-06 20:30:49.679000,21,ZELDA,False,3,2,0,True,714
1492,2025-08-06 02:03:08.172000,54,DONKEY KONG,False,2,3,0,False,711
1570,2025-08-07 19:49:29.052000,38,JOKER,False,3,0,0,True,745
1498,2025-08-06 20:30:49.778000,39,DONKEY KONG,False,2,3,0,False,714
1569,2025-08-07 19:49:28.875000,190,LUCINA,False,2,3,0,False,745
1574,2025-08-07 19:54:14.010000,38,JOKER,False,3,1,0,True,747
1573,2025-08-07 19:54:13.853000,190,LUCINA,False,1,3,0,False,747
1578,2025-08-07 20:06:11.028000,38,JOKER,False,3,1,0,True,749
1577,2025-08-07 20:06:10.930000,190,LUCINA,False,1,3,0,False,749
1588,2025-08-07 21:04:36.581000,190,LUCINA,False,3,2,0,True,755
1599,2025-08-07 21:23:01.962000,38,JOKER,False,3,2,0,True,761
1586,2025-08-07 20:54:04.062000,104,ZELDA,False,1,3,0,False,753
1596,2025-08-07 21:19:10.367000,104,KING DEDEDE,False,1,3,0,False,759
448,2025-07-16 02:25:34.468000,39,DONKEY KONG,False,3,2,0,True,206
1272,2025-08-01 06:40:53.263000,21,LUCINA,False,3,1,0,True,598
1273,2025-08-01 06:40:53.382000,22,LUCINA,False,1,3,0,False,598
1292,2025-08-01 07:26:51.714000,21,ZELDA,False,2,3,0,False,609
452,2025-07-16 02:52:05.791000,39,DONKEY KONG,False,2,2,1,False,208
453,2025-07-16 02:52:05.875000,104,GANONDORF,False,2,3,0,False,208
454,2025-07-16 02:52:05.954000,452,STEVE,False,0,1,0,True,208
455,2025-07-16 02:55:46.573000,39,DONKEY KONG,False,2,2,1,False,209
456,2025-07-16 02:55:46.683000,104,GANONDORF,False,4,2,0,True,209
457,2025-07-16 02:55:46.783000,452,JIGGLYPUFF,False,1,3,0,False,209
458,2025-07-16 02:59:49.751000,104,ZELDA,False,6,2,0,True,210
459,2025-07-16 03:08:07.315000,39,DONKEY KONG,False,4,2,0,True,211
460,2025-07-16 03:08:07.413000,104,SEPHIROTH,False,2,3,0,False,211
461,2025-07-16 03:08:07.515000,452,SNAKE,False,2,3,0,False,211
462,2025-07-16 03:12:28.841000,39,DONKEY KONG,False,1,3,0,False,212
463,2025-07-16 03:12:28.962000,104,KING DEDEDE,False,6,1,0,True,212
464,2025-07-16 03:12:29.093000,452,NESS,False,0,3,0,False,212
465,2025-07-16 03:18:15.787000,452,KING K. ROOL,False,2,3,0,True,213
1293,2025-08-01 07:26:51.808000,22,ENDERMAN,False,3,2,0,True,609
467,2025-07-16 03:18:16.044000,104,BYLETH,False,1,4,0,False,213
1310,2025-08-01 08:01:43.361000,21,ZELDA,False,0,0,0,True,618
1311,2025-08-01 08:01:43.475000,22,ENDERMAN,False,0,0,0,False,618
504,2025-07-16 19:55:51.128000,22,ENDERMAN,False,2,3,0,False,233
505,2025-07-16 19:55:51.243000,21,ZELDA,False,3,2,0,True,233
506,2025-07-16 20:04:44.125000,22,ENDERMAN,False,2,3,0,False,234
507,2025-07-16 20:04:44.240000,21,ZELDA,False,3,2,0,True,234
508,2025-07-16 20:19:49.814000,22,ENDERMAN,False,2,3,0,False,235
509,2025-07-16 20:19:49.906000,21,ZELDA,False,3,2,0,True,235
510,2025-07-16 20:21:09.585000,22,ZOMBIE,False,2,2,0,False,236
511,2025-07-16 20:21:09.694000,21,ZELDA,False,2,2,0,True,236
512,2025-07-16 20:22:51.921000,22,ZOMBIE,False,3,2,0,True,237
513,2025-07-16 20:22:52.042000,21,ZELDA,False,2,3,0,False,237
514,2025-07-16 20:24:40.966000,22,ZOMBIE,False,2,3,0,False,238
515,2025-07-16 20:24:41.079000,21,ZELDA,False,3,2,0,True,238
516,2025-07-16 20:26:11.003000,22,ZOMBIE,False,2,3,0,False,239
517,2025-07-16 20:26:11.103000,21,ZELDA,False,3,2,0,True,239
518,2025-07-16 20:27:29.541000,22,ENDERMAN,False,3,2,0,True,240
519,2025-07-16 20:27:29.630000,21,MR. GAME & WATCH,False,2,3,0,False,240
520,2025-07-16 20:28:45.384000,22,ZOMBIE,False,3,2,0,True,241
521,2025-07-16 20:28:45.593000,21,MR. GAME & WATCH,False,2,3,0,False,241
522,2025-07-16 20:30:26.026000,22,ZOMBIE,False,3,2,0,True,242
523,2025-07-16 20:30:26.159000,21,MR. GAME & WATCH,False,2,3,0,False,242
524,2025-07-16 20:32:27.906000,22,ZOMBIE,False,3,2,0,True,243
525,2025-07-16 20:32:28.012000,21,MR. GAME & WATCH,False,2,3,0,False,243
526,2025-07-16 20:33:20.329000,22,ZOMBIE,False,0,3,0,False,244
527,2025-07-16 20:33:20.453000,21,ZELDA,False,2,0,0,True,244
528,2025-07-16 20:34:48.765000,22,ENDERMAN,False,3,2,0,True,245
529,2025-07-16 20:34:48.844000,21,ZELDA,False,2,3,0,False,245
530,2025-07-16 20:36:21.566000,22,ZOMBIE,False,1,3,0,False,246
531,2025-07-16 20:36:21.656000,21,ZELDA,False,3,1,0,True,246
532,2025-07-16 20:37:50.939000,22,ZOMBIE,False,0,3,0,False,247
533,2025-07-16 20:37:51.070000,21,ZELDA,False,3,-1,0,True,247
534,2025-07-16 20:39:11.662000,22,ZOMBIE,False,3,2,0,True,248
535,2025-07-16 20:39:11.769000,21,ZELDA,False,2,3,0,False,248
536,2025-07-16 20:40:22.453000,22,ZOMBIE,False,3,2,0,True,249
537,2025-07-16 20:40:22.555000,21,ZELDA,False,2,3,0,False,249
538,2025-07-16 20:42:06.243000,22,ZOMBIE,False,2,3,0,False,250
539,2025-07-16 20:42:06.370000,21,ZELDA,False,3,2,0,True,250
540,2025-07-16 20:43:59.013000,22,ENDERMAN,False,3,2,0,True,251
541,2025-07-16 20:43:59.119000,21,ZELDA,False,2,3,0,False,251
542,2025-07-16 20:45:41.121000,22,ZOMBIE,False,1,3,0,False,252
543,2025-07-16 20:45:41.211000,21,ZELDA,False,3,1,0,True,252
544,2025-07-16 20:47:32.021000,22,ZOMBIE,False,3,2,0,True,253
545,2025-07-16 20:47:32.131000,21,ZELDA,False,2,3,0,False,253
546,2025-07-16 20:49:09.689000,22,ZOMBIE,False,3,2,0,True,254
547,2025-07-16 20:49:09.805000,21,ZELDA,False,2,3,0,False,254
548,2025-07-16 20:50:43.735000,22,ZOMBIE,False,2,3,0,False,255
549,2025-07-16 20:50:43.947000,21,ZELDA,False,3,2,0,True,255
550,2025-07-16 20:52:04.823000,22,ZOMBIE,False,3,2,0,True,256
551,2025-07-16 20:52:04.949000,21,ZELDA,False,2,3,0,False,256
552,2025-07-16 20:53:36.056000,22,ZOMBIE,False,1,3,0,False,257
553,2025-07-16 20:53:36.152000,21,ZELDA,False,3,1,0,True,257
554,2025-07-16 20:55:04.260000,22,ENDERMAN,False,3,2,0,True,258
555,2025-07-16 20:55:04.350000,21,ZELDA,False,2,3,0,False,258
556,2025-07-16 20:56:07.964000,22,ENDERMAN,False,1,3,0,False,259
557,2025-07-16 20:56:08.087000,21,ZELDA,False,2,1,0,True,259
558,2025-07-16 20:57:33.225000,22,ENDERMAN,False,0,3,0,False,260
559,2025-07-16 20:57:33.330000,21,ZELDA,False,3,-1,0,True,260
560,2025-07-16 20:59:34.973000,22,ZOMBIE,False,3,2,0,True,261
561,2025-07-16 20:59:35.060000,21,ZELDA,False,2,3,0,False,261
562,2025-07-16 21:01:42.173000,22,ZOMBIE,False,3,1,0,True,262
563,2025-07-16 21:01:42.252000,21,ZELDA,False,1,3,0,False,262
566,2025-07-16 22:20:22.833000,104,ZELDA,False,3,1,0,True,264
567,2025-07-16 22:20:22.938000,39,DONKEY KONG,False,1,3,0,False,264
568,2025-07-16 22:31:54.157000,39,DONKEY KONG,False,3,2,0,True,265
569,2025-07-16 22:36:23.366000,104,ZELDA,False,2,3,0,False,266
570,2025-07-16 22:36:23.506000,39,DONKEY KONG,False,3,2,0,True,266
571,2025-07-16 22:41:00.393000,104,ZELDA,False,2,3,0,False,267
572,2025-07-16 22:41:00.487000,39,DONKEY KONG,False,3,2,0,True,267
573,2025-07-16 22:44:39.308000,39,DONKEY KONG,False,3,3,0,True,268
574,2025-07-16 22:50:39.112000,104,ZELDA,False,3,2,0,True,269
565,2025-07-16 22:08:37.828000,39,DONKEY KONG,False,0,0,0,False,263
575,2025-07-16 22:50:39.217000,39,DONKEY KONG,False,2,3,0,False,269
576,2025-07-16 22:54:12.487000,104,ZELDA,False,2,3,0,False,270
577,2025-07-16 22:54:12.624000,39,DONKEY KONG,False,3,2,0,True,270
578,2025-07-16 22:58:00.991000,104,ZELDA,False,3,0,0,True,271
579,2025-07-16 22:58:01.092000,39,DONKEY KONG,False,1,3,0,False,271
580,2025-07-17 04:47:06.233000,23,SAMUS,False,2,3,0,False,272
581,2025-07-17 04:47:06.365000,39,DONKEY KONG,False,3,2,0,True,272
582,2025-07-17 04:50:35.483000,23,SAMUS,False,1,3,0,False,273
583,2025-07-17 04:50:35.604000,39,DONKEY KONG,False,3,1,0,True,273
584,2025-07-17 04:52:30.600000,23,SAMUS,False,1,3,0,False,274
585,2025-07-17 04:52:30.713000,39,DONKEY KONG,False,3,1,0,True,274
586,2025-07-17 06:48:25.123000,23,SAMUS,False,2,1,0,True,275
587,2025-07-17 06:51:48.841000,39,DONKEY KONG,False,2,2,0,True,276
588,2025-07-17 06:51:48.939000,23,SAMUS,False,2,3,0,False,276
589,2025-07-18 21:11:01.652000,190,LUCINA,False,3,2,0,True,277
590,2025-07-18 21:11:01.835000,38,JOKER,False,2,3,0,False,277
593,2025-07-18 23:19:45.414000,104,ZELDA,False,3,2,0,True,279
594,2025-07-18 23:19:45.548000,21,MR. GAME & WATCH,False,2,3,0,False,279
597,2025-07-19 20:40:16.745000,190,CLOUD,False,0,2,0,True,281
598,2025-07-19 20:40:16.868000,21,MR. GAME & WATCH,False,2,3,0,False,281
599,2025-07-19 20:45:11.123000,21,MR. GAME & WATCH,False,3,2,0,True,282
600,2025-07-19 20:50:04.156000,190,CLOUD,False,3,1,0,True,283
606,2025-07-19 21:01:47.349000,21,ZELDA,False,1,3,0,False,286
607,2025-07-19 21:11:05.039000,190,CLOUD,False,3,2,0,True,287
608,2025-07-19 21:11:05.165000,21,MR. GAME & WATCH,False,2,3,0,False,287
615,2025-07-19 23:35:37.541000,21,MR. GAME & WATCH,False,3,1,0,True,291
2751,2025-08-22 06:49:07.328000,39,DONKEY KONG,False,2,3,0,False,1246
619,2025-07-19 23:43:46.714000,54,STEVE,False,3,1,0,True,293
623,2025-07-19 23:57:26.970000,21,ZELDA,False,3,2,0,True,295
625,2025-07-20 00:01:40.992000,21,ZELDA,False,3,2,0,True,296
626,2025-07-20 00:01:41.073000,190,LUCINA,False,2,3,0,False,296
627,2025-07-20 00:05:41.698000,21,ZELDA,False,2,3,0,False,297
629,2025-07-20 00:08:42.273000,21,MR. GAME & WATCH,False,0,2,1,False,298
630,2025-07-20 00:08:42.353000,190,CLOUD,False,2,1,0,True,298
631,2025-07-20 00:12:14.630000,21,MR. GAME & WATCH,False,0,3,0,False,299
645,2025-07-20 00:51:58.782000,21,MR. GAME & WATCH,False,2,0,0,True,306
650,2025-07-20 02:53:01.276000,39,DONKEY KONG,False,3,2,0,True,309
651,2025-07-20 02:57:51.221000,39,DONKEY KONG,False,2,2,0,True,310
652,2025-07-20 03:03:09.942000,21,ZELDA,False,0,0,0,True,311
653,2025-07-20 03:03:10.059000,39,DONKEY KONG,False,0,0,0,False,311
656,2025-07-20 03:11:40.886000,39,DONKEY KONG,False,2,2,0,True,313
657,2025-07-20 03:15:49.820000,39,DONKEY KONG,False,0,3,0,False,314
658,2025-07-20 03:15:49.925000,21,MR. GAME & WATCH,False,3,-2,0,True,314
660,2025-07-20 03:19:26.833000,21,MR. GAME & WATCH,False,0,3,0,False,315
661,2025-07-20 03:22:43.701000,39,DONKEY KONG,False,2,2,0,True,316
662,2025-07-20 03:26:46.766000,21,ZELDA,False,0,0,0,True,317
664,2025-07-20 03:30:38.695000,39,DONKEY KONG,False,2,3,0,False,318
665,2025-07-20 03:30:38.792000,21,ZELDA,False,3,2,0,True,318
659,2025-07-20 03:19:26.736000,39,DONKEY KONG,False,3,1,0,True,315
654,2025-07-20 03:07:31.651000,21,ZELDA,False,0,0,0,True,312
655,2025-07-20 03:07:31.758000,39,DONKEY KONG,False,0,0,0,False,312
649,2025-07-20 01:03:35.638000,21,MR. GAME & WATCH,False,0,0,0,False,308
647,2025-07-20 00:57:37.839000,190,CLOUD,False,0,0,0,False,307
643,2025-07-20 00:39:16.271000,190,CLOUD,False,0,0,0,True,305
646,2025-07-20 00:57:37.713000,21,MR. GAME & WATCH,False,0,0,0,True,307
648,2025-07-20 01:03:35.526000,190,LUCINA,False,0,0,0,True,308
642,2025-07-20 00:36:04.024000,21,ZELDA,False,0,0,0,False,304
644,2025-07-20 00:39:16.415000,21,MR. GAME & WATCH,False,0,0,0,False,305
641,2025-07-20 00:36:03.934000,190,CLOUD,False,0,0,0,True,304
640,2025-07-20 00:30:06.295000,21,ZELDA,False,0,0,0,False,303
639,2025-07-20 00:30:06.182000,190,CLOUD,False,0,0,0,True,303
638,2025-07-20 00:25:40.671000,21,ZELDA,False,0,0,0,False,302
637,2025-07-20 00:25:40.526000,190,CLOUD,False,0,0,0,True,302
635,2025-07-20 00:20:30.085000,21,ZELDA,False,2,3,0,False,301
634,2025-07-20 00:15:57.478000,190,CLOUD,False,0,0,0,True,300
633,2025-07-20 00:15:57.366000,21,ZELDA,False,0,0,0,False,300
632,2025-07-20 00:12:14.734000,190,CLOUD,False,3,0,0,True,299
628,2025-07-20 00:05:41.810000,190,LUCINA,False,3,2,0,True,297
624,2025-07-19 23:57:27.120000,54,KING K. ROOL,False,2,3,0,False,295
622,2025-07-19 23:47:32.757000,54,KING K. ROOL,False,0,0,0,False,294
621,2025-07-19 23:47:32.656000,21,ZELDA,False,0,0,0,True,294
620,2025-07-19 23:43:46.835000,21,ZELDA,False,1,3,0,False,293
609,2025-07-19 23:22:03.932000,21,ZELDA,False,0,0,0,False,288
616,2025-07-19 23:35:37.666000,54,DONKEY KONG,False,1,3,0,False,291
614,2025-07-19 23:30:11.975000,54,DONKEY KONG,False,2,3,0,False,290
618,2025-07-19 23:40:12.207000,54,DONKEY KONG,False,0,0,0,True,292
613,2025-07-19 23:30:11.826000,21,MR. GAME & WATCH,False,3,2,0,True,290
611,2025-07-19 23:25:58.729000,54,DONKEY KONG,False,0,0,0,True,289
612,2025-07-19 23:25:58.837000,21,ZELDA,False,0,0,0,False,289
605,2025-07-19 21:01:47.211000,190,CLOUD,False,3,1,0,True,286
610,2025-07-19 23:22:04.042000,54,DONKEY KONG,False,0,0,0,True,288
604,2025-07-19 20:57:44.963000,21,ZELDA,False,0,0,0,False,285
603,2025-07-19 20:57:44.834000,190,CLOUD,False,0,0,0,True,285
602,2025-07-19 20:54:50.814000,21,ZELDA,False,0,0,0,False,284
601,2025-07-19 20:54:50.686000,190,CLOUD,False,0,0,0,True,284
595,2025-07-18 23:37:48.307000,21,ZELDA,False,2,3,0,False,280
591,2025-07-18 23:12:23.945000,104,ZELDA,False,3,1,0,True,278
592,2025-07-18 23:12:24.110000,21,MR. GAME & WATCH,False,1,3,0,False,278
596,2025-07-18 23:37:48.412000,104,ZELDA,False,3,2,0,True,280
666,2025-07-20 03:34:50.377000,39,DONKEY KONG,False,2,3,0,False,319
669,2025-07-20 03:39:06.810000,21,ZELDA,False,1,3,0,False,320
670,2025-07-20 03:43:30.459000,39,DONKEY KONG,False,2,3,0,False,321
671,2025-07-20 03:43:30.588000,21,ZELDA,False,3,2,0,True,321
672,2025-07-20 04:46:50.606000,670,KIRBY,False,2,1,0,True,322
673,2025-07-20 04:46:50.725000,375,LINK,False,3,3,0,False,322
1276,2025-08-01 06:49:44.072000,21,LUCINA,False,3,2,0,True,600
675,2025-07-20 04:55:58.076000,670,KIRBY,False,5,1,0,True,323
676,2025-07-20 04:55:58.223000,375,ISABELLE,False,0,3,0,False,323
1294,2025-08-01 07:29:49.115000,21,ZELDA,False,0,3,0,False,610
679,2025-07-20 05:03:56.358000,375,DAISY,False,1,3,0,False,324
680,2025-07-20 05:03:56.493000,678,PIKACHU,False,2,3,0,False,324
681,2025-07-20 05:07:55.215000,670,KIRBY,False,5,1,0,True,325
682,2025-07-20 05:07:55.330000,375,INKLING,False,1,3,0,False,325
686,2025-07-20 20:06:16.656000,682,LUCINA,False,2,3,0,False,327
688,2025-07-20 20:10:00.881000,682,LUCINA,False,1,3,0,False,328
689,2025-07-20 20:10:01.029000,21,ZELDA,False,3,1,0,True,328
690,2025-07-20 20:14:35.470000,682,LUCINA,False,3,2,0,True,329
691,2025-07-20 20:14:35.605000,21,MR. GAME & WATCH,False,2,3,0,False,329
692,2025-07-20 20:22:24.041000,682,LUCINA,False,2,3,0,False,330
693,2025-07-20 20:22:24.135000,21,MR. GAME & WATCH,False,3,2,0,True,330
694,2025-07-20 20:34:25.440000,88,LINK,False,3,2,0,True,331
687,2025-07-20 20:06:16.765000,21,MR. GAME & WATCH,False,3,2,0,True,327
696,2025-07-20 20:37:46.633000,88,LINK,False,2,2,0,True,332
697,2025-07-20 20:42:31.844000,88,LINK,False,3,2,0,True,333
737,2025-07-21 05:26:57.721000,38,ZELDA,False,3,2,0,True,352
738,2025-07-21 05:26:57.914000,21,ZELDA,False,2,3,0,False,352
739,2025-07-21 05:31:26.893000,38,ZELDA,False,0,0,0,False,353
740,2025-07-21 05:31:26.986000,21,ZELDA,False,0,0,0,True,353
700,2025-07-20 20:46:50.456000,88,LINK,False,2,3,0,False,334
699,2025-07-20 20:46:50.360000,21,MR. GAME & WATCH,False,3,2,0,True,334
741,2025-07-21 05:35:26.716000,38,MR. GAME & WATCH,False,3,2,0,True,354
698,2025-07-20 20:42:31.945000,21,MR. GAME & WATCH,False,2,3,0,False,333
701,2025-07-20 23:44:30.154000,38,JOKER,False,3,0,0,True,335
702,2025-07-20 23:44:30.272000,21,MR. GAME & WATCH,False,0,3,0,False,335
703,2025-07-20 23:48:46.726000,38,JOKER,False,0,0,0,True,336
705,2025-07-20 23:52:41.020000,38,JOKER,False,0,0,0,True,337
706,2025-07-20 23:52:41.154000,21,MR. GAME & WATCH,False,0,0,0,False,337
707,2025-07-20 23:57:34.871000,38,JOKER,False,1,0,0,True,338
708,2025-07-20 23:57:34.965000,21,MR. GAME & WATCH,False,0,1,0,False,338
709,2025-07-21 00:02:59.213000,38,JOKER,False,0,0,0,True,339
710,2025-07-21 00:02:59.316000,21,MR. GAME & WATCH,False,0,0,0,False,339
711,2025-07-21 00:06:21.536000,38,JOKER,False,3,0,0,True,340
712,2025-07-21 00:06:21.708000,21,MR. GAME & WATCH,False,0,3,0,False,340
713,2025-07-21 00:10:07.440000,38,JOKER,False,0,0,0,True,341
714,2025-07-21 00:10:07.593000,21,ZELDA,False,0,0,0,False,341
715,2025-07-21 00:14:18.579000,38,JOKER,False,3,0,0,True,342
716,2025-07-21 00:14:18.693000,21,MR. GAME & WATCH,False,0,3,0,False,342
717,2025-07-21 00:18:33.664000,38,JOKER,False,3,1,0,True,343
718,2025-07-21 00:18:33.776000,21,MR. GAME & WATCH,False,1,3,0,False,343
1295,2025-08-01 07:29:49.221000,22,ENDERMAN,False,3,1,0,True,610
720,2025-07-21 03:19:11.943000,452,CLOUD,False,0,3,1,False,345
721,2025-07-21 03:19:12.057000,21,ZELDA,False,5,0,0,True,345
722,2025-07-21 03:19:12.151000,717,PEACH,False,0,2,0,False,345
723,2025-07-21 03:23:34.238000,452,CLOUD,False,2,3,2,False,346
724,2025-07-21 03:23:34.355000,21,MR. GAME & WATCH,False,4,2,0,True,346
725,2025-07-21 03:23:34.452000,717,ROY,False,0,3,0,False,346
726,2025-07-21 03:30:12.648000,452,CLOUD,False,2,2,1,True,347
727,2025-07-21 03:30:12.838000,21,DONKEY KONG,False,2,2,0,False,347
728,2025-07-21 03:30:12.959000,717,STEVE,False,1,3,1,False,347
729,2025-07-21 03:35:00.494000,21,DONKEY KONG,False,3,3,0,False,348
730,2025-07-21 03:35:00.591000,717,WARIO,False,3,3,1,True,348
731,2025-07-21 03:39:25.671000,452,CLOUD,False,0,3,1,False,349
732,2025-07-21 03:39:25.799000,21,DONKEY KONG,False,4,1,0,True,349
733,2025-07-21 03:39:25.909000,717,WARIO,False,1,2,1,False,349
1312,2025-08-01 08:05:23.982000,21,MR. GAME & WATCH,False,3,-1,0,True,619
742,2025-07-21 05:35:26.834000,21,MR. GAME & WATCH,False,2,3,0,False,354
743,2025-07-21 05:40:16.037000,21,MR. GAME & WATCH,False,2,2,0,True,355
744,2025-07-21 05:45:01.289000,38,MR. GAME & WATCH,False,2,3,0,False,356
745,2025-07-21 05:45:01.417000,21,MR. GAME & WATCH,False,3,2,0,True,356
746,2025-07-21 05:50:07.033000,38,STEVE,False,2,3,0,False,357
748,2025-07-21 05:52:12.208000,38,STEVE,False,2,1,0,True,358
749,2025-07-21 05:52:12.322000,21,ENDERMAN,False,0,2,0,False,358
750,2025-07-21 05:56:38.185000,38,IKE,False,3,2,0,True,359
751,2025-07-21 05:56:38.269000,21,ZELDA,False,2,3,0,False,359
752,2025-07-21 06:01:19.419000,38,IKE,False,3,1,0,True,360
753,2025-07-21 06:04:54.040000,38,IKE,False,3,1,0,True,361
754,2025-07-21 06:04:54.185000,21,MR. GAME & WATCH,False,1,3,0,False,361
755,2025-07-21 06:09:37.847000,38,PALUTENA,False,3,1,0,True,362
756,2025-07-21 06:09:37.944000,21,MR. GAME & WATCH,False,1,3,0,False,362
735,2025-07-21 05:22:30.160000,38,ZELDA,False,0,0,0,True,351
736,2025-07-21 05:22:30.267000,21,JOKER,False,0,0,0,False,351
704,2025-07-20 23:48:46.847000,21,MR. GAME & WATCH,False,0,0,0,False,336
695,2025-07-20 20:34:25.533000,21,ZELDA,False,2,3,0,False,331
685,2025-07-20 20:02:23.269000,21,MR. GAME & WATCH,False,3,2,0,True,326
683,2025-07-20 05:07:55.452000,678,FOX,False,1,3,0,False,325
668,2025-07-20 03:39:06.726000,39,DONKEY KONG,False,3,1,0,True,320
667,2025-07-20 03:34:50.490000,21,ZELDA,False,3,2,0,True,319
678,2025-07-20 05:03:56.249000,670,LUCINA,False,4,1,0,True,324
684,2025-07-20 20:02:23.122000,682,LUCINA,False,2,3,0,False,326
757,2025-07-21 07:02:29.478000,38,CAPTAIN FALCON,False,2,2,0,True,363
760,2025-07-21 07:27:41.707000,22,ENDERMAN,False,2,3,0,False,365
761,2025-07-21 07:27:41.799000,39,DONKEY KONG,False,3,2,0,True,365
762,2025-07-21 07:30:46.883000,22,LUCINA,False,1,3,0,False,366
763,2025-07-21 07:30:46.997000,39,DONKEY KONG,False,3,1,0,True,366
764,2025-07-21 07:33:35.170000,39,DONKEY KONG,False,3,0,0,True,367
765,2025-07-21 07:33:35.248000,22,LUCINA,False,0,3,0,False,367
766,2025-07-27 06:32:04.134000,22,ENDERMAN,False,3,1,0,True,368
767,2025-07-27 06:32:04.332000,77,JOKER,False,1,3,0,False,368
768,2025-07-27 06:36:11.212000,22,LUCINA,False,3,1,0,True,369
769,2025-07-27 06:36:11.349000,767,KING K. ROOL,False,1,3,0,False,369
770,2025-07-27 06:42:15.812000,22,SAMUS,False,3,1,0,True,370
771,2025-07-27 06:42:15.968000,77,JOKER,False,1,3,0,False,370
772,2025-07-27 06:46:47.732000,22,PALUTENA,False,0,3,0,False,371
773,2025-07-27 06:46:47.872000,767,DONKEY KONG,False,3,-1,0,True,371
774,2025-07-27 06:50:03.421000,77,JOKER,False,0,3,0,False,372
775,2025-07-27 06:50:03.536000,767,DONKEY KONG,False,3,1,0,True,372
776,2025-07-27 06:51:13.665000,77,LITTLE MAC,False,0,2,0,False,373
777,2025-07-27 06:51:13.777000,767,GANONDORF,False,2,0,0,True,373
778,2025-07-27 06:58:13.665000,22,FALCO,False,1,0,0,True,374
779,2025-07-27 06:58:13.784000,77,JOKER,False,0,1,0,False,374
780,2025-07-27 07:00:47.804000,22,LUCINA,False,3,1,0,True,375
781,2025-07-27 07:00:47.928000,767,CLOUD,False,0,3,0,False,375
782,2025-07-27 07:03:23.767000,22,LUCINA,False,3,1,0,True,376
783,2025-07-27 07:03:23.869000,767,CLOUD,False,0,3,0,False,376
784,2025-07-27 07:06:21.462000,767,CLOUD,False,3,1,0,True,377
786,2025-07-27 07:10:15.710000,22,LUCINA,False,3,2,0,True,378
787,2025-07-27 07:10:15.828000,767,CLOUD,False,2,3,0,False,378
789,2025-07-27 07:13:30.979000,767,CLOUD,False,2,2,1,False,379
790,2025-07-27 07:15:48.729000,22,LUCINA,False,3,1,0,True,380
791,2025-07-27 07:15:48.831000,767,CLOUD,False,1,3,0,False,380
792,2025-07-27 07:19:17.115000,22,LUCINA,False,3,0,0,True,381
793,2025-07-27 07:19:17.223000,767,CLOUD,False,0,3,0,False,381
794,2025-07-27 07:23:16.610000,767,CLOUD,False,0,0,0,True,382
1296,2025-08-01 07:34:18.117000,21,MR. GAME & WATCH,False,2,3,0,False,611
796,2025-07-27 07:26:49.210000,22,LUCINA,False,2,3,0,False,383
797,2025-07-27 07:26:49.332000,767,CLOUD,False,3,2,0,True,383
798,2025-07-27 07:29:56.655000,22,LUCINA,False,1,0,0,True,384
799,2025-07-27 07:29:56.762000,767,CLOUD,False,0,1,0,False,384
800,2025-07-27 07:34:50.885000,22,LUCINA,False,3,0,0,True,385
801,2025-07-27 07:34:50.967000,767,CLOUD,False,0,3,0,False,385
803,2025-07-27 07:38:36.321000,767,CLOUD,False,2,3,0,False,386
804,2025-07-27 07:42:45.059000,22,LUCINA,False,3,2,0,True,387
805,2025-07-27 07:42:45.164000,767,CLOUD,False,2,3,0,False,387
806,2025-07-27 07:46:17.102000,22,LUCINA,False,1,3,0,False,388
807,2025-07-27 07:46:17.193000,767,CLOUD,False,3,1,0,True,388
808,2025-07-27 07:50:19.922000,22,LUCINA,False,2,3,0,False,389
809,2025-07-27 07:50:20.007000,767,CLOUD,False,3,2,0,True,389
810,2025-07-27 07:53:40.704000,22,STEVE,False,3,2,0,True,390
811,2025-07-27 07:53:40.809000,767,YOSHI,False,0,3,0,False,390
812,2025-07-27 07:59:02.441000,22,ENDERMAN,False,3,0,0,True,391
813,2025-07-27 07:59:02.558000,767,YOSHI,False,0,3,0,False,391
814,2025-07-27 08:06:09.520000,22,LITTLE MAC,False,2,0,0,True,392
815,2025-07-27 08:06:09.630000,767,DONKEY KONG,False,0,2,1,False,392
816,2025-07-27 08:09:53.995000,767,DONKEY KONG,False,2,1,0,True,393
817,2025-07-27 08:19:47.039000,22,LUCINA,False,0,3,0,False,394
818,2025-07-27 08:19:47.140000,767,YOSHI,False,2,1,0,True,394
819,2025-07-27 08:19:47.254000,39,DONKEY KONG,False,4,1,0,True,394
820,2025-07-27 08:19:47.344000,255,KING K. ROOL,False,0,3,0,False,394
821,2025-07-27 08:24:33.049000,22,LUCINA,False,4,3,0,True,395
822,2025-07-27 08:24:33.142000,767,CLOUD,False,2,1,0,False,395
1297,2025-08-01 07:34:18.227000,22,ENDERMAN,False,3,2,0,True,611
824,2025-07-27 08:24:33.330000,255,KING K. ROOL,False,1,2,0,True,395
825,2025-07-27 08:28:33.404000,22,LUCINA,False,0,3,0,False,396
826,2025-07-27 08:28:33.521000,767,KING DEDEDE,False,0,2,0,True,396
827,2025-07-27 08:28:33.620000,39,DONKEY KONG,False,4,0,0,True,396
828,2025-07-27 08:28:33.733000,255,KING K. ROOL,False,3,2,0,False,396
829,2025-07-27 08:32:01.335000,22,ENDERMAN,False,2,3,0,True,397
830,2025-07-27 08:32:01.442000,767,BOWSER,False,5,3,0,False,397
831,2025-07-27 08:32:01.539000,39,DONKEY KONG,False,0,3,0,False,397
832,2025-07-27 08:32:01.627000,255,KING K. ROOL,False,4,2,0,True,397
833,2025-07-27 08:36:17.814000,22,ENDERMAN,False,1,3,0,True,398
834,2025-07-27 08:36:17.904000,767,KING K. ROOL,False,4,3,1,False,398
835,2025-07-27 08:36:17.985000,39,DONKEY KONG,False,1,3,0,False,398
836,2025-07-27 08:36:18.085000,255,KING K. ROOL,False,4,2,0,True,398
837,2025-07-27 08:40:31.335000,22,PYRA,False,2,2,0,False,399
838,2025-07-27 08:40:31.448000,767,GANONDORF,False,2,3,1,True,399
839,2025-07-27 08:40:31.547000,39,DONKEY KONG,False,4,1,0,True,399
840,2025-07-27 08:40:31.636000,255,KING K. ROOL,False,1,3,0,False,399
841,2025-07-27 08:43:56.930000,22,GANONDORF,False,1,3,1,False,400
842,2025-07-27 08:43:57.010000,767,YOSHI,False,2,2,0,True,400
843,2025-07-27 08:43:57.085000,39,DONKEY KONG,False,2,2,0,True,400
844,2025-07-27 08:43:57.166000,255,KING K. ROOL,False,3,3,1,False,400
845,2025-07-27 08:47:28.357000,22,ENDERMAN,False,2,1,0,True,401
1313,2025-08-01 08:05:24.074000,22,STEVE,False,0,3,0,False,619
847,2025-07-27 08:47:28.559000,39,DONKEY KONG,False,0,2,0,False,401
848,2025-07-27 08:47:28.685000,255,KING K. ROOL,False,2,1,0,True,401
849,2025-07-27 08:53:16.497000,22,ENDERMAN,False,2,2,0,True,402
802,2025-07-27 07:38:36.224000,22,LUCINA,False,3,2,0,True,386
788,2025-07-27 07:13:30.865000,22,LUCINA,False,1,2,0,True,379
785,2025-07-27 07:06:21.571000,22,LUCINA,False,1,3,0,False,377
1278,2025-08-01 06:52:41.706000,22,LUCINA,False,3,1,0,True,601
850,2025-07-27 08:53:16.596000,767,KING K. ROOL,False,4,-3,0,False,402
851,2025-07-27 08:53:16.687000,255,KING K. ROOL,False,1,3,0,True,402
1279,2025-08-01 06:56:34.635000,21,LUCINA,False,2,3,0,False,602
1280,2025-08-01 06:56:34.736000,22,ENDERMAN,False,3,2,0,True,602
854,2025-07-27 09:00:58.325000,22,ENDERMAN,False,2,1,0,True,404
855,2025-07-27 09:00:58.428000,767,BOWSER,False,1,3,1,False,404
856,2025-07-27 09:00:58.518000,39,DONKEY KONG,False,2,2,0,False,404
857,2025-07-27 09:00:58.609000,255,KING K. ROOL,False,2,2,0,True,404
858,2025-07-27 09:05:27.639000,22,ENDERMAN,False,3,3,0,False,405
859,2025-07-27 09:05:27.743000,767,CLOUD,False,1,3,1,True,405
860,2025-07-27 09:05:27.812000,39,DONKEY KONG,False,5,2,0,True,405
861,2025-07-27 09:05:27.904000,255,KING K. ROOL,False,1,3,0,False,405
862,2025-07-27 09:09:02.560000,22,ENDERMAN,False,0,0,0,True,406
863,2025-07-27 09:09:02.651000,767,KING DEDEDE,False,2,3,1,False,406
864,2025-07-27 09:09:02.758000,39,DONKEY KONG,False,0,0,0,False,406
865,2025-07-27 09:09:02.862000,255,KING K. ROOL,False,0,0,0,True,406
866,2025-07-27 09:32:13.552000,77,JOKER,False,2,3,0,False,407
867,2025-07-27 09:32:13.625000,39,SORA,False,3,2,0,True,407
868,2025-07-27 09:36:31.987000,77,JOKER,False,2,3,0,False,408
869,2025-07-27 09:36:32.080000,39,SORA,False,3,2,0,True,408
870,2025-07-27 09:39:08.574000,77,JOKER,False,0,3,0,False,409
872,2025-07-27 09:42:01.392000,77,JOKER,False,0,-3,0,False,410
873,2025-07-27 09:42:01.491000,39,DONKEY KONG,False,3,0,0,True,410
874,2025-07-27 09:45:09.169000,77,MYTHRA,False,1,3,0,False,411
875,2025-07-27 09:45:09.255000,39,DONKEY KONG,False,3,1,0,True,411
1298,2025-08-01 07:38:40.338000,21,MR. GAME & WATCH,False,3,2,0,True,612
2752,2025-08-22 06:49:07.446000,21,MR. GAME & WATCH,False,3,2,0,True,1246
878,2025-07-27 09:48:55.189000,77,POKÉMON TRAINER,False,0,3,0,False,413
879,2025-07-27 09:48:55.311000,39,DONKEY KONG,False,3,0,0,True,413
882,2025-07-27 09:53:11.888000,77,IKE,False,0,3,0,False,415
883,2025-07-27 09:53:11.997000,39,DONKEY KONG,False,3,0,0,True,415
884,2025-07-27 09:56:34.106000,77,SEPHIROTH,False,2,2,0,True,416
885,2025-07-27 09:56:34.178000,39,SHULK,False,2,2,1,False,416
886,2025-07-27 10:00:33.409000,77,DARK SAMUS,False,3,2,0,True,417
887,2025-07-27 10:00:33.513000,39,LINK,False,2,3,0,False,417
888,2025-07-27 10:03:59.146000,77,JOKER,False,2,3,0,False,418
889,2025-07-27 10:03:59.235000,39,DONKEY KONG,False,3,2,0,True,418
890,2025-07-27 10:05:21.973000,77,SEPHIROTH,False,0,3,0,False,419
891,2025-07-27 10:05:22.098000,39,DONKEY KONG,False,3,0,0,True,419
893,2025-07-27 10:07:19.604000,39,DONKEY KONG,False,3,0,0,True,420
902,2025-07-28 04:09:01.678000,22,LUCINA,False,2,2,1,False,425
908,2025-07-28 04:24:07.732000,22,LITTLE MAC,False,3,2,0,True,428
910,2025-07-28 04:30:36.305000,255,KING K. ROOL,False,1,-3,0,False,429
911,2025-07-28 04:33:16.903000,255,KING K. ROOL,False,1,3,0,False,430
912,2025-07-28 04:33:17.016000,22,LUCINA,False,3,1,0,True,430
913,2025-07-28 04:46:46.256000,255,KING K. ROOL,False,2,3,0,False,431
914,2025-07-28 04:46:46.466000,22,LUCINA,False,3,2,0,True,431
917,2025-07-28 05:01:22.415000,255,KING K. ROOL,False,3,1,0,True,433
919,2025-07-28 05:16:06.370000,255,KING K. ROOL,False,3,-2,0,True,434
922,2025-07-28 05:19:54.807000,255,KING K. ROOL,False,2,3,0,False,435
923,2025-07-28 06:31:30.309000,255,KING K. ROOL,False,3,-2,0,True,436
924,2025-07-28 06:31:30.424000,22,LUCINA,False,2,-3,0,False,436
925,2025-07-28 06:36:35.986000,255,KING K. ROOL,False,3,-2,0,True,437
926,2025-07-28 06:40:07.124000,255,KING K. ROOL,False,0,2,0,False,438
927,2025-07-28 06:40:08.089000,22,MARTH,False,2,0,0,True,438
929,2025-07-28 06:44:10.062000,255,KING K. ROOL,False,2,3,0,False,439
930,2025-07-28 08:12:10.473000,38,JOKER,False,0,0,0,True,440
932,2025-07-28 08:15:05.379000,38,JOKER,False,0,0,0,True,441
933,2025-07-28 08:15:05.473000,21,MR. GAME & WATCH,False,0,0,0,False,441
934,2025-07-28 08:18:36.611000,38,JOKER,False,3,1,0,True,442
935,2025-07-28 08:18:36.745000,21,MR. GAME & WATCH,False,1,3,0,False,442
2790,2025-08-23 01:58:14.227000,23,SAMUS,False,3,1,0,True,1260
937,2025-07-28 08:21:47.857000,21,JOKER,False,0,0,0,False,443
938,2025-07-28 08:24:08.212000,38,JOKER,False,0,0,0,True,444
939,2025-07-28 08:24:08.335000,21,MR. GAME & WATCH,False,0,0,0,False,444
931,2025-07-28 08:12:10.587000,21,MR. GAME & WATCH,False,0,0,0,False,440
928,2025-07-28 06:44:09.969000,22,MARTH,False,3,2,0,True,439
921,2025-07-28 05:19:54.665000,22,LUCINA,False,3,2,0,True,435
920,2025-07-28 05:16:06.505000,22,LUCINA,False,0,0,0,False,434
918,2025-07-28 05:01:22.550000,22,LUCINA,False,1,3,0,False,433
915,2025-07-28 04:55:23.268000,22,LUCINA,False,0,0,0,True,432
909,2025-07-28 04:30:36.182000,22,LUCINA,False,3,1,0,True,429
916,2025-07-28 04:55:23.365000,255,KING K. ROOL,False,0,0,0,False,432
905,2025-07-28 04:15:52.375000,22,STEVE,False,0,0,0,True,427
906,2025-07-28 04:15:52.489000,678,DARK PIT,False,0,0,0,False,427
904,2025-07-28 04:12:17.051000,678,SEPHIROTH,False,0,0,0,False,426
903,2025-07-28 04:12:16.931000,22,LUCINA,False,0,0,0,True,426
901,2025-07-28 04:09:01.554000,678,SEPHIROTH,False,2,2,0,True,425
907,2025-07-28 04:24:07.599000,678,HERO,False,2,3,0,False,428
900,2025-07-28 04:05:20.931000,22,LUCINA,False,3,2,0,False,424
898,2025-07-28 02:53:12.224000,22,LUCINA,False,0,0,0,True,423
896,2025-07-28 02:49:27.551000,190,CLOUD,False,0,0,0,True,422
899,2025-07-28 02:53:12.334000,678,HERO,False,0,0,0,False,423
895,2025-07-28 02:43:21.950000,39,DONKEY KONG,False,0,0,0,False,421
897,2025-07-28 02:49:27.677000,39,DONKEY KONG,False,0,0,0,False,422
881,2025-07-27 09:51:28.850000,77,JOKER,False,0,0,0,False,414
894,2025-07-28 02:43:21.784000,190,CLOUD,False,0,0,0,True,421
892,2025-07-27 10:07:19.506000,77,CAPTAIN FALCON,False,0,3,0,False,420
880,2025-07-27 09:51:28.735000,39,DONKEY KONG,False,0,0,0,True,414
871,2025-07-27 09:39:08.685000,39,SORA,False,3,0,0,True,409
941,2025-07-28 08:34:00.909000,22,LUCINA,False,0,4,0,False,446
942,2025-07-28 08:34:01.014000,38,LUIGI,False,3,1,0,True,446
943,2025-07-28 08:34:01.123000,21,ZELDA,False,1,2,2,False,446
944,2025-07-28 08:49:13.104000,22,LUCINA,False,0,3,0,False,447
945,2025-07-28 08:49:13.214000,38,JOKER,False,5,0,0,True,447
946,2025-07-28 08:49:13.302000,21,MR. GAME & WATCH,False,0,2,0,False,447
947,2025-07-28 08:52:07.870000,22,ENDERMAN,False,2,2,0,True,448
948,2025-07-28 08:52:07.965000,38,JOKER,False,3,3,0,False,448
949,2025-07-28 08:52:08.059000,21,MR. GAME & WATCH,False,1,1,0,True,448
950,2025-07-28 08:56:40.902000,22,STEVE,False,0,0,0,False,449
951,2025-07-28 08:56:41.017000,38,JOKER,False,0,0,0,True,449
953,2025-07-28 09:03:56.582000,38,JOKER,False,0,0,0,True,450
954,2025-07-28 09:03:56.670000,21,MR. GAME & WATCH,False,0,0,0,False,450
955,2025-07-28 09:07:43.504000,38,JOKER,False,0,0,0,True,451
957,2025-07-28 09:10:15.240000,38,JOKER,False,0,0,0,True,452
959,2025-07-28 09:14:07.491000,38,JOKER,False,0,0,0,True,453
961,2025-07-28 09:18:11.730000,38,JOKER,False,0,0,0,True,454
962,2025-07-28 09:18:11.833000,21,ZELDA,False,0,0,0,False,454
963,2025-07-28 09:21:52.042000,38,JOKER,False,0,0,0,True,455
964,2025-07-28 09:21:52.148000,21,MR. GAME & WATCH,False,0,0,0,False,455
965,2025-07-28 09:26:42.529000,38,JOKER,False,3,1,0,True,456
966,2025-07-28 09:26:42.601000,21,JOKER,False,1,3,0,False,456
969,2025-07-29 00:23:36.767000,190,LUCINA,False,3,1,0,True,458
970,2025-07-29 00:23:36.966000,104,ZELDA,False,1,3,0,False,458
974,2025-07-29 00:29:08.058000,104,ZELDA,False,2,3,0,False,460
975,2025-07-29 03:34:00.504000,77,JOKER,False,0,3,0,False,461
976,2025-07-29 03:34:00.603000,39,DONKEY KONG,False,3,0,0,True,461
1281,2025-08-01 07:00:10.679000,21,LUCINA,False,2,2,0,False,603
2753,2025-08-23 00:44:14.321000,2586,CHROM,False,3,3,0,False,1247
1301,2025-08-01 07:43:00.913000,22,ENDERMAN,False,3,2,0,True,613
1323,2025-08-01 08:29:53.877000,21,MR. GAME & WATCH,False,3,2,0,True,625
1324,2025-08-01 08:29:54.007000,22,ENDERMAN,False,1,3,0,False,625
984,2025-07-29 03:50:11.205000,77,JOKER,False,1,3,0,False,466
985,2025-07-29 03:50:11.507000,39,DONKEY KONG,False,3,1,0,True,466
986,2025-07-29 03:52:22.519000,77,SONIC,False,0,3,0,False,467
988,2025-07-29 03:55:12.626000,39,DONKEY KONG,False,3,1,0,True,468
989,2025-07-29 03:59:40.078000,77,JOKER,False,1,3,0,False,469
990,2025-07-29 03:59:40.188000,39,DONKEY KONG,False,3,1,0,True,469
997,2025-07-29 06:31:31.020000,22,LUCINA,False,1,-3,0,False,473
999,2025-07-29 06:34:12.062000,39,DONKEY KONG,False,3,1,0,True,474
1000,2025-07-29 06:42:31.441000,39,DONKEY KONG,False,3,2,0,True,475
1001,2025-07-29 06:42:31.537000,22,ENDERMAN,False,2,3,0,False,475
1002,2025-07-29 06:50:39.495000,39,DONKEY KONG,False,3,-1,0,True,476
1004,2025-07-29 07:06:34.597000,21,ZELDA,False,1,-2,-1,False,477
1010,2025-07-29 07:22:41.519000,21,MR. GAME & WATCH,False,2,3,0,False,480
1011,2025-07-29 07:27:08.065000,22,ENDERMAN,False,3,2,0,True,481
1012,2025-07-29 07:27:08.158000,21,MR. GAME & WATCH,False,2,3,0,False,481
1013,2025-07-29 07:30:34.100000,22,ENDERMAN,False,3,1,0,True,482
1016,2025-07-29 07:37:51.972000,22,ENDERMAN,False,3,0,0,True,484
1017,2025-07-29 07:37:52.091000,21,MR. GAME & WATCH,False,1,3,0,False,484
1018,2025-07-29 07:42:41.598000,22,ENDERMAN,False,0,0,0,True,485
1019,2025-07-29 07:42:41.712000,21,MR. GAME & WATCH,False,0,0,0,False,485
1020,2025-07-29 07:46:38.667000,21,ZELDA,False,3,1,0,True,486
1022,2025-07-29 07:50:36.081000,21,ZELDA,False,2,2,0,False,487
1025,2025-07-29 07:57:51.652000,21,ZELDA,False,0,0,0,True,489
1333,2025-08-03 18:54:09.299000,38,INCINEROAR,False,3,2,0,True,630
1031,2025-07-29 08:09:28.186000,21,ZELDA,False,0,0,0,True,492
1334,2025-08-03 18:54:09.456000,77,JOKER,False,2,3,0,False,630
1030,2025-07-29 08:04:55.358000,22,LUCINA,False,0,0,0,False,491
1029,2025-07-29 08:04:55.275000,21,ZELDA,False,0,0,0,True,491
1027,2025-07-29 08:02:10.236000,22,LUCINA,False,0,0,0,True,490
1026,2025-07-29 07:57:51.760000,22,LUCINA,False,0,0,0,False,489
1023,2025-07-29 07:54:57.452000,22,ENDERMAN,False,0,0,0,True,488
1024,2025-07-29 07:54:57.599000,21,ZELDA,False,0,0,0,False,488
1021,2025-07-29 07:50:35.989000,22,ZOMBIE,False,2,2,0,True,487
1014,2025-07-29 07:35:02.506000,21,MR. GAME & WATCH,False,0,0,0,True,483
1009,2025-07-29 07:22:41.378000,22,STEVE,False,3,2,0,True,480
1015,2025-07-29 07:35:02.631000,22,ENDERMAN,False,0,0,0,False,483
1007,2025-07-29 07:14:02.547000,21,ZELDA,False,0,0,0,True,479
1005,2025-07-29 07:10:56.424000,21,ZELDA,False,0,0,0,True,478
1008,2025-07-29 07:14:02.666000,22,ENDERMAN,False,0,0,0,False,479
1006,2025-07-29 07:10:56.544000,22,ENDERMAN,False,0,0,0,False,478
1003,2025-07-29 07:06:34.488000,22,ENDERMAN,False,0,0,0,True,477
998,2025-07-29 06:31:31.153000,39,MARTH,False,3,-1,0,True,473
996,2025-07-29 06:23:42.949000,22,LUCINA,False,2,2,1,False,472
994,2025-07-29 04:10:45.079000,77,JOKER,False,0,0,0,False,471
995,2025-07-29 06:23:42.842000,39,SORA,False,2,2,0,True,472
993,2025-07-29 04:10:44.946000,39,DONKEY KONG,False,0,0,0,True,471
973,2025-07-29 00:29:07.916000,190,CLOUD,False,3,2,0,True,460
991,2025-07-29 04:01:24.299000,77,JOKER,False,0,0,0,False,470
992,2025-07-29 04:01:24.400000,39,DONKEY KONG,False,0,0,0,True,470
971,2025-07-29 00:26:05.727000,190,CAPTAIN FALCON,False,0,0,0,True,459
968,2025-07-29 00:19:47.672000,104,SAMUS,False,0,0,0,True,457
972,2025-07-29 00:26:05.837000,39,DONKEY KONG,False,0,0,0,False,459
960,2025-07-28 09:14:07.602000,21,MR. GAME & WATCH,False,0,0,0,False,453
967,2025-07-29 00:19:47.558000,39,DONKEY KONG,False,0,0,0,False,457
958,2025-07-28 09:10:15.356000,21,MR. GAME & WATCH,False,0,0,0,False,452
956,2025-07-28 09:07:43.601000,21,MR. GAME & WATCH,False,0,0,0,False,451
952,2025-07-28 08:56:41.133000,21,MR. GAME & WATCH,False,0,0,0,False,449
987,2025-07-29 03:52:22.652000,39,DONKEY KONG,False,3,0,0,True,467
1036,2025-07-29 08:55:19.713000,21,MR. GAME & WATCH,False,3,3,0,False,494
1037,2025-07-29 08:55:19.811000,22,LUCINA,False,2,3,0,False,494
1038,2025-07-29 09:48:17.599000,21,MR. GAME & WATCH,False,3,2,0,True,495
1039,2025-07-29 09:48:17.710000,39,DONKEY KONG,False,2,3,0,False,495
1040,2025-07-29 10:03:00.962000,21,ZELDA,False,3,2,0,True,496
1041,2025-07-29 10:03:01.067000,39,DONKEY KONG,False,2,3,0,False,496
1042,2025-07-29 10:42:24.853000,39,DONKEY KONG,False,2,2,0,True,497
1043,2025-07-29 10:44:48.585000,21,ZELDA,False,2,3,0,False,498
1044,2025-07-29 10:44:48.695000,39,DONKEY KONG,False,3,-1,0,True,498
1045,2025-07-29 10:47:59.869000,21,MR. GAME & WATCH,False,3,1,0,True,499
1046,2025-07-29 10:47:59.967000,39,DONKEY KONG,False,1,3,0,False,499
1047,2025-07-29 10:57:52.475000,21,MR. GAME & WATCH,False,3,2,0,True,500
1048,2025-07-29 10:57:52.577000,39,DONKEY KONG,False,2,3,0,False,500
1049,2025-07-29 11:01:59.709000,21,ZELDA,False,3,1,0,True,501
1050,2025-07-29 11:01:59.819000,39,DONKEY KONG,False,1,3,0,False,501
1051,2025-07-29 11:23:25.045000,21,MR. GAME & WATCH,False,3,3,0,False,502
1052,2025-07-29 11:23:25.151000,39,DONKEY KONG,False,3,1,0,True,502
1053,2025-07-29 11:26:35.050000,21,MR. GAME & WATCH,False,3,1,0,True,503
1054,2025-07-29 11:26:35.188000,39,DONKEY KONG,False,1,3,0,False,503
1055,2025-07-29 11:35:38.400000,21,ZELDA,False,2,0,0,True,504
1056,2025-07-29 11:35:38.483000,39,DONKEY KONG,False,0,3,0,False,504
1057,2025-07-29 11:38:25.116000,21,ZELDA,False,3,1,0,True,505
1058,2025-07-29 11:38:25.208000,39,DONKEY KONG,False,0,3,0,False,505
1059,2025-07-29 11:43:52.539000,21,MR. GAME & WATCH,False,3,2,0,True,506
1060,2025-07-29 11:43:52.629000,39,DONKEY KONG,False,2,3,0,False,506
1061,2025-07-29 10:42:24.853000,21,MR. GAME & WATCH,False,2,2,0,False,497
1062,2025-07-29 12:07:11.911000,39,DONKEY KONG,False,3,2,0,True,507
1063,2025-07-29 12:10:50.998000,39,DONKEY KONG,False,3,2,0,True,508
1064,2025-07-29 12:10:51.102000,21,ZELDA,False,2,3,0,False,508
1065,2025-07-29 12:14:52.075000,39,DONKEY KONG,False,2,3,0,False,509
1066,2025-07-29 12:14:52.221000,21,ZELDA,False,3,2,0,True,509
1035,2025-07-29 08:55:19.634000,93,KAZUYA,False,1,0,0,True,494
1283,2025-08-01 07:04:17.821000,22,ENDERMAN,False,3,2,0,True,604
1034,2025-07-29 08:12:31.554000,22,LUCINA,False,0,0,0,False,493
1033,2025-07-29 08:12:31.369000,21,MR. GAME & WATCH,False,0,0,0,True,493
1032,2025-07-29 08:09:28.279000,22,LUCINA,False,0,0,0,False,492
1028,2025-07-29 08:02:10.333000,21,ZELDA,False,0,0,0,False,490
1067,2025-07-29 07:46:38.667000,22,ENDERMAN,False,1,3,0,False,486
1068,2025-07-29 12:26:11.550000,39,DONKEY KONG,False,2,3,0,False,510
1069,2025-07-29 12:26:11.677000,21,ZELDA,False,3,2,0,True,510
1070,2025-07-29 12:30:06.980000,39,DONKEY KONG,False,2,3,0,False,511
1071,2025-07-29 12:30:07.075000,21,ZELDA,False,3,2,0,True,511
1072,2025-07-29 12:33:20.488000,39,DONKEY KONG,False,3,2,0,True,512
1073,2025-07-29 12:33:20.605000,21,ZELDA,False,2,3,0,False,512
1074,2025-07-29 12:38:44.979000,39,DONKEY KONG,False,2,3,0,False,513
1076,2025-07-29 12:07:11.911000,21,ZELDA,False,2,3,0,False,507
1077,2025-07-29 07:30:34.100000,21,MR. GAME & WATCH,False,1,3,0,False,482
1078,2025-07-29 06:50:39.495000,22,ENDERMAN,False,1,3,0,False,476
1079,2025-07-29 06:34:12.062000,22,LUCINA,False,1,3,0,False,474
1080,2025-07-29 03:55:12.626000,77,JOKER,False,1,3,0,False,468
936,2025-07-28 08:21:47.694000,38,JOKER,False,0,0,0,True,443
1081,2025-07-28 06:36:35.986000,22,MARTH,False,2,3,0,False,437
1082,2025-07-28 04:05:20.931000,678,SEPHIROTH,False,2,3,0,True,424
1083,2025-07-27 08:53:16.596000,39,DONKEY KONG,False,1,2,0,False,402
846,2025-07-27 08:47:28.450000,767,YOSHI,False,1,2,0,False,401
1084,2025-07-27 08:09:53.995000,22,LUCINA,False,1,3,0,False,393
1085,2025-07-21 07:02:29.478000,21,MR. GAME & WATCH,False,1,3,0,False,363
1086,2025-07-21 06:01:19.419000,21,ZELDA,False,1,3,0,False,360
747,2025-07-21 05:50:07.131000,21,ZELDA,False,3,2,0,True,357
1087,2025-07-21 05:40:16.037000,38,MR. GAME & WATCH,False,2,2,0,False,355
1088,2025-07-21 03:35:00.494000,452,CLOUD,False,2,3,0,False,348
1089,2025-07-20 20:37:46.633000,21,MR. GAME & WATCH,False,2,3,0,False,332
663,2025-07-20 03:26:46.855000,39,DONKEY KONG,False,0,0,0,False,317
1090,2025-07-20 03:22:43.701000,21,MR. GAME & WATCH,False,2,3,0,False,316
1091,2025-07-20 03:11:40.886000,21,MR. GAME & WATCH,False,2,3,0,False,313
1092,2025-07-20 02:57:51.221000,21,MR. GAME & WATCH,False,2,3,0,False,310
1093,2025-07-20 02:53:01.276000,21,MR. GAME & WATCH,False,2,3,0,False,309
1094,2025-07-20 00:51:58.782000,190,CLOUD,False,1,3,0,False,306
636,2025-07-20 00:20:30.230000,190,CLOUD,False,3,2,0,True,301
1095,2025-07-29 12:38:45.085000,21,MR. GAME & WATCH,False,2,3,0,False,514
1096,2025-07-19 23:47:44.865000,54,INCINEROAR,False,3,2,0,True,514
1075,2025-07-19 23:47:44.865000,21,ZELDA,False,3,2,0,True,513
617,2025-07-19 23:40:12.107000,21,MR. GAME & WATCH,False,0,0,0,False,292
1097,2025-07-19 20:50:04.156000,21,MR. GAME & WATCH,False,1,3,0,False,283
1099,2025-07-19 20:45:11.123000,190,CLOUD,False,2,3,0,False,282
1101,2025-07-18 23:38:48.307000,104,ZELDA,False,3,2,0,True,515
1104,2025-07-18 23:44:48.412000,104,ZELDA,False,2,3,0,False,517
1105,2025-07-18 23:44:48.307000,21,ZELDA,False,3,2,0,True,517
1107,2025-07-18 23:47:48.412000,104,ZELDA,False,3,1,0,True,518
1111,2025-07-18 23:53:48.412000,21,ZELDA,False,3,1,0,True,520
1106,2025-07-18 23:47:48.307000,21,ZELDA,False,1,3,0,False,518
1102,2025-07-18 23:41:48.307000,21,ZELDA,False,3,1,0,True,516
1112,2025-07-18 23:56:48.412000,21,ZELDA,False,2,2,0,True,521
1110,2025-07-18 23:53:48.307000,104,ZELDA,False,1,3,0,False,520
1113,2025-07-18 23:56:48.307000,104,ZELDA,False,2,2,1,False,521
1109,2025-07-18 23:50:48.307000,104,ZELDA,False,2,3,0,False,519
1114,2025-07-18 23:56:48.307000,21,ZELDA,False,2,3,0,False,522
1108,2025-07-18 23:50:48.412000,21,ZELDA,False,3,2,0,True,519
1115,2025-07-18 23:56:48.412000,104,ZELDA,False,3,2,0,True,522
1134,2025-07-31 00:11:47.470000,39,DONKEY KONG,False,0,0,0,True,530
1141,2025-07-31 00:24:24.070000,39,DONKEY KONG,False,3,2,0,True,534
1174,2025-07-31 21:24:41.890000,39,DONKEY KONG,False,3,0,0,True,550
1175,2025-07-31 21:24:42.084000,452,CLOUD,False,0,3,0,False,550
1176,2025-07-31 21:27:33.303000,39,DONKEY KONG,False,3,-1,0,True,551
1177,2025-07-31 21:27:33.454000,452,FOX,False,0,3,0,False,551
1178,2025-07-31 21:33:17.698000,39,ROSALINA & LUMA,False,3,1,0,True,552
1100,2025-07-18 23:38:48.412000,21,MR. GAME & WATCH,False,2,3,0,False,515
1179,2025-07-31 23:43:50.046000,23,SAMUS,False,2,0,0,True,553
1180,2025-07-31 23:43:50.176000,77,JOKER,False,0,2,1,False,553
1181,2025-07-31 23:49:04.069000,77,JOKER,False,3,2,0,True,554
1182,2025-07-31 23:49:04.206000,23,SAMUS,False,2,3,0,False,554
1183,2025-07-31 23:52:47.617000,23,SAMUS,False,2,0,0,True,555
1184,2025-07-31 23:52:47.764000,77,JOKER,False,0,2,0,False,555
1185,2025-07-31 23:55:42.989000,23,SAMUS,False,3,2,0,True,556
1186,2025-07-31 23:55:43.169000,77,JOKER,False,2,3,0,False,556
1187,2025-08-01 00:01:55.409000,39,DONKEY KONG,False,3,2,0,False,557
1188,2025-08-01 00:01:55.575000,23,SAMUS,False,3,2,0,True,557
1189,2025-08-01 00:01:55.734000,77,JOKER,False,1,3,0,False,557
1103,2025-07-18 23:41:48.412000,104,ZELDA,False,1,3,0,False,516
1116,2025-07-18 23:56:48.412000,104,ZELDA,False,3,1,0,True,523
2754,2025-08-23 00:44:14.588000,21,ZELDA,False,3,2,0,True,1247
1191,2025-08-01 00:33:16.700000,452,FOX,False,0,2,0,False,558
1117,2025-07-18 23:56:48.307000,21,ZELDA,False,1,3,0,False,523
1120,2025-07-17 06:48:25.123000,39,DONKEY KONG,False,2,3,0,False,275
1121,2025-07-16 22:44:39.308000,104,ZELDA,False,2,3,0,False,268
1122,2025-07-16 22:31:54.157000,104,ZELDA,False,2,3,0,False,265
564,2025-07-16 22:08:37.704000,104,ZELDA,False,0,0,0,True,263
1140,2025-07-31 00:20:48.573000,39,DONKEY KONG,False,3,1,1,True,533
1139,2025-07-31 00:17:26.286000,1075,SONIC,False,1,1,0,True,532
1125,2025-07-30 23:55:18.396000,104,KING DEDEDE,False,3,2,0,True,525
1126,2025-07-30 23:55:18.630000,1075,SONIC,False,2,3,0,False,525
1127,2025-07-30 23:58:51.116000,104,GANONDORF,False,3,1,0,True,526
1128,2025-07-30 23:58:51.237000,1075,SONIC,False,1,3,0,False,526
1129,2025-07-31 00:02:53.279000,104,GANONDORF,False,2,2,0,True,527
1130,2025-07-31 00:02:53.448000,1075,SONIC,False,2,-3,0,False,527
1131,2025-07-31 00:05:21.125000,104,ZELDA,False,1,3,0,False,528
1132,2025-07-31 00:05:21.274000,1075,SONIC,False,0,-1,0,True,528
1133,2025-07-31 00:08:21.326000,1075,SONIC,False,2,-2,0,True,529
2791,2025-08-23 01:58:14.399000,255,KING K. ROOL,False,0,0,0,False,1260
1136,2025-07-31 00:15:06.108000,104,KING DEDEDE,False,0,0,0,False,531
1137,2025-07-31 00:15:06.260000,39,DONKEY KONG,False,0,0,0,True,531
1138,2025-07-31 00:15:06.384000,1075,SONIC,False,0,1,0,True,531
1142,2025-07-31 00:24:24.168000,452,CLOUD,False,0,2,0,True,534
1143,2025-07-31 00:27:44.742000,104,KING DEDEDE,False,2,2,0,False,535
1148,2025-07-31 00:35:05.495000,104,KING DEDEDE,False,2,0,0,True,538
1149,2025-07-31 00:35:05.629000,39,DONKEY KONG,False,0,3,0,False,538
1150,2025-07-31 00:37:56.196000,104,GANONDORF,False,3,3,0,True,539
1153,2025-07-31 00:39:32.574000,104,SAMUS,False,3,0,0,True,540
1154,2025-07-31 00:39:32.711000,39,DONKEY KONG,False,0,2,0,False,540
1155,2025-07-31 00:39:32.823000,452,MII SWORDFIGHTER,False,0,0,0,True,540
1156,2025-07-31 00:44:29.524000,39,SORA,False,3,2,0,True,541
1157,2025-07-31 00:44:29.606000,452,CLOUD,False,2,3,0,False,541
2813,2025-08-23 02:43:54.829000,255,KING K. ROOL,False,4,1,0,True,1270
2814,2025-08-23 02:43:54.967000,77,JOKER,False,1,3,0,False,1270
1160,2025-07-31 00:49:33.942000,39,DONKEY KONG,False,3,1,0,True,543
1161,2025-07-31 00:49:34.069000,104,ZELDA,False,0,3,0,False,543
1162,2025-07-31 03:22:32.735000,678,DARK PIT,False,3,2,0,True,544
1163,2025-07-31 03:22:32.860000,1112,NESS,False,2,3,0,False,544
1164,2025-07-31 03:26:41.027000,1112,NESS,False,3,2,0,True,545
1165,2025-07-31 03:26:41.131000,678,DARK PIT,False,2,2,0,False,545
2815,2025-08-23 02:43:55.101000,23,SAMUS,False,1,3,0,False,1270
1167,2025-07-31 03:30:56.535000,1112,NESS,False,2,3,0,False,546
1168,2025-07-31 03:34:44.160000,678,HERO,False,0,0,0,True,547
1169,2025-07-31 03:34:44.254000,1112,NESS,False,0,0,0,False,547
1170,2025-07-31 03:38:22.798000,1112,VILLAGER,False,1,3,0,False,548
2826,2025-08-23 03:35:57.922000,39,DONKEY KONG,False,3,1,0,True,1276
1195,2025-08-01 00:44:38.455000,77,JOKER,False,3,2,0,True,561
1196,2025-08-01 00:44:38.654000,452,CLOUD,False,2,3,0,False,561
1197,2025-08-01 00:50:51.586000,77,JOKER,False,3,2,0,True,562
1198,2025-08-01 00:50:51.696000,452,CLOUD,False,2,3,0,False,562
1199,2025-08-01 00:57:10.995000,77,JOKER,False,3,2,0,True,563
1200,2025-08-01 00:57:11.142000,452,CLOUD,False,2,3,0,False,563
1201,2025-08-01 01:03:48.445000,77,JOKER,False,3,3,0,True,564
1202,2025-08-01 01:03:48.541000,452,CLOUD,False,3,3,0,False,564
1203,2025-08-01 01:06:16.352000,77,PYRA,False,0,3,0,False,565
1204,2025-08-01 01:06:16.432000,452,CLOUD,False,3,0,0,True,565
1205,2025-08-01 01:10:15.336000,77,POKÉMON TRAINER,False,3,2,0,True,566
1206,2025-08-01 01:10:15.432000,452,STEVE,False,2,3,0,False,566
1207,2025-08-01 01:14:56.617000,77,JOKER,False,1,3,0,False,567
1208,2025-08-01 01:14:56.709000,452,CLOUD,False,3,1,0,True,567
1209,2025-08-01 01:19:38.183000,77,JOKER,False,2,1,0,True,568
1144,2025-07-31 00:27:44.859000,452,CLOUD,False,0,2,0,True,535
1151,2025-07-31 00:37:56.302000,39,DONKEY KONG,False,3,3,0,False,539
1145,2025-07-31 00:31:05.358000,39,DONKEY KONG,False,2,1,0,True,536
1146,2025-07-31 00:31:05.436000,452,CLOUD,False,1,2,0,True,536
1152,2025-07-31 00:37:56.407000,452,MR. GAME & WATCH,False,0,1,0,True,539
1147,2025-07-31 00:33:19.317000,104,ZELDA,False,2,1,0,True,537
1172,2025-07-31 21:22:20.084000,39,SORA,False,0,0,0,True,549
1194,2025-08-01 00:39:06.300000,39,CLOUD,False,3,1,0,True,560
1171,2025-07-31 03:38:22.911000,678,SEPHIROTH,False,3,1,0,True,548
1173,2025-07-31 21:22:20.234000,452,CLOUD,False,0,0,0,False,549
1210,2025-08-01 01:19:38.279000,452,FOX,False,1,2,1,False,568
1211,2025-08-01 01:31:45.571000,77,JOKER,False,2,3,0,False,569
1212,2025-08-01 01:31:45.709000,452,CLOUD,False,3,2,0,True,569
1213,2025-08-01 02:16:00.658000,190,LUCINA,False,3,2,0,True,570
1214,2025-08-01 02:16:00.765000,21,MR. GAME & WATCH,False,2,3,0,False,570
1215,2025-08-01 02:19:50.476000,190,CLOUD,False,3,1,0,True,571
2755,2025-08-23 00:46:27.213000,2586,SNAKE,False,1,3,0,False,1248
1217,2025-08-01 04:01:54.587000,255,KING K. ROOL,False,3,1,0,True,572
1218,2025-08-01 04:01:54.687000,23,SAMUS,False,1,3,0,False,572
1219,2025-08-01 04:06:10.687000,255,KING K. ROOL,False,2,3,0,False,573
1220,2025-08-01 04:06:10.824000,22,LUCINA,False,3,2,0,True,573
1221,2025-08-01 04:11:09.548000,255,KING K. ROOL,False,2,3,0,False,574
1222,2025-08-01 04:11:09.722000,22,LUCINA,False,3,2,0,True,574
1223,2025-08-01 04:18:02.192000,255,KING K. ROOL,False,2,3,0,False,575
2756,2025-08-23 00:46:27.387000,21,ZELDA,False,3,1,0,True,1248
1225,2025-08-01 04:24:13.367000,255,KING K. ROOL,False,4,2,0,True,576
2792,2025-08-23 02:02:44.403000,23,SAMUS,False,2,2,0,True,1261
1227,2025-08-01 04:31:02.586000,22,LUCINA,False,4,2,0,True,577
1228,2025-08-01 04:31:02.672000,23,SAMUS,False,2,3,0,False,577
1229,2025-08-01 04:31:02.778000,255,KING K. ROOL,False,2,3,0,False,577
1230,2025-08-01 04:36:19.740000,255,KING K. ROOL,False,1,-3,0,False,578
1234,2025-08-01 05:00:24.903000,22,LUCINA,False,2,3,0,False,579
1235,2025-08-01 05:04:54.489000,104,KING DEDEDE,False,3,2,0,True,580
1236,2025-08-01 05:04:54.600000,22,LUCINA,False,2,3,0,False,580
2793,2025-08-23 02:02:44.516000,255,KING K. ROOL,False,3,3,0,False,1261
2794,2025-08-23 02:02:44.625000,77,JOKER,False,3,3,0,False,1261
1239,2025-08-01 05:17:25.560000,104,ZELDA,False,3,2,0,True,582
1240,2025-08-01 05:17:25.669000,21,ZELDA,False,0,3,0,False,582
1242,2025-08-01 05:20:54.925000,21,MR. GAME & WATCH,False,2,3,0,False,583
1243,2025-08-01 05:26:39.029000,38,JOKER,False,3,1,0,True,584
1244,2025-08-01 05:26:39.148000,21,MR. GAME & WATCH,False,1,3,0,False,584
1245,2025-08-01 05:29:58.047000,22,LUCINA,False,0,3,0,False,585
1246,2025-08-01 05:29:58.155000,38,JOKER,False,3,0,0,True,585
1247,2025-08-01 05:32:50.042000,22,LUCINA,False,0,0,0,False,586
1248,2025-08-01 05:32:50.152000,38,JOKER,False,0,0,0,True,586
1249,2025-08-01 05:36:01.989000,22,STEVE,False,1,3,0,False,587
1250,2025-08-01 05:36:02.103000,38,JOKER,False,3,1,0,True,587
1252,2025-08-01 05:39:19.497000,38,JOKER,False,1,0,0,True,588
1253,2025-08-01 05:43:56.378000,21,MR. GAME & WATCH,False,1,3,0,True,589
1254,2025-08-01 05:50:27.477000,38,LUIGI,False,3,1,0,True,590
1255,2025-08-01 05:50:27.610000,22,LUCINA,False,1,3,0,False,590
1256,2025-08-01 05:57:54.231000,21,MR. GAME & WATCH,False,2,2,0,False,591
1257,2025-08-01 05:57:54.329000,38,LUIGI,False,6,2,0,True,591
1258,2025-08-01 05:57:54.444000,22,LUCINA,False,0,4,0,False,591
1259,2025-08-01 06:01:49.217000,21,MR. GAME & WATCH,False,2,1,0,True,592
1260,2025-08-01 06:01:49.323000,38,LUIGI,False,3,3,0,False,592
1261,2025-08-01 06:01:49.411000,22,LUCINA,False,1,2,0,True,592
1264,2025-08-01 06:24:33.484000,21,LUCINA,False,0,0,0,False,594
1265,2025-08-01 06:24:33.629000,22,LUCINA,False,0,0,0,True,594
1325,2025-08-01 08:34:57.227000,21,MR. GAME & WATCH,False,2,2,0,True,626
1326,2025-08-01 08:34:57.320000,22,ENDERMAN,False,2,3,0,False,626
1335,2025-08-03 19:01:14.916000,38,DR. MARIO,False,3,0,0,True,631
1358,2025-08-04 23:12:38.551000,77,JOKER,False,0,2,0,True,643
1359,2025-08-04 23:12:38.680000,190,CLOUD,False,2,2,0,False,643
1360,2025-08-04 23:12:38.802000,38,JOKER,False,3,2,0,False,643
1369,2025-08-05 03:25:13.279000,77,JOKER,False,0,3,0,False,647
1376,2025-08-05 03:36:25.150000,21,GANONDORF,False,3,1,0,True,651
1407,2025-08-05 04:48:12.496000,21,ZELDA,False,0,0,0,True,667
1416,2025-08-05 05:09:04.525000,74,MARIO,False,1,2,0,True,671
1422,2025-08-05 05:35:17.380000,74,BYLETH,False,2,3,0,False,675
1423,2025-08-05 05:35:17.484000,22,LINK,False,2,2,0,True,675
1430,2025-08-05 17:08:59.580000,39,DONKEY KONG,False,3,2,0,True,679
1431,2025-08-05 17:08:59.732000,21,MR. GAME & WATCH,False,2,3,0,False,679
1438,2025-08-05 17:29:42.834000,21,MR. GAME & WATCH,False,3,2,0,True,683
1444,2025-08-05 17:47:53.302000,54,STEVE,False,3,2,0,True,687
1445,2025-08-05 17:47:53.456000,21,MR. GAME & WATCH,False,2,3,0,False,687
1452,2025-08-05 19:18:46.353000,21,MR. GAME & WATCH,False,2,2,1,False,691
1460,2025-08-05 19:43:40.026000,21,MR. GAME & WATCH,False,3,2,0,True,695
1461,2025-08-05 19:43:40.154000,190,CLOUD,False,2,3,0,False,695
1231,2025-08-01 04:36:19.835000,22,LUCINA,False,3,0,0,True,578
1232,2025-08-01 04:36:19.930000,23,SAMUS,False,0,0,0,False,578
1233,2025-08-01 05:00:24.777000,104,KING DEDEDE,False,3,2,0,True,579
1251,2025-08-01 05:39:19.375000,21,MR. GAME & WATCH,False,0,1,0,False,588
1262,2025-08-01 06:20:28.323000,21,LUCINA,False,3,1,0,True,593
1285,2025-08-01 07:07:08.457000,22,ENDERMAN,False,3,1,0,True,605
1284,2025-08-01 07:07:08.360000,21,LUCINA,False,1,3,0,False,605
1336,2025-08-03 19:01:15.070000,77,JOKER,False,0,3,0,False,631
1370,2025-08-05 03:25:13.388000,21,MR. GAME & WATCH,False,3,0,0,True,647
1399,2025-08-05 04:27:57.054000,190,LUCINA,False,3,1,0,True,663
1400,2025-08-05 04:27:57.160000,22,ENDERMAN,False,1,3,0,False,663
1342,2025-08-04 03:17:55.932000,39,DONKEY KONG,False,3,2,0,True,635
1351,2025-08-04 22:54:12.568000,77,JOKER,False,0,3,0,False,639
1343,2025-08-04 03:17:56.042000,190,CLOUD,False,2,3,0,False,635
1406,2025-08-05 04:48:12.381000,22,LITTLE MAC,False,3,1,0,True,667
1384,2025-08-05 04:01:27.893000,22,ENDERMAN,False,2,3,0,False,655
1392,2025-08-05 04:12:35.955000,22,CLOUD,False,1,3,0,False,659
1383,2025-08-05 04:01:27.713000,190,LUCINA,False,3,2,0,True,655
1453,2025-08-05 19:18:46.433000,190,LUCINA,False,1,2,0,True,691
1391,2025-08-05 04:12:35.813000,190,LUCINA,False,3,1,0,True,659
1468,2025-08-06 00:42:17.952000,104,KING DEDEDE,False,3,1,0,True,699
1469,2025-08-06 00:42:18.100000,39,DONKEY KONG,False,1,3,0,False,699
1603,2025-08-07 21:29:45.500000,21,MR. GAME & WATCH,False,0,2,1,False,763
1604,2025-08-07 21:29:45.614000,38,JOKER,False,2,0,0,True,763
1605,2025-08-07 21:33:03.314000,21,MR. GAME & WATCH,False,0,3,0,False,764
1606,2025-08-07 21:33:03.471000,38,JOKER,False,3,0,0,True,764
1607,2025-08-07 21:39:55.959000,21,MR. GAME & WATCH,False,2,3,0,False,765
1608,2025-08-07 21:39:56.111000,38,JOKER,False,3,2,0,True,765
1609,2025-08-07 21:45:04.104000,21,MR. GAME & WATCH,False,2,3,0,False,766
1610,2025-08-07 21:45:04.222000,38,JOKER,False,3,2,0,True,766
1611,2025-08-07 21:47:46.579000,21,MR. GAME & WATCH,False,1,3,0,False,767
1612,2025-08-07 21:47:46.681000,38,JOKER,False,3,1,0,True,767
1613,2025-08-07 21:52:28.854000,21,MR. GAME & WATCH,False,0,3,0,False,768
1614,2025-08-07 21:52:29,38,JOKER,False,3,1,0,True,768
1615,2025-08-07 21:56:42.022000,21,MR. GAME & WATCH,False,1,3,0,False,769
1616,2025-08-07 21:56:42.133000,38,JOKER,False,3,1,0,True,769
1617,2025-08-07 22:51:29.982000,104,ZELDA,False,3,1,0,True,770
1618,2025-08-07 22:51:30.108000,54,DONKEY KONG,False,1,3,0,False,770
1619,2025-08-08 00:54:10.947000,21,MR. GAME & WATCH,False,0,3,0,False,771
1621,2025-08-08 00:58:01.063000,21,MR. GAME & WATCH,False,3,2,0,True,772
1622,2025-08-08 01:01:02.696000,21,MR. GAME & WATCH,False,1,3,0,False,773
1623,2025-08-08 01:01:02.798000,104,ZELDA,False,3,1,0,True,773
2757,2025-08-23 00:51:13.725000,2586,ROY,False,3,1,0,True,1249
2758,2025-08-23 00:51:13.861000,77,JOKER,False,1,3,0,False,1249
1632,2025-08-08 01:19:25.387000,21,MR. GAME & WATCH,False,3,2,0,True,778
1634,2025-08-08 01:21:39.204000,21,MR. GAME & WATCH,False,3,0,0,True,779
1635,2025-08-08 01:21:39.344000,104,ZELDA,False,0,3,0,False,779
1640,2025-08-08 01:37:40.792000,104,ZELDA,False,3,2,0,True,782
1642,2025-08-08 01:43:37.005000,21,MR. GAME & WATCH,False,2,3,0,False,783
1643,2025-08-08 01:43:37.114000,23,SAMUS,False,3,2,0,True,783
2795,2025-08-23 02:08:20.721000,23,SAMUS,False,2,3,0,False,1262
2796,2025-08-23 02:08:20.850000,255,KING K. ROOL,False,5,2,0,True,1262
1646,2025-08-08 01:54:49.189000,21,MR. GAME & WATCH,False,3,1,0,True,785
1647,2025-08-08 01:54:49.276000,23,SAMUS,False,1,3,0,False,785
2797,2025-08-23 02:08:20.987000,77,JOKER,False,1,3,0,False,1262
2816,2025-08-23 02:48:11.302000,23,SAMUS,False,2,3,0,False,1271
1650,2025-08-08 02:33:29.998000,21,MR. GAME & WATCH,False,3,2,0,True,787
1651,2025-08-08 02:33:30.107000,39,DONKEY KONG,False,2,3,0,False,787
1652,2025-08-08 02:38:09.640000,21,MR. GAME & WATCH,False,3,1,0,True,788
1654,2025-08-08 02:58:56.630000,21,ZELDA,False,2,3,0,False,789
1655,2025-08-08 02:58:56.726000,23,SAMUS,False,3,2,0,True,789
2817,2025-08-23 02:48:11.453000,255,KING K. ROOL,False,3,2,0,True,1271
1657,2025-08-08 18:09:41.437000,54,BOWSER,False,0,3,0,False,790
1658,2025-08-08 18:13:14.615000,104,ZELDA,False,3,2,0,True,791
1659,2025-08-08 18:13:14.849000,54,STEVE,False,2,3,0,False,791
2827,2025-08-23 03:35:58.100000,2660,NESS,False,0,3,0,False,1276
2834,2025-08-23 05:57:01.948000,22,ENDERMAN,False,3,1,0,True,1280
2835,2025-08-23 05:57:02.136000,21,ZELDA,False,1,3,0,False,1280
1665,2025-08-09 01:21:22.865000,54,JOKER,False,2,2,0,False,794
1666,2025-08-09 01:23:48.541000,54,JOKER,False,3,2,0,True,795
1667,2025-08-09 01:23:48.710000,104,ZELDA,False,2,3,0,False,795
1668,2025-08-09 01:26:38.878000,54,JOKER,False,1,3,0,False,796
1669,2025-08-09 01:26:38.978000,104,ZELDA,False,3,1,0,True,796
1681,2025-08-09 01:46:53.367000,54,JOKER,False,2,3,0,False,802
1620,2025-08-08 00:54:11.064000,104,ZELDA,False,3,0,0,True,771
1641,2025-08-08 01:37:40.948000,21,MR. GAME & WATCH,False,2,3,0,False,782
1628,2025-08-08 01:12:17.035000,21,MR. GAME & WATCH,False,1,3,0,False,776
1630,2025-08-08 01:15:56.324000,21,MR. GAME & WATCH,False,1,3,0,False,777
1653,2025-08-08 02:38:09.753000,39,DONKEY KONG,False,1,3,0,False,788
1624,2025-08-08 01:05:30.518000,21,MR. GAME & WATCH,False,3,1,0,True,774
1660,2025-08-08 18:16:00.819000,104,ZELDA,False,2,1,0,True,792
1638,2025-08-08 01:33:33.597000,21,MR. GAME & WATCH,False,3,2,0,True,781
1633,2025-08-08 01:19:25.479000,104,ZELDA,False,2,3,0,False,778
1626,2025-08-08 01:09:08.389000,21,MR. GAME & WATCH,False,2,3,0,False,775
1631,2025-08-08 01:15:56.405000,104,ZELDA,False,3,1,0,True,777
1627,2025-08-08 01:09:08.521000,104,ZELDA,False,3,2,0,True,775
1674,2025-08-09 01:36:53.971000,104,ZELDA,False,3,1,0,True,799
1639,2025-08-08 01:33:33.717000,104,ZELDA,False,2,3,0,False,781
1672,2025-08-09 01:33:01.028000,54,JOKER,False,3,1,0,True,798
1637,2025-08-08 01:29:14.130000,104,ZELDA,False,1,3,0,False,780
1636,2025-08-08 01:29:14.014000,21,MR. GAME & WATCH,False,3,1,0,True,780
1661,2025-08-08 18:16:00.929000,50,YOSHI,False,1,2,1,False,792
1670,2025-08-09 01:29:23.518000,104,ZELDA,False,3,1,0,True,797
1671,2025-08-09 01:29:23.665000,54,JOKER,False,1,3,0,False,797
1676,2025-08-09 01:39:20.209000,54,JOKER,False,0,3,0,False,800
1673,2025-08-09 01:33:01.139000,104,ZELDA,False,1,3,0,False,798
1675,2025-08-09 01:36:54.066000,54,JOKER,False,1,3,0,False,799
1677,2025-08-09 01:39:20.317000,104,ZELDA,False,3,0,0,True,800
1688,2025-08-09 21:03:03.772000,54,JOKER,False,3,0,0,True,806
1680,2025-08-09 01:46:53.263000,104,ZELDA,False,3,2,0,True,802
1689,2025-08-09 21:03:03.938000,39,DONKEY KONG,False,0,3,0,False,806
1679,2025-08-09 01:42:21.828000,54,DONKEY KONG,False,2,3,0,False,801
1678,2025-08-09 01:42:21.701000,104,ZELDA,False,3,2,0,True,801
1692,2025-08-09 21:08:28.269000,54,INCINEROAR,False,3,1,0,True,808
1685,2025-08-09 03:24:56.011000,54,DONKEY KONG,False,3,1,0,True,804
1686,2025-08-09 03:30:54.566000,22,ENDERMAN,False,2,3,0,False,805
1683,2025-08-09 03:22:01.382000,22,LUCINA,False,2,3,0,False,803
1684,2025-08-09 03:24:55.913000,22,LUCINA,False,1,3,0,False,804
1687,2025-08-09 03:30:54.676000,54,DONKEY KONG,False,3,2,0,True,805
1690,2025-08-09 21:06:06.669000,54,DONKEY KONG,False,3,2,0,True,807
1691,2025-08-09 21:06:06.799000,39,DONKEY KONG,False,2,3,0,False,807
1693,2025-08-09 21:08:28.446000,39,DONKEY KONG,False,1,3,0,False,808
2759,2025-08-23 00:55:50.266000,2586,WOLF,False,2,3,0,False,1250
2760,2025-08-23 00:55:50.478000,77,JOKER,False,3,2,0,True,1250
1697,2025-08-09 21:15:27.370000,39,DONKEY KONG,False,2,3,0,False,810
1698,2025-08-09 21:19:02.132000,39,DONKEY KONG,False,3,2,0,True,811
1699,2025-08-09 21:22:09.616000,54,LINK,False,1,3,0,False,812
1700,2025-08-09 21:22:09.745000,39,DONKEY KONG,False,3,1,0,True,812
1701,2025-08-09 21:25:46.582000,54,INCINEROAR,False,3,2,0,True,813
1702,2025-08-09 21:25:46.701000,39,DONKEY KONG,False,2,3,0,False,813
1705,2025-08-09 22:55:48.178000,39,DONKEY KONG,False,2,3,0,False,815
2798,2025-08-23 02:12:20.650000,23,SAMUS,False,3,2,0,True,1263
2799,2025-08-23 02:12:20.803000,255,KING K. ROOL,False,2,3,0,False,1263
2819,2025-08-23 02:54:01.648000,22,ENDERMAN,False,3,2,0,True,1272
1710,2025-08-10 00:53:24.175000,54,DONKEY KONG,False,3,2,0,True,818
2818,2025-08-23 02:54:01.474000,2821,ZOMBIE,False,2,3,0,False,1272
1713,2025-08-10 00:59:57.830000,54,JOKER,False,3,2,0,True,820
1714,2025-08-10 00:59:57.974000,22,LUCINA,False,2,3,0,False,820
1715,2025-08-10 01:04:00.953000,54,JOKER,False,3,2,0,True,821
1716,2025-08-10 01:04:01.106000,22,LUCINA,False,2,3,0,False,821
1719,2025-08-11 09:15:27.132000,21,MR. GAME & WATCH,False,3,2,0,True,823
1720,2025-08-11 09:15:27.333000,39,DONKEY KONG,False,2,3,0,False,823
1723,2025-08-11 09:27:10.364000,39,DONKEY KONG,False,3,2,0,True,826
1724,2025-08-11 09:27:10.458000,21,MR. GAME & WATCH,False,2,3,0,False,826
1727,2025-08-12 01:41:04.588000,23,KING K. ROOL,False,3,1,0,True,828
1728,2025-08-12 01:41:04.713000,77,MYTHRA,False,1,3,0,False,828
1729,2025-08-12 01:45:30.356000,23,SAMUS,False,3,2,0,True,829
1730,2025-08-12 01:45:30.559000,77,JOKER,False,2,2,0,False,829
1731,2025-08-12 02:02:24.424000,23,SAMUS,False,4,3,2,False,830
1732,2025-08-12 02:02:24.583000,77,JOKER,False,0,3,0,False,830
1733,2025-08-12 02:02:24.758000,39,DONKEY KONG,False,4,2,0,True,830
1734,2025-08-12 02:02:24.888000,376,CLOUD,False,2,2,0,True,830
1735,2025-08-12 02:05:54.683000,23,SAMUS,False,3,3,1,False,831
1736,2025-08-12 02:05:54.818000,39,DONKEY KONG,False,3,2,0,True,831
1737,2025-08-12 02:05:54.955000,376,CLOUD,False,0,2,0,True,831
1738,2025-08-12 02:11:15.524000,23,SAMUS,False,0,3,1,False,832
1739,2025-08-12 02:11:15.680000,77,JOKER,False,1,1,0,False,832
1740,2025-08-12 02:11:15.782000,39,DONKEY KONG,False,3,1,1,True,832
1742,2025-08-12 02:18:46.432000,23,SAMUS,False,1,3,0,False,833
1743,2025-08-12 02:18:46.547000,77,JOKER,False,2,3,0,True,833
1744,2025-08-12 03:15:27.489000,23,SAMUS,False,2,1,0,True,834
1746,2025-08-12 03:19:17.467000,23,SAMUS,False,0,0,0,True,835
1747,2025-08-12 03:19:17.601000,77,JOKER,False,2,3,0,False,835
1749,2025-08-12 03:22:10.756000,23,SAMUS,False,0,1,0,True,836
1750,2025-08-12 03:22:10.876000,77,JOKER,False,2,2,1,False,836
1751,2025-08-12 03:22:10.991000,39,DONKEY KONG,False,4,1,0,True,836
1752,2025-08-12 03:22:11.111000,22,LUCINA,False,3,2,1,False,836
1753,2025-08-12 03:26:02.504000,23,SAMUS,False,3,1,0,True,837
1754,2025-08-12 03:26:02.654000,77,JOKER,False,2,2,0,False,837
1755,2025-08-12 03:26:02.757000,39,DONKEY KONG,False,3,3,0,True,837
1756,2025-08-12 03:26:02.865000,22,LUCINA,False,0,3,0,False,837
1757,2025-08-12 03:31:23.868000,23,SAMUS,False,2,3,1,True,838
1758,2025-08-12 03:31:24.002000,678,HERO,False,3,3,0,False,838
1759,2025-08-12 03:31:24.104000,39,DONKEY KONG,False,4,2,0,True,838
1760,2025-08-12 03:35:49.177000,23,SAMUS,False,2,2,0,True,839
1761,2025-08-12 03:35:49.278000,678,HERO,False,2,3,0,False,839
1763,2025-08-12 03:35:49.559000,22,ENDERMAN,False,0,3,0,False,839
1764,2025-08-12 03:39:05.563000,23,SAMUS,False,2,1,1,True,840
1765,2025-08-12 03:39:05.634000,39,DONKEY KONG,False,3,2,0,True,840
1766,2025-08-12 03:39:05.709000,22,LUCINA,False,0,3,1,False,840
1767,2025-08-12 03:42:26.909000,23,SAMUS,False,2,1,0,True,841
1768,2025-08-12 03:42:27.020000,678,HERO,False,3,2,1,False,841
1769,2025-08-12 03:42:27.121000,39,DONKEY KONG,False,3,2,0,True,841
1770,2025-08-12 03:42:27.220000,22,ZOMBIE,False,3,4,0,False,841
1771,2025-08-12 03:47:04.173000,23,SAMUS,False,2,1,1,True,842
1772,2025-08-12 03:47:04.287000,678,HERO,False,1,3,0,False,842
1773,2025-08-12 03:47:04.403000,39,DONKEY KONG,False,4,2,0,True,842
1774,2025-08-12 03:52:28.928000,39,DONKEY KONG,False,2,2,0,True,843
1778,2025-08-12 03:59:44.196000,21,ZELDA,False,3,2,0,True,845
1779,2025-08-12 03:59:44.306000,678,HERO,False,2,2,1,False,845
1781,2025-08-12 04:03:13.479000,21,MR. GAME & WATCH,False,2,2,1,True,846
1782,2025-08-12 04:03:13.602000,678,HERO,False,1,2,1,False,846
1783,2025-08-12 04:03:13.726000,39,DONKEY KONG,False,3,1,0,True,846
1784,2025-08-12 04:07:48.903000,21,MR. GAME & WATCH,False,3,2,0,True,847
1696,2025-08-09 21:15:27.263000,54,KING K. ROOL,False,3,2,0,True,810
1703,2025-08-09 21:28:13.902000,54,INCINEROAR,False,3,2,0,True,814
1704,2025-08-09 22:55:48.061000,54,DONKEY KONG,False,3,2,0,True,815
1717,2025-08-11 09:11:42.357000,21,MR. GAME & WATCH,False,3,2,0,True,822
1721,2025-08-11 09:18:56.899000,39,DONKEY KONG,False,2,2,0,True,824
1718,2025-08-11 09:11:42.515000,39,DONKEY KONG,False,2,3,0,False,822
1725,2025-08-12 01:34:29.280000,23,SAMUS,False,3,1,0,True,827
1711,2025-08-10 00:57:57.915000,22,LUCINA,False,3,2,0,True,819
1726,2025-08-12 01:34:29.447000,77,JOKER,False,1,3,0,False,827
1762,2025-08-12 03:35:49.423000,39,DONKEY KONG,False,5,3,0,True,839
1745,2025-08-12 03:15:27.648000,77,JOKER,False,0,3,0,False,834
1722,2025-08-11 09:23:19.279000,39,DONKEY KONG,False,3,2,0,True,825
1741,2025-08-12 02:11:15.904000,376,CLOUD,False,0,0,0,True,832
1748,2025-08-12 03:19:17.718000,22,ENDERMAN,False,1,3,0,False,835
1776,2025-08-12 03:56:36.157000,678,HERO,False,5,2,0,True,844
1780,2025-08-12 03:59:44.384000,22,ENDERMAN,False,2,4,0,False,845
1775,2025-08-12 03:56:36.002000,21,ZELDA,False,2,2,0,False,844
1777,2025-08-12 03:56:36.301000,22,ENDERMAN,False,1,2,0,True,844
1785,2025-08-12 04:07:49.090000,39,DONKEY KONG,False,2,3,0,False,847
1786,2025-08-12 04:10:55.681000,21,MR. GAME & WATCH,False,1,3,0,False,848
1787,2025-08-12 04:10:55.815000,39,DONKEY KONG,False,3,1,0,True,848
2761,2025-08-23 01:19:37.643000,22,ENDERMAN,False,2,2,0,False,1251
2762,2025-08-23 01:19:37.842000,21,ZELDA,False,6,2,1,True,1251
1790,2025-08-12 04:20:05.539000,21,ZELDA,False,0,3,0,False,850
1791,2025-08-12 04:20:05.662000,39,DONKEY KONG,False,3,1,0,True,850
2763,2025-08-23 01:19:37.995000,77,JOKER,False,0,2,0,True,1251
2764,2025-08-23 01:19:38.194000,255,KING K. ROOL,False,1,4,0,False,1251
4536,2025-09-15 00:35:11.740000,22,ENDERMAN,False,3,3,0,False,1958
1798,2025-08-12 05:35:12.363000,22,LUCINA,False,0,3,0,False,854
1799,2025-08-12 05:35:12.498000,678,HERO,False,3,0,0,True,854
1804,2025-08-12 05:46:23.752000,22,LUCINA,False,1,3,0,False,857
1806,2025-08-12 05:49:03.572000,77,JOKER,False,0,3,0,False,858
1807,2025-08-12 05:49:03.703000,678,HERO,False,3,0,0,True,858
1808,2025-08-12 05:53:04.536000,77,JOKER,False,1,3,0,False,859
1810,2025-08-12 05:58:35.510000,77,JOKER,False,2,-3,0,False,860
1811,2025-08-12 05:58:35.625000,678,HERO,False,3,3,0,True,860
1809,2025-08-12 05:53:04.631000,678,HERO,False,3,1,0,True,859
1805,2025-08-12 05:46:23.878000,21,ZELDA,False,3,1,0,True,857
1803,2025-08-12 05:43:10.102000,678,HERO,False,0,3,0,False,856
1795,2025-08-12 05:29:27.088000,678,HERO,False,2,3,0,False,852
1812,2025-08-12 06:03:44.684000,23,SAMUS,False,2,3,0,False,861
1813,2025-08-12 06:03:44.835000,678,DARK PIT,False,2,2,0,True,861
1814,2025-08-12 06:07:49.562000,678,DARK PIT,False,3,1,0,True,862
1815,2025-08-12 06:13:18.484000,22,LUCINA,False,3,2,0,True,863
1816,2025-08-12 06:13:18.556000,678,DARK PIT,False,2,3,0,False,863
1817,2025-08-12 06:07:49.562000,23,SAMUS,False,1,3,0,False,862
1818,2025-08-12 06:20:30.540000,22,LUCINA,False,2,3,0,True,864
2801,2025-08-23 02:16:51.511000,77,JOKER,False,2,3,0,False,1264
2820,2025-08-23 02:58:14.368000,22,ENDERMAN,False,3,1,0,True,1273
1826,2025-08-12 06:35:53.966000,21,MR. GAME & WATCH,False,2,3,0,False,868
1828,2025-08-12 06:41:20.263000,21,MR. GAME & WATCH,False,2,2,0,False,869
1829,2025-08-12 06:41:20.370000,22,ENDERMAN,False,2,2,0,True,869
1830,2025-08-12 06:45:43.995000,21,MR. GAME & WATCH,False,2,2,0,False,870
1832,2025-08-12 06:49:01.589000,21,ZELDA,False,2,3,0,False,871
1833,2025-08-12 06:49:01.692000,22,ENDERMAN,False,3,2,0,True,871
1834,2025-08-12 06:54:37.015000,21,ZELDA,False,4,2,1,True,872
1835,2025-08-12 06:54:37.100000,22,LUCINA,False,2,3,0,True,872
1836,2025-08-12 06:54:37.188000,39,DONKEY KONG,False,2,3,0,False,872
1837,2025-08-12 06:54:37.262000,23,SAMUS,False,2,3,0,False,872
1838,2025-08-12 07:39:34.940000,21,JOKER,False,3,3,0,True,873
1839,2025-08-12 07:39:35.019000,22,CLOUD,False,3,3,0,False,873
1840,2025-08-12 07:44:01.380000,21,JOKER,False,3,2,0,True,874
1841,2025-08-12 07:44:01.487000,22,CLOUD,False,2,3,0,False,874
1842,2025-08-12 07:46:50.387000,21,STEVE,False,0,3,0,False,875
1843,2025-08-12 07:46:50.508000,22,CLOUD,False,3,1,0,True,875
1844,2025-08-12 07:50:20.498000,21,JOKER,False,3,2,0,True,876
1845,2025-08-12 07:50:20.601000,22,CLOUD,False,2,3,0,False,876
1846,2025-08-12 07:57:54.353000,21,LUCINA,False,3,2,0,True,877
1847,2025-08-12 07:57:54.447000,22,CLOUD,False,2,3,0,False,877
1848,2025-08-12 08:06:33.106000,21,LUCINA,False,3,2,0,True,878
1849,2025-08-12 08:06:33.271000,22,CLOUD,False,2,3,0,False,878
1850,2025-08-12 08:11:36.194000,21,LUCINA,False,3,2,0,True,879
1851,2025-08-12 08:11:36.315000,22,CLOUD,False,2,3,0,False,879
1852,2025-08-12 08:16:17.456000,21,LUCINA,False,3,2,0,True,880
1853,2025-08-12 08:20:02.649000,21,KING K. ROOL,False,3,2,0,True,881
1856,2025-08-12 08:29:32.252000,21,FOX,False,3,3,0,True,883
1857,2025-08-12 08:29:32.362000,22,CLOUD,False,2,3,0,False,883
1860,2025-08-12 08:39:52.934000,21,FOX,False,2,3,0,False,885
1861,2025-08-12 08:39:53.040000,22,CLOUD,False,3,2,0,True,885
1862,2025-08-12 08:49:37.288000,21,FOX,False,2,1,0,True,886
1863,2025-08-12 08:49:37.400000,23,SAMUS,False,3,3,0,False,886
1864,2025-08-12 09:09:31.947000,21,FOX,False,3,3,0,False,887
1865,2025-08-12 09:09:32.103000,22,LITTLE MAC,False,4,3,0,False,887
1866,2025-08-12 09:09:32.239000,23,SAMUS,False,1,2,0,True,887
1867,2025-08-12 09:13:54.244000,23,SAMUS,False,0,3,0,False,888
1868,2025-08-12 09:13:54.392000,22,DONKEY KONG,False,3,2,0,False,888
1869,2025-08-12 09:13:54.539000,21,PALUTENA,False,4,2,0,True,888
1870,2025-08-12 09:18:42.529000,23,SAMUS,False,1,3,0,False,889
1871,2025-08-12 09:18:42.671000,21,KING K. ROOL,False,4,2,0,True,889
1872,2025-08-12 09:23:16.991000,22,DONKEY KONG,False,2,3,0,False,890
1873,2025-08-12 09:23:17.127000,21,FOX,False,3,2,0,True,890
1874,2025-08-12 09:27:07.404000,22,DONKEY KONG,False,2,3,0,False,891
1875,2025-08-12 09:27:07.588000,21,FOX,False,3,2,0,True,891
1876,2025-08-12 09:30:11.473000,22,CLOUD,False,3,1,0,True,892
1877,2025-08-12 09:30:11.639000,21,FOX,False,1,3,0,False,892
1794,2025-08-12 05:29:26.958000,21,ZELDA,False,3,2,0,True,852
1796,2025-08-12 05:32:17.062000,21,MR. GAME & WATCH,False,3,1,0,True,853
1802,2025-08-12 05:43:10.006000,22,LUCINA,False,3,0,0,True,856
1820,2025-08-12 06:24:13.164000,21,ZELDA,False,3,1,0,True,865
1822,2025-08-12 06:26:56.377000,21,MR. GAME & WATCH,False,3,1,0,True,866
1801,2025-08-12 05:38:35.557000,678,HERO,False,1,3,0,False,855
1800,2025-08-12 05:38:35.463000,22,LUCINA,False,3,1,0,True,855
1821,2025-08-12 06:24:13.272000,22,LUCINA,False,1,3,0,False,865
1823,2025-08-12 06:26:56.490000,22,LUCINA,False,1,3,0,False,866
1827,2025-08-12 06:35:54.075000,22,ENDERMAN,False,3,2,0,True,868
1831,2025-08-12 06:45:44.124000,22,ENDERMAN,False,2,2,0,True,870
1788,2025-08-12 04:15:03.148000,21,MR. GAME & WATCH,False,3,2,0,True,849
1789,2025-08-12 04:15:03.253000,39,DONKEY KONG,False,2,3,0,False,849
1854,2025-08-12 08:25:03.943000,22,CLOUD,False,3,2,0,True,882
1858,2025-08-12 08:35:01.664000,22,CLOUD,False,3,2,0,True,884
1878,2025-08-12 09:34:58.486000,22,CLOUD,False,3,2,0,True,893
1879,2025-08-12 09:34:58.633000,21,FOX,False,2,3,0,False,893
2765,2025-08-23 01:23:06.669000,22,ENDERMAN,False,4,1,1,True,1252
1882,2025-08-12 09:42:16.872000,22,CLOUD,False,2,3,0,False,895
1883,2025-08-12 09:42:17.013000,21,MR. GAME & WATCH,False,3,2,0,True,895
1884,2025-08-12 09:52:15.858000,22,CLOUD,False,2,3,0,False,896
1885,2025-08-12 09:52:16.049000,21,MR. GAME & WATCH,False,3,2,0,True,896
1923,2025-08-01 07:38:40.444000,22,ENDERMAN,False,3,1,0,True,614
1886,2025-07-31 00:05:21.274000,39,DONKEY KONG,False,1,0,0,True,528
1924,2025-08-01 07:38:40.338000,21,MR. GAME & WATCH,False,1,3,0,False,614
1888,2025-07-31 00:08:21.326000,104,ZELDA,False,3,3,0,False,529
1887,2025-07-31 00:08:21.326000,39,DONKEY KONG,False,2,2,0,True,529
1925,2025-08-01 07:49:42.888000,21,ZELDA,False,2,3,0,False,615
1926,2025-08-01 08:01:43.475000,22,ENDERMAN,False,2,3,0,False,616
1889,2025-07-31 00:11:47.470000,1075,SONIC,False,0,2,0,True,530
1890,2025-07-31 00:11:47.470000,104,KING DEDEDE,False,2,3,0,False,530
1891,2025-07-31 00:17:26.286000,104,KING DEDEDE,False,1,1,0,False,532
1892,2025-07-31 00:17:26.286000,39,DONKEY KONG,False,1,1,0,True,532
1893,2025-07-31 00:20:48.573000,1075,SONIC,False,0,1,0,True,533
1894,2025-07-31 00:20:48.573000,104,KING DEDEDE,False,1,3,0,False,533
1895,2025-07-31 00:24:24.168000,104,KING DEDEDE,False,0,3,0,False,534
1896,2025-07-31 00:27:44.859000,39,DONKEY KONG,False,3,2,0,True,535
1897,2025-07-31 00:31:05.358000,104,KING DEDEDE,False,3,3,0,False,536
1898,2025-07-31 00:33:19.317000,39,DONKEY KONG,False,2,1,0,False,537
1899,2025-07-31 00:33:19.317000,452,CLOUD,False,2,1,0,True,537
1900,2025-07-31 00:35:05.629000,452,CLOUD,False,0,3,0,True,538
1927,2025-08-01 08:01:43.361000,21,ZELDA,False,3,2,0,True,616
1901,2025-07-31 03:30:56.535000,678,HERO,False,3,2,0,True,546
1902,2025-07-31 21:33:17.698000,452,SHIEK,False,1,3,0,False,552
1903,2025-08-01 00:33:16.700000,39,FOX,False,3,2,0,True,558
1904,2025-08-01 00:33:16.700000,452,CLOUD,False,1,3,0,False,559
1905,2025-08-01 00:33:16.700000,39,DONKEY KONG,False,3,1,0,True,559
1906,2025-08-01 00:39:06.300000,452,CLOUD,False,1,3,0,False,560
1907,2025-08-01 02:19:50.476000,21,MR. GAME & WATCH,False,2,3,0,False,571
1908,2025-08-01 04:18:02.192000,22,LUCINA,False,4,3,0,False,575
1224,2025-08-01 04:18:02.322000,23,SAMUS,False,2,2,0,True,575
1909,2025-08-01 04:24:13.497000,22,LUCINA,False,1,3,0,False,576
1226,2025-08-01 04:24:13.497000,23,SAMUS,False,3,3,0,False,576
1910,2025-08-01 07:29:49.115000,21,ZELDA,False,2,3,0,False,581
1911,2025-08-01 07:29:49.115000,104,ZELDA,False,3,2,0,True,581
1912,2025-08-01 07:29:49.115000,104,ZELDA,False,3,2,0,True,583
1913,2025-08-01 05:43:56.378000,22,LUCINA,False,1,3,0,True,589
1914,2025-08-01 05:43:56.378000,38,LUIGI,False,1,3,0,False,589
1915,2025-08-01 05:50:27.610000,21,MR. GAME & WATCH,False,1,3,0,False,590
1928,2025-08-01 08:01:43.361000,21,ZELDA,False,3,2,0,True,617
1263,2025-08-01 06:20:28.435000,22,LUCINA,False,1,3,0,False,593
1916,2025-08-01 06:33:03.207000,21,LUCINA,False,3,2,0,True,596
1917,2025-08-01 06:33:03.207000,21,LUCINA,False,2,3,0,False,597
1918,2025-08-01 06:33:03.207000,22,LUCINA,False,3,2,0,True,597
1929,2025-08-01 08:01:43.475000,22,ENDERMAN,False,2,3,0,False,617
1930,2025-08-01 08:01:43.475000,22,ENDERMAN,False,2,3,0,False,620
1274,2025-08-01 06:44:59.323000,21,LUCINA,False,3,1,0,True,599
1931,2025-08-01 08:01:43.361000,21,MR. GAME & WATCH,False,3,2,0,True,620
1275,2025-08-01 06:44:59.408000,22,LUCINA,False,1,3,0,False,599
1919,2025-08-01 06:49:44.072000,22,LUCINA,False,2,3,0,False,600
1920,2025-08-01 06:52:41.706000,21,LUCINA,False,1,3,0,False,601
1921,2025-08-01 07:00:10.679000,22,LUCINA,False,3,2,0,True,603
1922,2025-08-01 07:00:10.679000,21,LUCINA,False,2,3,0,False,604
1288,2025-08-01 07:18:35.729000,22,STEVE,False,3,2,0,True,607
1316,2025-08-01 08:15:47.078000,22,ENDERMAN,False,3,2,0,True,621
1289,2025-08-01 07:18:35.834000,21,MR. GAME & WATCH,False,2,3,0,False,607
1299,2025-08-01 07:38:40.444000,22,ENDERMAN,False,2,3,0,False,612
1300,2025-08-01 07:43:00.805000,21,MR. GAME & WATCH,False,3,2,0,False,613
2766,2025-08-23 01:23:06.829000,21,ZELDA,False,2,3,0,False,1252
1317,2025-08-01 08:15:47.175000,22,MR. GAME & WATCH,False,2,3,0,False,621
1932,2025-08-01 08:01:43.475000,22,ENDERMAN,False,2,3,0,False,622
1933,2025-08-01 08:01:43.475000,22,ENDERMAN,False,2,3,0,False,623
1337,2025-08-03 19:05:51.289000,38,MARIO,False,3,0,0,True,632
1341,2025-08-04 03:15:13.388000,39,DONKEY KONG,False,1,3,0,False,634
1338,2025-08-03 19:05:51.416000,77,JOKER,False,0,3,0,False,632
1934,2025-08-03 19:05:51.416000,77,JOKER,False,0,3,0,False,633
1940,2025-08-12 19:02:53.685000,452,CLOUD,False,3,1,0,True,898
1340,2025-08-04 03:15:13.240000,190,CLOUD,False,3,1,0,True,634
1350,2025-08-04 22:54:12.443000,38,BOWSER,False,3,0,0,True,639
1935,2025-08-04 23:05:45.937000,190,LUCINA,False,0,3,0,False,642
1366,2025-08-05 03:19:17.605000,77,JOKER,False,1,3,0,False,645
1936,2025-08-05 03:25:13.279000,77,JOKER,False,0,3,0,False,648
1937,2025-08-05 03:34:26.181000,77,JOKER,False,2,3,0,False,651
1941,2025-08-12 19:02:53.836000,376,CLOUD,False,1,3,0,False,898
1942,2025-08-12 20:26:20.845000,452,CLOUD,False,2,3,0,False,899
1943,2025-08-12 20:26:20.972000,39,DONKEY KONG,False,3,2,0,True,899
1944,2025-08-12 20:28:24.538000,452,CLOUD,False,0,3,0,False,900
1945,2025-08-12 20:28:24.697000,39,DONKEY KONG,False,3,0,0,True,900
1946,2025-08-12 20:30:52.310000,452,CLOUD,False,0,3,0,False,901
1947,2025-08-12 20:30:52.392000,39,DONKEY KONG,False,3,0,0,True,901
1948,2025-08-12 20:33:17.190000,39,DONKEY KONG,False,3,3,0,True,902
1949,2025-08-12 20:33:17.315000,452,CLOUD,False,3,3,0,False,902
1950,2025-08-13 00:07:55.726000,39,DONKEY KONG,False,2,2,0,True,903
1952,2025-08-13 00:10:35.726000,104,GANONDORF,False,3,2,0,True,904
1881,2025-08-12 09:38:39.130000,21,FOX,False,1,3,0,False,894
1951,2025-08-13 00:07:55.857000,104,GANONDORF,False,2,2,0,False,903
1953,2025-08-13 00:10:35.834000,39,DONKEY KONG,False,2,3,0,False,904
1954,2025-08-13 00:13:17.010000,104,KING DEDEDE,False,3,2,0,True,905
1955,2025-08-13 00:13:17.166000,39,DONKEY KONG,False,2,3,0,False,905
1956,2025-08-13 00:17:59.968000,104,MARIO,False,2,3,0,False,906
1957,2025-08-13 00:18:00.106000,452,CLOUD,False,3,2,0,True,906
1958,2025-08-13 00:20:34.448000,39,SORA,False,3,1,0,True,907
1959,2025-08-13 00:20:34.582000,452,CLOUD,False,1,3,0,False,907
1960,2025-08-13 00:24:47.272000,104,SAMUS,False,2,2,0,True,908
1961,2025-08-13 00:24:47.393000,39,DONKEY KONG,False,2,2,0,False,908
1962,2025-08-13 00:28:41.294000,104,ZELDA,False,0,3,3,False,909
1963,2025-08-13 00:28:41.393000,39,DONKEY KONG,False,1,3,2,False,909
1964,2025-08-13 00:28:41.492000,77,JOKER,False,1,2,0,True,909
1965,2025-08-13 00:28:41.589000,452,CLOUD,False,0,1,0,True,909
1966,2025-08-13 00:29:56.690000,104,SAMUS,False,1,1,2,False,910
1967,2025-08-13 00:29:56.844000,39,DONKEY KONG,False,0,1,3,False,910
1968,2025-08-13 00:29:56.953000,77,JOKER,False,0,0,0,True,910
1969,2025-08-13 00:29:57.065000,452,CLOUD,False,0,1,0,True,910
1970,2025-08-13 00:32:39.262000,39,DONKEY KONG,False,2,1,1,True,911
1971,2025-08-13 00:35:23.315000,104,KING DEDEDE,False,2,1,2,True,912
1972,2025-08-13 00:35:23.440000,39,DONKEY KONG,False,3,0,0,True,912
1973,2025-08-13 00:35:23.534000,77,JOKER,False,0,3,0,False,912
1974,2025-08-13 00:35:23.625000,452,CLOUD,False,0,2,0,False,912
1975,2025-08-13 00:38:29.666000,104,SAMUS,False,3,1,2,True,913
1976,2025-08-13 00:38:29.807000,39,DONKEY KONG,False,3,1,1,True,913
1977,2025-08-13 00:38:29.915000,77,JOKER,False,1,2,0,False,913
1978,2025-08-13 00:38:30.032000,452,CLOUD,False,1,4,0,False,913
1979,2025-08-13 01:37:31.922000,77,JOKER,False,1,3,0,False,914
1980,2025-08-13 01:37:32.073000,39,SORA,False,3,1,0,True,914
1981,2025-08-13 01:42:34.386000,77,JOKER,False,2,3,0,False,915
1982,2025-08-13 01:42:34.550000,39,SORA,False,3,2,0,True,915
1983,2025-08-13 01:45:31.352000,77,JOKER,False,1,3,0,False,916
1984,2025-08-13 01:45:31.478000,39,DONKEY KONG,False,3,1,0,True,916
1985,2025-08-13 01:48:07.825000,77,JOKER,False,2,3,0,False,917
1986,2025-08-13 01:48:07.979000,39,DONKEY KONG,False,3,2,0,True,917
1987,2025-08-13 01:50:53.910000,77,JOKER,False,0,3,0,False,918
1988,2025-08-13 01:50:54.053000,39,DONKEY KONG,False,3,0,0,True,918
1989,2025-08-13 01:53:02.153000,39,DONKEY KONG,False,3,0,0,True,919
1990,2025-08-13 01:53:02.247000,77,LINK,False,0,3,0,False,919
1991,2025-08-13 01:58:36.688000,77,JOKER,False,2,3,0,False,920
1992,2025-08-13 01:58:36.782000,39,MEWTWO,False,3,2,0,True,920
1993,2025-08-13 02:01:04.208000,77,SNAKE,False,1,3,0,False,921
1994,2025-08-13 02:01:04.283000,39,DONKEY KONG,False,3,1,1,True,921
1995,2025-08-13 02:02:28.950000,39,DONKEY KONG,False,2,0,0,True,922
1996,2025-08-13 02:02:29.054000,77,LITTLE MAC,False,0,3,0,False,922
2767,2025-08-23 01:23:06.977000,77,JOKER,False,0,3,0,False,1252
2768,2025-08-23 01:23:07.117000,255,KING K. ROOL,False,2,2,0,True,1252
1999,2025-08-13 02:39:28.017000,452,CLOUD,False,2,3,0,False,924
2000,2025-08-13 02:39:28.150000,39,CLOUD,False,3,2,0,True,924
2001,2025-08-13 02:58:54.265000,452,CLOUD,False,2,2,1,True,925
2002,2025-08-13 02:58:54.369000,39,DONKEY KONG,False,2,2,0,False,925
2003,2025-08-13 03:17:42.399000,77,JOKER,False,1,3,0,False,926
2004,2025-08-13 03:17:42.530000,678,HERO,False,3,1,0,True,926
2006,2025-08-13 03:26:05.450000,39,DONKEY KONG,False,3,1,0,True,928
2007,2025-08-13 03:26:05.575000,77,JOKER,False,1,3,0,False,928
2008,2025-08-13 08:13:00.018000,21,MR. GAME & WATCH,False,0,3,0,False,929
2009,2025-08-13 08:13:00.149000,38,JOKER,False,3,0,0,True,929
2010,2025-08-13 08:16:39.267000,21,MR. GAME & WATCH,False,1,3,0,False,930
2011,2025-08-13 08:16:39.415000,38,JOKER,False,2,1,0,True,930
2012,2025-08-13 08:26:09.770000,21,MR. GAME & WATCH,False,1,3,0,False,931
2013,2025-08-13 08:26:09.875000,38,JOKER,False,2,1,0,True,931
2014,2025-08-13 08:29:15.709000,21,ZELDA,False,2,3,0,False,932
2015,2025-08-13 08:29:15.802000,38,JOKER,False,3,2,0,True,932
2016,2025-08-13 08:32:10.650000,21,JOKER,False,0,3,0,False,933
2017,2025-08-13 08:32:10.792000,38,JOKER,False,3,0,0,True,933
2018,2025-08-13 08:35:38.792000,21,FOX,False,1,3,0,False,934
2019,2025-08-13 08:35:38.893000,38,JOKER,False,3,1,0,True,934
2020,2025-08-13 08:43:42.359000,21,MR. GAME & WATCH,False,3,1,0,True,935
2021,2025-08-13 08:43:42.457000,38,GANONDORF,False,0,3,0,False,935
2022,2025-08-13 08:47:18.735000,21,MR. GAME & WATCH,False,0,3,0,False,936
2802,2025-08-23 02:20:03.102000,255,KING K. ROOL,False,3,1,0,True,1265
2024,2025-08-13 08:50:58.170000,21,MR. GAME & WATCH,False,2,3,0,False,937
2025,2025-08-13 08:50:58.288000,38,CAPTAIN FALCON,False,3,2,0,True,937
2026,2025-08-13 08:57:07.413000,21,MR. GAME & WATCH,False,2,3,0,False,938
2027,2025-08-13 08:57:07.500000,38,INCINEROAR,False,3,2,0,True,938
2028,2025-08-13 09:14:43.340000,21,MR. GAME & WATCH,False,0,2,1,False,939
2029,2025-08-13 09:14:43.425000,38,BOWSER,False,2,0,0,True,939
2030,2025-08-13 09:18:01.041000,21,MR. GAME & WATCH,False,1,3,0,False,940
2031,2025-08-13 09:18:01.132000,38,DONKEY KONG,False,3,1,0,True,940
2032,2025-08-13 09:21:25.320000,21,MR. GAME & WATCH,False,1,3,0,False,941
2033,2025-08-13 09:21:25.410000,38,DONKEY KONG,False,3,1,0,True,941
2034,2025-08-13 09:25:19.830000,21,MR. GAME & WATCH,False,2,3,0,False,942
2035,2025-08-13 09:25:19.941000,38,CLOUD,False,3,2,0,True,942
2036,2025-08-13 09:30:17.887000,21,MR. GAME & WATCH,False,3,2,0,True,943
2037,2025-08-13 09:30:18.056000,38,ROSALINA & LUMA,False,2,3,0,False,943
2038,2025-08-13 09:34:23.299000,21,MR. GAME & WATCH,False,2,3,0,False,944
2039,2025-08-13 09:34:23.397000,38,DR. MARIO,False,3,2,0,True,944
2040,2025-08-13 09:38:17.970000,21,MR. GAME & WATCH,False,2,3,0,False,945
2041,2025-08-13 09:38:18.062000,38,DR. MARIO,False,2,2,0,True,945
2042,2025-08-13 09:42:25.852000,21,MR. GAME & WATCH,False,2,3,0,False,946
2043,2025-08-13 09:42:25.942000,38,JOKER,False,3,2,0,True,946
2005,2025-08-13 03:22:14.413000,39,DONKEY KONG,False,3,2,0,True,927
2044,2025-08-13 09:45:45.755000,21,MR. GAME & WATCH,False,1,3,0,False,947
2045,2025-08-13 09:45:45.873000,38,JOKER,False,3,1,0,True,947
1379,2025-08-05 03:49:48.211000,190,LUCINA,False,3,2,0,True,653
1625,2025-08-08 01:05:30.643000,104,ZELDA,False,1,3,0,False,774
1385,2025-08-05 04:04:51.395000,190,LUCINA,False,3,2,0,True,656
1682,2025-08-09 03:22:01.292000,54,DONKEY KONG,False,3,2,0,True,803
1694,2025-08-09 21:11:22.308000,54,DONKEY KONG,False,3,1,0,True,809
1386,2025-08-05 04:04:51.524000,22,ENDERMAN,False,2,3,0,False,656
2071,2025-08-09 21:22:09.616000,54,LINK,False,2,3,0,False,811
2072,2025-08-09 21:28:13.902000,39,DONKEY KONG,False,2,3,0,False,814
1389,2025-08-05 04:09:43.588000,190,LUCINA,False,3,2,0,True,658
1390,2025-08-05 04:09:43.701000,22,ZOMBIE,False,2,3,0,False,658
1393,2025-08-05 04:16:49.870000,190,LUCINA,False,3,2,0,True,660
1394,2025-08-05 04:16:49.964000,22,ENDERMAN,False,2,3,0,False,660
1396,2025-08-05 04:21:14.653000,22,ENDERMAN,False,3,2,0,True,661
2046,2025-08-05 04:40:31.682000,22,LUCINA,False,2,3,0,False,665
2047,2025-08-05 04:48:12.496000,74,PYRA,False,0,0,0,False,667
1409,2025-08-05 04:53:25.591000,22,GANONDORF,False,0,2,1,False,668
1410,2025-08-05 04:53:25.713000,74,PYRA,False,1,3,2,False,668
1408,2025-08-05 04:53:25.428000,21,ZELDA,False,3,1,0,True,668
1706,2025-08-09 23:01:36.679000,39,DONKEY KONG,False,2,3,0,False,816
2087,2025-08-12 03:42:26.909000,23,SAMUS,False,2,1,0,True,843
2048,2025-08-05 05:02:15.179000,22,ENDERMAN,False,1,1,1,True,669
2049,2025-08-05 05:09:04.525000,22,ENDERMAN,False,2,2,0,True,671
2050,2025-08-05 05:09:04.525000,38,JOKER,False,4,3,0,False,671
1707,2025-08-09 23:01:36.827000,54,DONKEY KONG,False,3,2,0,True,816
2051,2025-08-05 05:15:14.623000,22,ENDERMAN,False,2,3,0,False,672
2052,2025-08-05 05:28:28.935000,22,LITTLE MAC,False,2,3,0,False,674
1429,2025-08-05 07:22:10.974000,21,ZELDA,False,2,3,0,False,678
1428,2025-08-05 07:22:10.875000,22,STEVE,False,3,2,0,True,678
2053,2025-08-05 17:29:42.834000,104,ZELDA,False,2,3,0,False,683
2054,2025-08-05 17:33:54.809000,104,ZELDA,False,2,3,0,False,684
1480,2025-08-06 01:20:54.942000,61,CLOUD,False,3,2,0,True,705
2055,2025-08-06 01:50:28.961000,104,ZELDA,False,2,3,0,False,709
2056,2025-08-06 22:37:36.922000,21,MR. GAME & WATCH,False,2,3,0,False,720
2057,2025-08-06 22:47:25.246000,452,FOX,False,0,3,0,False,722
2086,2025-08-12 03:42:27.020000,678,HERO,False,3,2,1,False,843
2058,2025-08-06 23:01:44.977000,21,MR. GAME & WATCH,False,3,1,0,True,725
2059,2025-08-07 01:12:26.811000,1075,LUCINA,False,0,2,1,False,727
2060,2025-08-07 01:21:15.321000,77,JOKER,False,1,3,0,False,729
1708,2025-08-09 23:04:36.713000,54,INCINEROAR,False,3,2,0,True,817
1709,2025-08-09 23:04:36.829000,39,DONKEY KONG,False,2,3,0,False,817
2061,2025-08-07 01:21:15.321000,1473,LITTLE MAC,False,0,3,0,True,730
2062,2025-08-07 01:21:15.201000,1075,SONIC,False,1,3,1,False,730
2063,2025-08-07 01:34:29.535000,104,GANONDORF,False,5,3,1,False,732
2064,2025-08-07 01:38:29.246000,1473,CORRIN,False,0,3,0,False,734
2065,2025-08-07 01:38:29.246000,1473,CORRIN,False,0,3,0,False,737
2066,2025-08-07 19:06:02.838000,38,JOKER,False,1,3,0,False,740
1629,2025-08-08 01:12:17.168000,104,ZELDA,False,3,1,0,True,776
1644,2025-08-08 01:49:53.422000,21,MR. GAME & WATCH,False,3,2,0,True,784
1645,2025-08-08 01:49:53.525000,23,SAMUS,False,2,3,0,False,784
1648,2025-08-08 02:30:04.966000,39,DONKEY KONG,False,3,2,0,True,786
1649,2025-08-08 02:30:05.069000,21,MR. GAME & WATCH,False,2,3,0,False,786
1656,2025-08-08 18:09:41.247000,104,ZELDA,False,3,1,0,True,790
2067,2025-08-07 19:46:49.648000,38,JOKER,False,2,3,0,False,744
1585,2025-08-07 20:54:03.960000,190,CLOUD,False,3,1,0,True,753
2068,2025-08-07 21:00:08.566000,104,KING DEDEDE,False,2,3,0,False,754
2069,2025-08-07 21:16:25.417000,104,ZELDA,False,1,3,0,False,758
1595,2025-08-07 21:19:10.203000,38,JOKER,False,3,1,0,True,759
2070,2025-08-08 00:58:01.063000,104,ZELDA,False,2,3,0,False,772
2073,2025-08-10 00:53:24.175000,22,LUCINA,False,2,3,0,False,818
1712,2025-08-10 00:57:58.093000,54,JOKER,False,2,3,0,False,819
2074,2025-08-11 09:18:56.899000,21,MR. GAME & WATCH,False,2,3,0,False,824
2075,2025-08-11 09:18:56.899000,21,MR. GAME & WATCH,False,2,3,0,False,825
2076,2025-08-12 02:02:24.583000,77,JOKER,False,0,3,0,False,831
2077,2025-08-12 03:19:17.718000,22,ENDERMAN,False,1,3,0,False,834
2085,2025-08-12 03:42:27.220000,22,ZOMBIE,False,3,4,0,False,843
2078,2025-08-12 03:19:17.718000,22,ENDERMAN,False,1,3,0,True,833
2080,2025-08-12 02:11:15.782000,39,DONKEY KONG,False,3,1,1,True,834
2081,2025-08-12 02:11:15.782000,39,DONKEY KONG,False,3,1,1,True,835
2079,2025-08-12 02:11:15.782000,39,DONKEY KONG,False,3,1,1,False,833
2082,2025-08-12 03:35:49.559000,22,ENDERMAN,False,0,3,0,False,838
2083,2025-08-12 03:35:49.278000,678,HERO,False,2,3,0,False,840
2084,2025-08-12 03:35:49.559000,22,ENDERMAN,False,0,3,0,False,842
1880,2025-08-12 09:38:39.004000,22,CLOUD,False,3,1,0,True,894
1819,2025-08-12 06:20:30.685000,678,DARK PIT,False,2,3,0,False,864
2088,2025-08-12 04:03:13.726000,39,DONKEY KONG,False,1,3,0,False,844
2089,2025-08-12 04:07:49.090000,39,DONKEY KONG,False,3,2,0,True,845
2090,2025-08-12 03:35:49.559000,22,ENDERMAN,False,0,3,0,False,846
1792,2025-08-12 04:23:52.381000,21,ZELDA,False,2,3,0,False,851
1824,2025-08-12 06:31:08.283000,21,MR. GAME & WATCH,False,3,2,0,True,867
1793,2025-08-12 04:23:52.497000,39,DONKEY KONG,False,3,2,0,True,851
1797,2025-08-12 05:32:17.210000,678,HERO,False,1,3,0,False,853
1825,2025-08-12 06:31:08.425000,22,ZOMBIE,False,2,3,0,False,867
2091,2025-08-12 08:11:36.315000,22,CLOUD,False,2,3,0,False,880
2092,2025-08-12 08:11:36.315000,22,CLOUD,False,2,3,0,False,881
1855,2025-08-12 08:25:04.022000,21,FOX,False,2,3,0,False,882
1859,2025-08-12 08:35:01.786000,21,FOX,False,2,3,0,False,884
2093,2025-08-12 08:35:01.664000,22,BOWSER,False,1,3,0,False,886
2769,2025-08-23 01:26:47.856000,22,ENDERMAN,False,2,3,0,False,1253
2094,2025-08-12 08:35:01.664000,22,DONKEY KONG,False,3,3,0,False,889
2097,2025-08-13 00:29:56.690000,104,SAMUS,False,1,1,2,True,911
2095,2025-08-13 00:29:57.065000,452,CLOUD,False,0,1,0,False,911
2096,2025-08-13 00:29:56.953000,77,JOKER,False,0,0,0,False,911
2098,2025-08-13 03:22:14.413000,77,DONKEY KONG,False,2,3,0,False,927
2099,2025-08-14 00:32:52.154000,54,ENDERMAN,False,0,3,0,False,948
2100,2025-08-14 00:32:52.327000,104,SAMUS,False,3,0,0,True,948
2101,2025-08-14 00:34:26.807000,54,STEVE,False,0,0,0,True,949
2102,2025-08-14 00:34:26.959000,104,KING DEDEDE,False,0,0,0,False,949
2103,2025-08-14 00:38:13.328000,54,ENDERMAN,False,0,0,0,False,950
2104,2025-08-14 00:38:13.469000,104,KING DEDEDE,False,0,0,0,True,950
2106,2025-08-14 01:35:52.294000,77,JOKER,False,2,2,0,False,951
2109,2025-08-14 01:43:13.292000,77,JOKER,False,2,3,0,False,953
2111,2025-08-14 01:46:57.933000,77,JOKER,False,3,2,0,True,954
2112,2025-08-14 01:46:58.057000,678,HERO,False,2,3,0,False,954
2113,2025-08-14 01:50:05.904000,77,JOKER,False,1,3,0,False,955
2114,2025-08-14 01:50:05.997000,678,HERO,False,3,1,0,True,955
2115,2025-08-14 01:52:19.219000,77,PYRA,False,1,2,1,False,956
2116,2025-08-14 01:52:19.339000,678,HERO,False,2,1,0,True,956
2118,2025-08-14 01:56:59.696000,77,JOKER,False,1,3,0,False,957
2119,2025-08-14 02:01:56.147000,77,JOKER,False,2,2,0,False,958
2120,2025-08-14 02:01:56.253000,23,SAMUS,False,2,2,0,True,958
2121,2025-08-14 02:06:16.340000,77,JOKER,False,3,3,0,False,959
2122,2025-08-14 02:06:16.432000,23,SAMUS,False,3,2,0,True,959
2123,2025-08-14 02:14:55.136000,77,JOKER,False,3,1,0,True,960
2124,2025-08-14 02:14:55.221000,23,SAMUS,False,1,3,0,False,960
2125,2025-08-14 04:40:32.424000,23,SAMUS,False,1,3,0,False,961
2126,2025-08-14 04:40:32.523000,678,DARK PIT,False,3,1,0,True,961
2127,2025-08-14 04:44:41.116000,23,SAMUS,False,2,3,0,False,962
2128,2025-08-14 04:44:41.309000,678,DARK PIT,False,3,2,0,True,962
2129,2025-08-14 04:48:42.469000,23,SAMUS,False,3,1,0,True,963
2130,2025-08-14 04:48:42.628000,678,DARK PIT,False,1,3,0,False,963
2131,2025-08-14 04:52:44.075000,23,SAMUS,False,3,1,0,True,964
2132,2025-08-14 04:52:44.208000,678,DARK PIT,False,1,3,0,False,964
2133,2025-08-14 04:58:20.145000,23,SAMUS,False,2,3,0,False,965
2134,2025-08-14 04:58:20.244000,678,DARK PIT,False,3,2,0,True,965
2770,2025-08-23 01:26:48.007000,21,ZELDA,False,5,2,0,True,1253
2771,2025-08-23 01:26:48.173000,77,JOKER,False,1,2,0,True,1253
2137,2025-08-14 05:43:30.145000,22,CLOUD,False,3,2,0,True,967
2138,2025-08-14 05:43:30.253000,23,SAMUS,False,2,3,0,False,967
2139,2025-08-14 05:46:31.287000,22,CLOUD,False,3,1,0,True,968
2140,2025-08-14 05:46:31.506000,23,SAMUS,False,0,3,0,False,968
2141,2025-08-14 06:00:17.161000,22,LUCINA,False,3,2,0,True,969
2142,2025-08-14 06:00:17.259000,23,SAMUS,False,1,3,0,False,969
2143,2025-08-14 06:00:17.348000,21,ZELDA,False,4,3,0,False,969
2144,2025-08-14 06:11:14.855000,21,HERO,False,3,2,0,True,970
2145,2025-08-14 06:11:14.940000,22,CLOUD,False,2,3,0,False,970
2146,2025-08-14 06:14:56.547000,22,LUCINA,False,1,3,0,False,971
2147,2025-08-14 06:14:56.668000,21,MR. GAME & WATCH,False,3,1,0,True,971
2148,2025-08-14 06:17:20.394000,22,ENDERMAN,False,1,3,0,False,972
2149,2025-08-14 06:17:20.504000,21,MR. GAME & WATCH,False,3,1,0,True,972
2150,2025-08-14 06:23:11.289000,22,ENDERMAN,False,3,2,0,True,973
2151,2025-08-14 06:23:11.409000,21,MR. GAME & WATCH,False,2,3,0,False,973
2152,2025-08-14 06:28:05.171000,22,ENDERMAN,False,2,2,0,True,974
2153,2025-08-14 06:28:05.282000,21,MR. GAME & WATCH,False,2,2,0,False,974
2117,2025-08-14 01:56:59.598000,678,HERO,False,3,1,0,True,957
2110,2025-08-14 01:43:13.401000,678,HERO,False,3,2,0,True,953
2107,2025-08-14 01:38:28.324000,678,HERO,False,0,0,0,True,952
2108,2025-08-14 01:38:28.442000,77,JOKER,False,0,0,0,False,952
2170,2025-08-14 09:05:52.004000,22,CLOUD,False,3,1,0,True,983
2105,2025-08-14 01:35:52.200000,678,HERO,False,2,2,0,True,951
2158,2025-08-14 08:43:10.510000,22,CLOUD,False,0,3,0,False,977
2159,2025-08-14 08:43:10.618000,21,MR. GAME & WATCH,False,3,1,0,True,977
2160,2025-08-14 08:46:45.492000,22,CLOUD,False,2,3,0,False,978
2161,2025-08-14 08:46:45.607000,21,ZELDA,False,3,2,0,True,978
2162,2025-08-14 08:50:49.742000,22,CLOUD,False,2,3,0,False,979
2163,2025-08-14 08:50:49.834000,21,ZELDA,False,3,2,0,True,979
2164,2025-08-14 08:54:58.835000,22,CLOUD,False,1,2,1,False,980
2165,2025-08-14 08:54:58.983000,21,ZELDA,False,2,1,0,True,980
2166,2025-08-14 08:59:10.230000,22,CLOUD,False,1,3,0,False,981
2167,2025-08-14 08:59:10.312000,21,ZELDA,False,3,1,0,True,981
2168,2025-08-14 09:01:45.872000,22,CLOUD,False,3,1,0,True,982
2169,2025-08-14 09:01:45.979000,21,ZELDA,False,1,3,0,False,982
2171,2025-08-14 09:05:52.120000,21,ZELDA,False,1,3,0,False,983
2172,2025-08-14 09:08:08.076000,22,CLOUD,False,2,2,0,False,984
2173,2025-08-14 09:08:08.161000,21,ZELDA,False,2,2,0,True,984
2174,2025-08-14 09:11:31.758000,22,CLOUD,False,0,3,0,False,985
2175,2025-08-14 09:11:31.854000,21,ZELDA,False,3,1,0,True,985
2176,2025-08-14 09:14:07.875000,22,CLOUD,False,0,2,1,False,986
2177,2025-08-14 09:14:07.972000,21,ZELDA,False,2,1,0,True,986
2178,2025-08-14 09:18:36.222000,22,CLOUD,False,3,2,0,True,987
2179,2025-08-14 09:18:36.286000,21,ZELDA,False,2,3,0,False,987
2180,2025-08-14 09:21:44.271000,22,CLOUD,False,2,2,0,False,988
2181,2025-08-14 09:21:44.379000,21,ZELDA,False,2,2,0,True,988
2182,2025-08-14 09:24:47.468000,22,CLOUD,False,3,2,0,True,989
2183,2025-08-14 09:24:47.557000,21,ZELDA,False,2,3,0,False,989
2184,2025-08-14 09:29:16.663000,22,CLOUD,False,2,3,0,False,990
2185,2025-08-14 09:29:16.756000,21,ZELDA,False,3,2,0,True,990
2186,2025-08-14 09:33:20.460000,22,CLOUD,False,2,3,0,False,991
2187,2025-08-14 09:33:20.552000,21,ZELDA,False,3,2,0,True,991
2188,2025-08-14 09:36:41.249000,22,CLOUD,False,2,3,0,False,992
2189,2025-08-14 09:36:41.363000,21,ZELDA,False,3,2,0,True,992
2190,2025-08-14 09:39:32.056000,22,CLOUD,False,0,3,0,False,993
2191,2025-08-14 09:39:32.176000,21,ZELDA,False,3,0,0,True,993
2192,2025-08-14 09:43:28.576000,22,CLOUD,False,2,2,0,False,994
2193,2025-08-14 09:43:28.654000,21,ENDERMAN,False,2,2,0,True,994
2194,2025-08-14 09:47:14.405000,22,CLOUD,False,0,2,0,False,995
2195,2025-08-14 09:47:14.476000,21,STEVE,False,3,1,0,True,995
2196,2025-08-14 09:50:29.139000,22,CLOUD,False,2,3,0,False,996
2197,2025-08-14 09:50:29.224000,21,STEVE,False,3,2,0,True,996
2198,2025-08-14 09:53:10.832000,22,CLOUD,False,3,2,0,True,997
2199,2025-08-14 09:53:10.941000,21,STEVE,False,2,3,0,False,997
2200,2025-08-14 10:00:35.649000,22,CLOUD,False,2,3,0,False,998
2201,2025-08-14 10:00:35.772000,21,STEVE,False,3,2,0,True,998
2202,2025-08-14 10:04:50.154000,22,CLOUD,False,3,1,0,True,999
2203,2025-08-14 10:04:50.240000,21,STEVE,False,1,3,0,False,999
2204,2025-08-14 10:07:53.341000,22,CLOUD,False,3,0,0,True,1000
2205,2025-08-14 10:07:53.423000,21,STEVE,False,0,3,0,False,1000
2206,2025-08-14 10:09:44.934000,22,CLOUD,False,1,3,0,False,1001
2207,2025-08-14 10:09:45.041000,21,STEVE,False,3,1,0,True,1001
2208,2025-08-14 10:15:09.999000,22,CLOUD,False,3,1,0,True,1002
2209,2025-08-14 10:15:10.084000,21,MIN MIN,False,1,3,0,False,1002
2210,2025-08-14 10:17:52.196000,22,CLOUD,False,1,3,0,False,1003
2211,2025-08-14 10:17:52.276000,21,MR. GAME & WATCH,False,3,1,0,True,1003
2212,2025-08-14 10:21:57.566000,22,LUCINA,False,2,3,0,False,1004
2213,2025-08-14 10:21:57.674000,21,MR. GAME & WATCH,False,3,2,0,True,1004
2214,2025-08-14 10:24:12.327000,22,LUCINA,False,0,3,0,False,1005
2215,2025-08-14 10:24:12.451000,21,MR. GAME & WATCH,False,3,0,0,True,1005
2216,2025-08-14 10:26:52.591000,22,CLOUD,False,1,3,0,False,1006
2217,2025-08-14 10:26:52.690000,21,MR. GAME & WATCH,False,3,1,0,True,1006
2218,2025-08-14 10:29:30.583000,22,CLOUD,False,0,3,0,False,1007
2219,2025-08-14 10:29:30.682000,21,MR. GAME & WATCH,False,3,0,0,True,1007
2220,2025-08-14 10:33:02.781000,22,CLOUD,False,0,3,0,False,1008
2221,2025-08-14 10:33:02.883000,21,MR. GAME & WATCH,False,3,2,0,True,1008
2222,2025-08-14 10:35:59.494000,22,CLOUD,False,3,2,0,True,1009
2223,2025-08-14 10:35:59.590000,21,MR. GAME & WATCH,False,2,3,0,False,1009
2224,2025-08-14 10:39:05.769000,22,ENDERMAN,False,2,3,0,False,1010
2225,2025-08-14 10:39:05.835000,21,MR. GAME & WATCH,False,3,2,0,True,1010
2226,2025-08-14 10:46:36.454000,22,ZOMBIE,False,0,3,0,False,1011
2227,2025-08-14 10:46:36.554000,21,MR. GAME & WATCH,False,3,1,0,True,1011
2228,2025-08-14 10:50:29.072000,22,ZOMBIE,False,3,2,0,True,1012
2229,2025-08-14 10:50:29.190000,21,MR. GAME & WATCH,False,2,3,0,False,1012
2772,2025-08-23 01:26:48.330000,255,KING K. ROOL,False,2,3,0,False,1253
2155,2025-08-14 06:51:48.479000,21,MR. GAME & WATCH,False,3,1,0,True,975
2154,2025-08-14 06:51:48.382000,22,ENDERMAN,False,1,3,0,False,975
2231,2025-08-14 10:55:00.826000,21,MR. GAME & WATCH,False,2,3,0,False,1013
2230,2025-08-14 10:55:00.729000,22,ENDERMAN,False,3,2,0,True,1013
2232,2025-08-14 19:30:11.279000,21,MR. GAME & WATCH,False,3,0,0,True,1014
2233,2025-08-14 19:30:11.402000,104,ZELDA,False,0,3,0,False,1014
2234,2025-08-14 19:33:31.421000,21,MR. GAME & WATCH,False,3,1,0,True,1015
2235,2025-08-14 19:33:31.542000,104,ZELDA,False,0,3,0,False,1015
2236,2025-08-14 19:41:10.196000,21,ZELDA,False,2,3,0,False,1016
2237,2025-08-14 19:41:10.309000,104,ZELDA,False,3,2,0,True,1016
2238,2025-08-14 19:43:22.309000,21,ZELDA,False,3,0,0,True,1017
2239,2025-08-14 19:43:22.411000,104,ZELDA,False,0,3,0,False,1017
2240,2025-08-14 19:47:01.611000,21,ZELDA,False,3,2,0,True,1018
2241,2025-08-14 19:47:01.711000,104,ZELDA,False,2,3,0,False,1018
2242,2025-08-14 19:50:13.515000,21,ZELDA,False,3,1,0,True,1019
2243,2025-08-14 19:50:13.651000,104,ZELDA,False,1,3,0,False,1019
2244,2025-08-14 19:53:36.665000,21,ZELDA,False,2,3,0,False,1020
2245,2025-08-14 19:53:36.799000,104,ZELDA,False,0,0,0,True,1020
2246,2025-08-14 19:56:28.513000,21,ZELDA,False,3,2,0,True,1021
2247,2025-08-14 19:56:28.614000,104,ZELDA,False,2,3,0,False,1021
2248,2025-08-14 20:00:22.525000,21,ENDERMAN,False,2,3,0,False,1022
2249,2025-08-14 20:00:22.647000,104,ZELDA,False,2,2,0,True,1022
2250,2025-08-14 20:03:17.531000,21,MR. GAME & WATCH,False,1,3,0,False,1023
2251,2025-08-14 20:03:17.637000,104,ZELDA,False,3,1,0,True,1023
2252,2025-08-14 20:08:13.163000,21,MR. GAME & WATCH,False,3,2,0,True,1024
2253,2025-08-14 20:08:13.283000,104,ZELDA,False,2,3,0,False,1024
2254,2025-08-14 20:17:34.608000,21,MR. GAME & WATCH,False,3,2,0,True,1025
2255,2025-08-14 20:17:34.721000,104,ZELDA,False,0,3,0,False,1025
2256,2025-08-14 20:21:29.527000,21,MR. GAME & WATCH,False,3,1,0,True,1026
2257,2025-08-14 20:21:29.634000,104,SAMUS,False,1,3,0,False,1026
2258,2025-08-14 20:25:22.506000,21,JOKER,False,2,3,1,False,1027
2259,2025-08-14 20:25:22.608000,104,KING DEDEDE,False,0,0,0,True,1027
2260,2025-08-14 20:25:22.716000,77,JOKER,False,1,2,0,False,1027
2261,2025-08-14 20:25:22.813000,23,SAMUS,False,1,1,0,True,1027
2262,2025-08-14 20:28:12.044000,21,JOKER,False,2,3,0,False,1028
2264,2025-08-14 20:28:12.268000,77,JOKER,False,1,3,0,False,1028
2265,2025-08-14 20:28:12.385000,23,SAMUS,False,1,1,0,True,1028
2266,2025-08-14 20:32:55.877000,21,ZELDA,False,3,1,0,True,1029
2267,2025-08-14 20:32:56.004000,104,ZELDA,False,0,3,1,False,1029
2268,2025-08-14 20:32:56.141000,77,JOKER,False,2,2,1,True,1029
2269,2025-08-14 20:32:56.266000,23,SAMUS,False,0,3,0,False,1029
2270,2025-08-14 20:36:42.477000,21,ZELDA,False,5,2,0,True,1030
2271,2025-08-14 20:36:42.581000,77,JOKER,False,1,2,0,True,1030
2272,2025-08-14 20:36:42.705000,23,SAMUS,False,0,3,0,False,1030
2273,2025-08-14 20:41:06.471000,21,ZELDA,False,2,2,1,False,1031
2274,2025-08-14 20:41:06.567000,104,KING DEDEDE,False,4,2,1,True,1031
2275,2025-08-14 20:41:06.671000,77,JOKER,False,2,4,0,False,1031
2276,2025-08-14 20:41:06.784000,23,SAMUS,False,1,3,0,True,1031
2277,2025-08-15 00:37:00.993000,54,DONKEY KONG,False,3,2,0,True,1032
2278,2025-08-15 00:37:01.137000,104,KING DEDEDE,False,2,3,0,False,1032
2279,2025-08-15 00:40:01.737000,104,ZELDA,False,3,1,0,True,1033
2280,2025-08-15 00:40:01.862000,54,ENDERMAN,False,0,3,0,False,1033
2281,2025-08-15 00:43:08.399000,104,ZELDA,False,3,2,0,True,1034
2282,2025-08-15 00:43:08.529000,54,DONKEY KONG,False,2,3,0,False,1034
2283,2025-08-15 00:46:25.379000,104,ZELDA,False,3,2,0,True,1035
2284,2025-08-15 00:46:25.472000,54,STEVE,False,2,3,0,False,1035
2285,2025-08-15 00:49:35.255000,104,ZELDA,False,2,3,0,False,1036
2286,2025-08-15 00:49:35.360000,54,JOKER,False,3,2,0,True,1036
2287,2025-08-15 01:36:04.658000,375,FALCO,False,2,3,0,False,1037
2288,2025-08-15 01:36:04.865000,376,CLOUD,False,3,2,0,True,1037
2289,2025-08-15 01:57:51.222000,23,SAMUS,False,2,1,0,True,1038
2290,2025-08-15 01:57:51.362000,77,JOKER,False,4,1,0,True,1038
2291,2025-08-15 01:57:51.519000,375,RIDLEY,False,0,1,0,False,1038
2292,2025-08-15 01:57:51.682000,376,CLOUD,False,0,2,0,False,1038
2293,2025-08-15 02:02:48.884000,23,SAMUS,False,2,1,0,True,1039
2294,2025-08-15 02:02:49.037000,77,JOKER,False,2,2,0,True,1039
2295,2025-08-15 02:02:49.161000,375,DARK SAMUS,False,2,2,0,False,1039
2296,2025-08-15 02:02:49.269000,376,CLOUD,False,0,2,0,False,1039
2297,2025-08-15 02:08:48.681000,23,SAMUS,False,2,2,0,False,1040
2298,2025-08-15 02:08:48.793000,77,JOKER,False,2,4,0,False,1040
2299,2025-08-15 02:08:48.924000,375,SHEIK,False,0,3,1,True,1040
2300,2025-08-15 02:08:49.028000,376,DARK PIT,False,2,3,1,True,1040
2301,2025-08-15 02:08:49.129000,104,KING DEDEDE,False,4,2,2,True,1040
2302,2025-08-15 02:12:27.798000,23,SAMUS,False,1,3,0,False,1041
2303,2025-08-15 02:12:27.933000,77,JOKER,False,4,3,1,False,1041
2304,2025-08-15 02:12:28.057000,375,LUCARIO,False,0,2,0,True,1041
2305,2025-08-15 02:12:28.164000,376,CLOUD,False,0,2,0,True,1041
2306,2025-08-15 02:12:28.277000,104,GANONDORF,False,5,2,1,True,1041
2307,2025-08-15 02:16:56.652000,23,SAMUS,False,1,3,0,False,1042
2308,2025-08-15 02:16:56.752000,77,JOKER,False,4,3,0,False,1042
2309,2025-08-15 02:16:56.893000,375,RIDLEY,False,2,2,0,True,1042
2310,2025-08-15 02:16:57.006000,376,CLOUD,False,2,3,0,True,1042
2311,2025-08-15 02:16:57.145000,104,GANONDORF,False,3,1,1,True,1042
2312,2025-08-15 02:22:56.204000,23,SAMUS,False,2,3,0,False,1043
2313,2025-08-15 02:22:56.334000,77,JOKER,False,2,3,0,False,1043
2314,2025-08-15 02:22:56.440000,375,DARK SAMUS,False,1,3,3,True,1043
2315,2025-08-15 02:22:56.530000,376,CLOUD,False,1,3,0,True,1043
2316,2025-08-15 02:22:56.639000,104,MARIO,False,4,1,0,True,1043
2317,2025-08-15 02:26:09.353000,23,SAMUS,False,2,1,1,True,1044
2318,2025-08-15 02:26:09.494000,77,JOKER,False,1,2,0,True,1044
2319,2025-08-15 03:45:23.302000,22,CLOUD,False,3,1,0,True,1045
2320,2025-08-15 03:45:23.398000,23,SAMUS,False,1,3,0,False,1045
2321,2025-08-15 03:53:37.538000,77,JOKER,False,2,2,0,True,1046
2322,2025-08-15 03:53:37.670000,22,CLOUD,False,2,3,0,False,1046
2323,2025-08-15 03:53:37.780000,23,SAMUS,False,1,1,2,False,1046
2324,2025-08-15 03:58:27.701000,77,JOKER,False,0,3,0,False,1047
2325,2025-08-15 03:58:27.792000,22,CLOUD,False,5,2,0,True,1047
2326,2025-08-15 03:58:27.880000,23,SAMUS,False,3,3,0,False,1047
2327,2025-08-15 04:02:39.370000,77,JOKER,False,2,3,0,False,1048
2328,2025-08-15 04:02:39.472000,22,CLOUD,False,4,2,0,True,1048
2329,2025-08-15 04:02:39.583000,23,SAMUS,False,2,3,0,False,1048
2330,2025-08-15 04:05:09.746000,77,JOKER,False,0,3,0,False,1049
2331,2025-08-15 04:05:09.859000,22,CLOUD,False,3,0,0,True,1049
2332,2025-08-15 04:08:50.229000,77,JOKER,False,1,3,0,False,1050
2333,2025-08-15 04:08:50.367000,22,CLOUD,False,3,1,0,True,1050
2334,2025-08-15 04:12:55.264000,77,JOKER,False,1,3,0,False,1051
2335,2025-08-15 04:12:55.399000,22,CLOUD,False,3,1,0,True,1051
2336,2025-08-15 04:17:22.996000,77,JOKER,False,2,3,0,False,1052
2337,2025-08-15 04:17:23.110000,22,LUCINA,False,3,2,0,True,1052
2338,2025-08-15 04:21:40.886000,77,JOKER,False,2,3,0,False,1053
2339,2025-08-15 04:21:41.033000,22,DONKEY KONG,False,3,2,0,True,1053
2340,2025-08-15 04:30:04.819000,77,JOKER,False,2,2,0,False,1054
2341,2025-08-15 04:30:04.931000,22,ENDERMAN,False,3,1,0,True,1054
2342,2025-08-15 04:30:05.058000,93,PYRA,False,3,3,0,False,1054
2343,2025-08-15 04:30:05.180000,23,SAMUS,False,1,3,0,False,1054
2344,2025-08-15 04:30:05.309000,678,HERO,False,5,3,0,False,1054
2345,2025-08-15 04:37:48.429000,22,ENDERMAN,False,7,2,0,True,1055
4537,2025-09-15 00:35:11.920000,50,YOSHI,False,2,4,0,False,1958
2347,2025-08-15 04:37:48.626000,93,KAZUYA,False,1,3,0,False,1055
2348,2025-08-15 04:37:48.724000,23,SAMUS,False,2,3,0,False,1055
2349,2025-08-15 04:37:48.844000,678,HERO,False,4,3,0,False,1055
2350,2025-08-15 04:43:25.280000,22,ENDERMAN,False,4,3,0,False,1056
2351,2025-08-15 04:43:25.427000,77,JOKER,False,0,3,0,False,1056
2352,2025-08-15 04:43:25.574000,93,PYRA,False,4,3,0,False,1056
2353,2025-08-15 04:43:25.706000,23,SAMUS,False,4,3,0,True,1056
2354,2025-08-15 04:43:25.834000,678,HERO,False,2,3,0,False,1056
2355,2025-08-15 04:49:45.962000,22,CLOUD,False,2,3,0,False,1057
2356,2025-08-15 04:49:46.069000,77,JOKER,False,0,3,0,False,1057
2357,2025-08-15 04:49:46.183000,93,KAZUYA,False,4,3,0,False,1057
2358,2025-08-15 04:49:46.283000,23,SAMUS,False,3,2,0,True,1057
2359,2025-08-15 04:49:46.396000,678,HERO,False,5,3,0,False,1057
2360,2025-08-15 06:00:50.848000,22,CLOUD,False,2,3,0,False,1058
2361,2025-08-15 06:00:50.948000,21,MR. GAME & WATCH,False,3,2,0,True,1058
2362,2025-08-15 06:04:45.605000,22,CLOUD,False,2,3,0,False,1059
2363,2025-08-15 06:04:45.726000,21,MR. GAME & WATCH,False,3,2,0,True,1059
2364,2025-08-15 06:42:32.150000,2207,SONIC,False,0,3,0,False,1060
2365,2025-08-15 06:42:32.292000,21,JOKER,False,3,0,0,True,1060
4538,2025-09-15 00:35:12.102000,61,FALCO,False,0,1,0,False,1958
4539,2025-09-15 00:35:12.229000,54,JOKER,False,3,2,0,True,1958
4540,2025-09-15 00:35:12.396000,3005,GRENINJA,False,0,3,0,False,1958
2803,2025-08-23 02:20:03.250000,77,JOKER,False,0,3,0,False,1265
2368,2025-08-15 17:48:06.269000,21,ZELDA,False,3,0,0,True,1062
2369,2025-08-15 17:48:06.403000,452,CLOUD,False,0,-3,0,False,1062
2346,2025-08-15 04:37:48.521000,77,JOKER,False,0,3,0,False,1055
4574,2025-09-15 01:15:50.316000,3005,GRENINJA,False,2,2,0,True,1966
2828,2025-08-23 05:45:09.301000,22,ENDERMAN,False,0,2,0,True,1277
2829,2025-08-23 05:45:09.512000,21,ZELDA,False,2,1,2,False,1277
2836,2025-08-23 06:01:47.411000,22,ENDERMAN,False,2,3,0,False,1281
2777,2025-08-23 01:33:54.626000,22,ENDERMAN,False,3,2,1,True,1255
2778,2025-08-23 01:33:54.745000,21,ZELDA,False,3,3,1,False,1255
2779,2025-08-23 01:33:54.888000,77,JOKER,False,1,3,0,False,1255
2780,2025-08-23 01:33:55.041000,255,KING K. ROOL,False,2,3,0,True,1255
2804,2025-08-23 02:24:33.344000,255,KING K. ROOL,False,3,1,0,True,1266
2805,2025-08-23 02:24:33.484000,77,MYTHRA,False,1,3,0,False,1266
2822,2025-08-23 03:03:28.161000,255,KING K. ROOL,False,3,2,0,True,1274
2388,2025-08-15 22:22:14.142000,104,ZELDA,False,0,3,0,False,1072
2389,2025-08-15 22:22:14.253000,21,MR. GAME & WATCH,False,3,1,0,True,1072
2390,2025-08-15 22:24:51.256000,104,ZELDA,False,1,3,0,False,1073
2391,2025-08-15 22:24:51.370000,21,MR. GAME & WATCH,False,3,1,0,True,1073
2392,2025-08-15 22:30:00.349000,104,ZELDA,False,0,3,0,False,1074
2393,2025-08-15 22:30:00.452000,21,MR. GAME & WATCH,False,3,0,0,True,1074
2394,2025-08-15 22:32:45.494000,104,ZELDA,False,1,3,0,False,1075
2395,2025-08-15 22:32:45.630000,21,MR. GAME & WATCH,False,3,1,0,True,1075
2396,2025-08-15 22:35:53.439000,104,ZELDA,False,3,1,0,True,1076
2397,2025-08-15 22:35:53.579000,21,MR. GAME & WATCH,False,0,3,0,False,1076
2398,2025-08-15 22:38:52.463000,104,ZELDA,False,2,1,0,True,1077
2399,2025-08-15 22:38:52.575000,21,MR. GAME & WATCH,False,1,2,1,False,1077
2400,2025-08-15 22:42:27.298000,104,ZELDA,False,3,2,0,True,1078
2401,2025-08-15 22:42:27.428000,21,MR. GAME & WATCH,False,2,3,0,False,1078
2402,2025-08-15 22:47:29.077000,104,ZELDA,False,0,0,0,False,1079
2403,2025-08-15 22:47:29.260000,21,MR. GAME & WATCH,False,3,2,0,True,1079
2404,2025-08-15 22:52:00.859000,104,ZELDA,False,2,3,0,True,1080
2405,2025-08-15 22:52:00.988000,21,MR. GAME & WATCH,False,2,3,0,False,1080
2406,2025-08-15 22:55:28.414000,104,ZELDA,False,3,1,0,True,1081
2407,2025-08-15 22:55:28.551000,21,MR. GAME & WATCH,False,1,3,0,False,1081
2408,2025-08-15 22:59:10.659000,104,ZELDA,False,3,2,0,True,1082
2409,2025-08-15 22:59:10.773000,21,MR. GAME & WATCH,False,2,3,0,False,1082
2410,2025-08-16 02:45:20.324000,74,MARIO,False,1,3,0,False,1083
2411,2025-08-16 02:45:20.478000,22,LUCINA,False,5,2,0,True,1083
2823,2025-08-23 03:03:28.289000,22,BYLETH,False,2,3,0,False,1274
2830,2025-08-23 05:49:07.516000,22,ENDERMAN,False,3,2,0,True,1278
2414,2025-08-16 02:57:12.452000,74,MARIO,False,1,3,0,False,1084
2415,2025-08-16 02:57:12.563000,22,LUCINA,False,3,3,0,False,1084
2416,2025-08-16 03:02:05.997000,74,MARIO,False,1,3,0,False,1085
2417,2025-08-16 03:02:06.114000,22,CLOUD,False,4,2,0,True,1085
2831,2025-08-23 05:49:07.704000,21,ZELDA,False,2,3,0,False,1278
2837,2025-08-23 06:01:47.569000,21,ZELDA,False,3,2,0,True,1281
2420,2025-08-16 03:05:55.441000,74,MARIO,False,1,3,0,False,1086
2421,2025-08-16 03:05:55.587000,22,CLOUD,False,2,3,0,False,1086
2422,2025-08-16 03:09:19.686000,22,CLOUD,False,3,1,0,True,1087
2840,2025-08-23 06:09:02.572000,22,ENDERMAN,False,1,3,0,False,1283
2424,2025-08-16 03:12:52.566000,22,CLOUD,False,3,1,0,True,1088
2841,2025-08-23 06:09:02.726000,21,MR. GAME & WATCH,False,3,1,0,True,1283
2426,2025-08-16 03:18:33.606000,22,CLOUD,False,3,2,0,True,1089
2842,2025-08-23 06:13:23.967000,22,ZOMBIE,False,0,3,0,False,1284
2428,2025-08-16 03:22:41.012000,22,CLOUD,False,3,1,0,True,1090
2431,2025-08-16 03:25:17.100000,22,CLOUD,False,2,3,0,False,1091
2432,2025-08-16 03:29:27.028000,22,CLOUD,False,2,2,0,True,1092
2435,2025-08-16 03:32:47.063000,22,CLOUD,False,2,2,1,False,1093
2437,2025-08-16 03:36:24.334000,22,CLOUD,False,2,2,1,False,1094
2438,2025-08-16 03:39:34.008000,22,CLOUD,False,3,1,0,True,1095
2440,2025-08-16 03:42:01.384000,22,CLOUD,False,3,1,0,True,1096
2442,2025-08-16 03:45:13.958000,22,CLOUD,False,3,1,0,True,1097
2444,2025-08-16 08:09:54.123000,678,HERO,False,2,3,0,False,1098
2445,2025-08-16 08:09:54.261000,22,CLOUD,False,3,2,0,True,1098
2446,2025-08-16 08:16:46.170000,678,HERO,False,1,3,0,False,1099
2447,2025-08-16 08:16:46.299000,22,CLOUD,False,0,0,0,True,1099
2448,2025-08-16 08:20:16.073000,22,CLOUD,False,2,1,0,True,1100
2449,2025-08-16 08:20:16.199000,678,DARK PIT,False,1,3,0,False,1100
2450,2025-08-16 08:26:36.768000,678,JOKER,False,2,3,0,False,1101
2451,2025-08-16 08:26:36.899000,22,CLOUD,False,3,2,0,True,1101
2452,2025-08-16 08:46:10.280000,21,HERO,False,3,2,0,True,1102
2453,2025-08-16 08:46:10.406000,22,CLOUD,False,2,3,0,False,1102
2454,2025-08-16 08:51:46.163000,21,HERO,False,2,3,0,False,1103
2455,2025-08-16 08:51:46.291000,22,CLOUD,False,3,2,0,True,1103
2456,2025-08-16 08:56:55.935000,21,HERO,False,3,2,0,True,1104
2457,2025-08-16 08:56:56.032000,22,CLOUD,False,2,3,0,False,1104
2458,2025-08-16 09:01:16.520000,21,HERO,False,2,3,0,False,1105
2459,2025-08-16 09:01:16.633000,22,CLOUD,False,3,2,0,True,1105
2460,2025-08-16 09:05:16.692000,21,HERO,False,3,2,0,True,1106
2461,2025-08-16 09:05:16.810000,22,CLOUD,False,2,3,0,False,1106
2462,2025-08-16 09:10:08.938000,21,HERO,False,3,3,0,True,1107
2463,2025-08-16 09:10:09.031000,22,CLOUD,False,2,3,0,False,1107
2464,2025-08-16 09:14:58.672000,21,HERO,False,3,2,0,True,1108
2465,2025-08-16 09:14:58.782000,22,CLOUD,False,2,3,0,False,1108
2466,2025-08-16 09:18:59.490000,21,HERO,False,3,2,0,True,1109
2467,2025-08-16 09:18:59.598000,22,CLOUD,False,2,3,0,False,1109
2468,2025-08-16 09:22:41.057000,21,HERO,False,3,2,0,True,1110
2469,2025-08-16 09:22:41.152000,22,CLOUD,False,2,3,0,False,1110
2470,2025-08-16 09:27:38.782000,21,HERO,False,3,2,0,True,1111
2471,2025-08-16 09:27:38.854000,22,CLOUD,False,2,3,0,False,1111
2472,2025-08-16 09:31:58.186000,21,HERO,False,3,1,0,True,1112
2473,2025-08-16 09:31:58.278000,22,CLOUD,False,1,3,0,False,1112
2474,2025-08-16 09:35:53.971000,21,HERO,False,2,3,0,False,1113
2475,2025-08-16 09:35:54.053000,22,CLOUD,False,3,2,0,True,1113
2476,2025-08-16 09:40:04.261000,21,HERO,False,1,3,0,False,1114
2477,2025-08-16 09:40:04.364000,22,CLOUD,False,3,1,0,True,1114
2478,2025-08-16 09:43:03.555000,21,HERO,False,3,1,0,True,1115
2479,2025-08-16 09:43:03.668000,22,CLOUD,False,0,3,0,False,1115
2480,2025-08-16 09:47:06.550000,21,HERO,False,2,3,0,False,1116
2443,2025-08-16 03:45:14.137000,255,KING K. ROOL,False,1,3,0,False,1097
2481,2025-08-16 09:47:06.648000,22,CLOUD,False,3,2,0,True,1116
2482,2025-08-16 09:51:10.218000,21,HERO,False,3,1,0,True,1117
2483,2025-08-16 09:51:10.299000,22,CLOUD,False,0,3,0,False,1117
2484,2025-08-16 09:54:11.800000,21,HERO,False,3,1,0,True,1118
2485,2025-08-16 09:54:11.917000,22,CLOUD,False,0,3,0,False,1118
2486,2025-08-16 09:57:26.467000,21,BYLETH,False,3,1,0,True,1119
2487,2025-08-16 09:57:26.539000,22,CLOUD,False,0,3,0,False,1119
2488,2025-08-16 10:01:58.115000,21,BYLETH,False,3,2,0,True,1120
2489,2025-08-16 10:01:58.218000,22,CLOUD,False,2,3,0,False,1120
2490,2025-08-16 10:06:54.271000,21,BYLETH,False,2,3,0,False,1121
2491,2025-08-16 10:06:54.354000,22,CLOUD,False,3,2,0,True,1121
2492,2025-08-16 10:10:32.106000,21,BYLETH,False,3,2,0,True,1122
2493,2025-08-16 10:10:32.197000,22,CLOUD,False,2,3,0,False,1122
2494,2025-08-16 10:13:39.872000,21,BYLETH,False,1,3,0,False,1123
2495,2025-08-16 10:13:39.961000,22,CLOUD,False,2,1,0,True,1123
2496,2025-08-16 10:16:28.296000,21,BYLETH,False,2,2,0,True,1124
2497,2025-08-16 10:16:28.378000,22,CLOUD,False,2,2,1,False,1124
2498,2025-08-16 10:20:28.524000,21,BYLETH,False,3,1,0,True,1125
2499,2025-08-16 10:20:28.618000,22,CLOUD,False,1,3,0,False,1125
2500,2025-08-16 10:24:20.929000,21,BYLETH,False,2,3,0,False,1126
2501,2025-08-16 10:24:21.069000,22,CLOUD,False,3,2,0,True,1126
2502,2025-08-16 10:28:49.953000,21,BYLETH,False,2,3,0,False,1127
2503,2025-08-16 10:28:50.066000,22,CLOUD,False,3,2,0,True,1127
2504,2025-08-16 10:32:19.337000,21,BYLETH,False,1,3,0,False,1128
2505,2025-08-16 10:32:19.430000,22,CLOUD,False,3,1,1,True,1128
2506,2025-08-16 10:35:41.219000,21,BYLETH,False,3,1,0,True,1129
2507,2025-08-16 10:35:41.321000,22,CLOUD,False,1,3,0,False,1129
2508,2025-08-16 10:40:11.635000,21,BYLETH,False,3,2,0,True,1130
2781,2025-08-23 01:37:01.372000,77,JOKER,False,2,2,1,False,1256
2510,2025-08-16 10:43:30.429000,21,BYLETH,False,3,2,0,True,1131
2511,2025-08-16 10:43:30.505000,22,CLOUD,False,2,3,0,False,1131
2512,2025-08-16 10:47:16.084000,21,BYLETH,False,3,2,0,True,1132
2513,2025-08-16 10:47:16.169000,22,CLOUD,False,2,3,0,False,1132
2514,2025-08-16 10:51:16.714000,22,CLOUD,False,3,2,0,True,1133
2515,2025-08-16 10:51:16.805000,21,BYLETH,False,2,3,0,False,1133
2516,2025-08-16 10:55:31.872000,21,BYLETH,False,3,1,0,True,1134
2517,2025-08-16 10:55:31.973000,22,CLOUD,False,1,3,0,False,1134
2518,2025-08-16 10:58:04.887000,21,BYLETH,False,3,0,0,True,1135
2519,2025-08-16 10:58:04.978000,22,CLOUD,False,0,3,0,False,1135
2520,2025-08-16 11:01:18.706000,21,BYLETH,False,3,2,0,True,1136
2521,2025-08-16 11:01:18.803000,22,CLOUD,False,2,3,0,False,1136
2522,2025-08-16 11:05:48.661000,21,CLOUD,False,3,1,0,True,1137
2523,2025-08-16 11:05:48.744000,22,CLOUD,False,0,3,0,False,1137
2524,2025-08-16 11:08:44.728000,21,CLOUD,False,1,3,0,False,1138
2525,2025-08-16 11:08:44.822000,22,CLOUD,False,0,0,0,True,1138
2526,2025-08-16 11:11:20.028000,21,CLOUD,False,0,2,1,False,1139
2527,2025-08-16 11:11:20.133000,22,CLOUD,False,2,0,0,True,1139
2528,2025-08-16 11:15:00.282000,21,CLOUD,False,2,3,0,False,1140
2529,2025-08-16 11:15:00.369000,22,CLOUD,False,3,2,0,True,1140
4541,2025-09-15 00:39:43.816000,22,ENDERMAN,False,3,2,0,True,1959
4542,2025-09-15 00:39:43.990000,50,YOSHI,False,2,2,0,True,1959
2532,2025-08-16 11:21:11.207000,21,CLOUD,False,3,0,0,True,1142
2533,2025-08-16 11:21:11.311000,22,CLOUD,False,0,3,0,False,1142
2534,2025-08-16 11:24:53.962000,21,MR. GAME & WATCH,False,3,2,0,True,1143
2538,2025-08-16 11:31:43.404000,22,CLOUD,False,3,1,0,True,1145
2541,2025-08-16 11:35:26.505000,22,CLOUD,False,2,3,0,False,1146
2441,2025-08-16 03:42:01.518000,255,KING K. ROOL,False,1,3,0,False,1096
2439,2025-08-16 03:39:34.120000,255,KING K. ROOL,False,1,3,0,False,1095
2436,2025-08-16 03:36:24.223000,255,KING K. ROOL,False,2,2,0,True,1094
2433,2025-08-16 03:29:27.187000,255,KING K. ROOL,False,2,2,0,False,1092
2434,2025-08-16 03:32:46.929000,255,KING K. ROOL,False,2,2,0,True,1093
2430,2025-08-16 03:25:16.939000,255,KING K. ROOL,False,3,2,0,True,1091
2429,2025-08-16 03:22:41.111000,255,KING K. ROOL,False,1,3,0,False,1090
2427,2025-08-16 03:18:33.711000,255,KING K. ROOL,False,2,3,0,False,1089
2425,2025-08-16 03:12:52.710000,255,KING K. ROOL,False,1,3,0,False,1088
2423,2025-08-16 03:09:19.779000,255,KING K. ROOL,False,1,3,0,False,1087
2419,2025-08-16 03:05:55.276000,255,KING K. ROOL,False,3,2,0,True,1086
2418,2025-08-16 03:02:06.213000,255,KING K. ROOL,False,3,3,0,False,1085
2413,2025-08-16 02:57:12.333000,255,KING K. ROOL,False,2,2,0,True,1084
2412,2025-08-16 02:45:20.678000,255,KING K. ROOL,False,2,3,0,False,1083
2540,2025-08-16 11:35:26.408000,21,ZELDA,False,3,2,0,True,1146
2539,2025-08-16 11:31:43.495000,21,MR. GAME & WATCH,False,0,3,0,False,1145
2531,2025-08-16 11:18:39.653000,22,CLOUD,False,0,3,0,False,1141
2530,2025-08-16 11:18:39.546000,21,CLOUD,False,3,1,0,True,1141
2536,2025-08-16 11:27:49.150000,21,MR. GAME & WATCH,False,3,1,0,True,1144
2537,2025-08-16 11:27:49.216000,22,CLOUD,False,1,3,0,False,1144
2535,2025-08-16 11:24:54.048000,22,CLOUD,False,2,3,0,False,1143
2548,2025-08-16 20:37:22.796000,50,YOSHI,False,2,3,0,False,1149
2549,2025-08-16 20:37:22.949000,21,MR. GAME & WATCH,False,3,2,0,True,1149
2550,2025-08-16 20:41:48.935000,50,YOSHI,False,3,2,0,True,1150
2551,2025-08-16 20:41:49.049000,21,MR. GAME & WATCH,False,2,3,0,False,1150
2552,2025-08-16 20:45:30.614000,50,YOSHI,False,1,3,0,False,1151
2553,2025-08-16 20:45:30.708000,21,MR. GAME & WATCH,False,3,1,0,True,1151
2554,2025-08-16 20:53:13.772000,50,YOSHI,False,3,2,0,True,1152
2555,2025-08-16 20:53:13.867000,678,HERO,False,2,3,0,False,1152
2556,2025-08-16 20:56:37.994000,50,YOSHI,False,3,2,0,True,1153
2557,2025-08-16 20:56:38.069000,678,HERO,False,1,3,0,False,1153
2558,2025-08-16 21:02:03.627000,50,YOSHI,False,2,3,0,False,1154
2559,2025-08-16 21:02:03.789000,678,HERO,False,3,2,0,True,1154
2560,2025-08-17 00:43:19.990000,678,HERO,False,1,3,0,False,1155
2561,2025-08-17 00:43:20.098000,61,FALCO,False,3,1,0,True,1155
2562,2025-08-17 00:45:51.851000,678,HERO,False,1,2,0,False,1156
2563,2025-08-17 00:45:51.970000,61,LUCINA,False,2,1,0,True,1156
2564,2025-08-17 00:49:49.885000,678,DARK PIT,False,2,3,0,False,1157
2565,2025-08-17 00:49:49.981000,61,NESS,False,3,2,0,True,1157
2566,2025-08-17 00:54:44.501000,255,KING K. ROOL,False,3,1,0,True,1158
2567,2025-08-17 00:54:44.671000,54,LINK,False,1,3,0,False,1158
2568,2025-08-17 00:57:57.256000,255,KING K. ROOL,False,3,2,0,True,1159
2569,2025-08-17 00:57:57.390000,54,STEVE,False,2,3,0,False,1159
2570,2025-08-17 01:01:41.797000,255,KING K. ROOL,False,1,3,0,False,1160
2571,2025-08-17 01:01:41.905000,54,ENDERMAN,False,2,1,0,True,1160
2572,2025-08-17 01:04:57.689000,255,KING K. ROOL,False,1,3,0,False,1161
2573,2025-08-17 01:04:57.780000,54,JOKER,False,2,1,0,True,1161
2574,2025-08-17 01:09:51.534000,255,KING K. ROOL,False,1,3,0,False,1162
2575,2025-08-17 01:09:51.630000,54,LINK,False,2,1,0,True,1162
2576,2025-08-17 01:14:14.892000,255,KING K. ROOL,False,3,2,0,True,1163
2577,2025-08-17 01:14:14.973000,21,MR. GAME & WATCH,False,2,3,0,False,1163
2578,2025-08-17 01:16:55.523000,255,KING K. ROOL,False,0,3,0,False,1164
2579,2025-08-17 01:16:55.685000,21,MR. GAME & WATCH,False,3,0,0,True,1164
2580,2025-08-17 01:19:56.561000,255,KING K. ROOL,False,0,3,0,False,1165
2581,2025-08-17 01:19:56.648000,21,ZELDA,False,3,0,0,True,1165
2582,2025-08-17 02:07:09.772000,54,DONKEY KONG,False,3,2,0,True,1166
2583,2025-08-17 02:07:09.874000,50,YOSHI,False,2,3,0,False,1166
2584,2025-08-17 02:10:20.811000,54,STEVE,False,3,1,0,True,1167
4543,2025-09-15 00:39:44.117000,61,FALCO,False,2,3,0,False,1959
2586,2025-08-17 02:13:26.938000,50,YOSHI,False,2,3,0,False,1168
2587,2025-08-17 02:13:27.031000,54,BOWSER,False,0,0,0,True,1168
2588,2025-08-17 02:16:55.877000,50,HERO,False,1,3,0,False,1169
2589,2025-08-17 02:16:55.983000,54,INCINEROAR,False,3,1,0,True,1169
2590,2025-08-17 02:20:56.985000,54,STEVE,False,3,1,0,True,1170
2591,2025-08-17 02:20:57.081000,50,YOSHI,False,1,3,0,False,1170
2592,2025-08-17 02:24:30.080000,54,DONKEY KONG,False,3,2,0,True,1171
2593,2025-08-17 02:24:30.212000,50,YOSHI,False,2,3,0,False,1171
2594,2025-08-17 20:11:23.934000,21,BYLETH,False,3,2,0,True,1172
2595,2025-08-17 20:11:24.121000,22,CLOUD,False,2,3,0,False,1172
2596,2025-08-17 20:14:57.391000,21,BYLETH,False,3,2,0,True,1173
2597,2025-08-17 20:14:57.507000,22,CLOUD,False,2,3,0,False,1173
2598,2025-08-17 20:18:55.967000,21,BYLETH,False,3,1,0,True,1174
2599,2025-08-17 20:18:56.099000,22,CLOUD,False,1,3,0,False,1174
2600,2025-08-17 20:23:05.192000,21,BYLETH,False,3,2,0,True,1175
2601,2025-08-17 20:23:05.338000,22,CLOUD,False,2,3,0,False,1175
2602,2025-08-17 22:26:32.413000,21,ZELDA,False,3,1,0,True,1176
2603,2025-08-17 22:26:32.514000,22,CLOUD,False,0,3,0,False,1176
2604,2025-08-17 22:29:05.052000,21,ZELDA,False,2,0,0,True,1177
2605,2025-08-17 22:29:05.175000,22,CLOUD,False,0,2,1,False,1177
2606,2025-08-18 01:37:30.712000,22,CLOUD,False,1,3,0,False,1178
2607,2025-08-18 01:37:30.838000,21,ZELDA,False,3,1,0,True,1178
2608,2025-08-18 01:42:07.817000,21,ZELDA,False,3,2,0,True,1179
2609,2025-08-18 01:42:07.965000,22,CLOUD,False,0,0,0,False,1179
2610,2025-08-18 01:46:11.551000,22,CLOUD,False,0,3,0,False,1180
2611,2025-08-18 01:46:11.702000,21,ZELDA,False,3,1,0,True,1180
2612,2025-08-18 01:49:16.678000,21,ZELDA,False,3,1,0,True,1181
2806,2025-08-23 02:27:40.433000,255,KING K. ROOL,False,3,1,0,True,1267
2807,2025-08-23 02:27:40.562000,77,JOKER,False,0,3,0,False,1267
2615,2025-08-18 01:53:55.624000,21,ZELDA,False,3,1,0,True,1182
2824,2025-08-23 03:09:33.364000,255,KING K. ROOL,False,1,3,0,False,1275
2617,2025-08-18 01:56:51.874000,21,ZELDA,False,2,1,0,True,1183
2618,2025-08-18 02:00:06.580000,22,CLOUD,False,0,3,0,False,1184
2619,2025-08-18 02:00:06.679000,21,MR. GAME & WATCH,False,3,1,0,True,1184
2620,2025-08-18 02:02:36.108000,22,ENDERMAN,False,3,0,0,True,1185
2621,2025-08-18 02:02:36.234000,21,ZELDA,False,0,3,0,False,1185
2622,2025-08-18 02:05:37.217000,22,ENDERMAN,False,1,3,0,False,1186
2623,2025-08-18 02:05:37.316000,21,ZELDA,False,3,1,0,True,1186
2624,2025-08-18 02:08:48.338000,452,CLOUD,False,1,3,0,False,1187
2625,2025-08-18 02:08:48.498000,21,ZELDA,False,3,1,0,True,1187
2626,2025-08-18 02:12:43.373000,21,ZELDA,False,3,1,0,True,1188
2627,2025-08-18 02:12:43.528000,22,ENDERMAN,False,1,3,0,False,1188
2628,2025-08-18 02:17:35.524000,22,ENDERMAN,False,1,3,0,False,1189
2629,2025-08-18 02:17:35.614000,21,ZELDA,False,3,1,1,True,1189
2630,2025-08-18 02:23:06.913000,21,ZELDA,False,3,2,0,True,1190
2631,2025-08-18 02:23:07.021000,22,ENDERMAN,False,2,3,0,False,1190
2632,2025-08-18 02:30:08.358000,22,ENDERMAN,False,4,3,0,False,1191
2633,2025-08-18 02:30:08.495000,21,ZELDA,False,3,2,0,True,1191
2634,2025-08-18 02:30:08.618000,23,SAMUS,False,3,2,0,False,1191
2635,2025-08-18 02:34:38.075000,22,ENDERMAN,False,4,2,0,True,1192
2636,2025-08-18 02:34:38.207000,23,SAMUS,False,3,3,0,False,1192
2637,2025-08-18 02:34:38.321000,21,ZELDA,False,0,2,0,False,1192
2638,2025-08-18 02:40:14.042000,22,ENDERMAN,False,0,3,0,False,1193
2639,2025-08-18 02:40:14.162000,21,ZELDA,False,5,2,0,True,1193
2640,2025-08-18 02:40:14.271000,23,SAMUS,False,2,3,0,False,1193
2641,2025-08-18 02:44:21.552000,21,ZELDA,False,3,2,0,True,1194
2643,2025-08-18 02:49:23.192000,54,DONKEY KONG,False,2,3,0,False,1195
2644,2025-08-18 02:49:23.286000,21,MR. GAME & WATCH,False,3,2,0,True,1195
2645,2025-08-18 02:52:46.289000,54,STEVE,False,1,3,0,False,1196
2646,2025-08-18 02:52:46.530000,21,ZELDA,False,3,1,0,True,1196
2647,2025-08-18 02:55:42.575000,21,ZELDA,False,3,2,0,True,1197
2648,2025-08-18 02:55:42.750000,50,YOSHI,False,2,3,0,False,1197
2649,2025-08-18 02:59:38.087000,50,YOSHI,False,2,3,0,False,1198
2650,2025-08-18 02:59:38.222000,21,ZELDA,False,3,2,0,True,1198
2651,2025-08-18 03:04:34.446000,50,YOSHI,False,2,3,0,False,1199
2652,2025-08-18 03:04:34.619000,21,ZELDA,False,3,2,0,True,1199
2653,2025-08-18 03:11:33.631000,54,JOKER,False,3,2,0,True,1200
2654,2025-08-18 03:11:33.753000,21,MR. GAME & WATCH,False,2,3,0,False,1200
2655,2025-08-18 03:15:40.156000,452,CLOUD,False,2,3,0,False,1201
2656,2025-08-18 03:15:40.299000,21,ZELDA,False,3,1,0,True,1201
2585,2025-08-17 02:10:20.947000,50,YOSHI,False,0,0,0,False,1167
2657,2025-08-18 03:18:24.116000,452,CLOUD,False,0,3,0,False,1202
2658,2025-08-18 03:18:24.191000,21,ZELDA,False,3,0,0,True,1202
2659,2025-08-18 03:24:28.351000,452,CLOUD,False,2,2,0,False,1203
2660,2025-08-18 03:24:28.481000,21,BYLETH,False,3,2,0,True,1203
2661,2025-08-18 03:27:30.317000,452,CLOUD,False,0,3,0,False,1204
2662,2025-08-18 03:27:30.437000,21,BYLETH,False,3,1,0,True,1204
2663,2025-08-18 03:30:05.665000,21,ENDERMAN,False,3,0,0,True,1205
2664,2025-08-18 03:30:05.837000,452,CLOUD,False,0,3,0,False,1205
2665,2025-08-18 03:34:20.502000,452,CLOUD,False,0,3,0,False,1206
2666,2025-08-18 03:34:20.645000,21,KING K. ROOL,False,3,1,0,True,1206
2667,2025-08-18 03:37:44.491000,452,CLOUD,False,1,3,0,False,1207
2668,2025-08-18 03:37:44.591000,21,KING K. ROOL,False,3,1,0,True,1207
2669,2025-08-18 03:41:24.905000,452,CLOUD,False,1,3,0,False,1208
2670,2025-08-18 03:41:24.998000,21,KING K. ROOL,False,3,1,0,True,1208
2671,2025-08-18 03:44:54.528000,21,DONKEY KONG,False,3,0,0,True,1209
2672,2025-08-18 03:44:54.635000,452,CLOUD,False,0,3,0,False,1209
2673,2025-08-18 03:48:35.468000,452,CLOUD,False,1,3,0,False,1210
2674,2025-08-18 03:48:35.569000,21,MARTH,False,3,1,0,True,1210
2675,2025-08-18 03:51:43.031000,21,LITTLE MAC,False,3,1,0,True,1211
2676,2025-08-18 03:51:43.209000,452,CLOUD,False,1,3,0,False,1211
2677,2025-08-18 03:55:05.833000,452,CLOUD,False,2,2,0,False,1212
2678,2025-08-18 03:55:05.955000,21,DR. MARIO,False,2,2,0,True,1212
2783,2025-08-23 01:41:47.587000,2586,SEPHIROTH,False,0,0,0,True,1257
2642,2025-08-18 02:44:21.662000,54,INCINEROAR,False,0,0,0,False,1194
2613,2025-08-18 01:49:16.799000,22,CLOUD,False,0,0,0,False,1181
4544,2025-09-15 00:39:44.226000,54,JOKER,False,2,3,0,False,1959
2614,2025-08-18 01:53:55.516000,22,CLOUD,False,0,0,0,False,1182
4545,2025-09-15 00:39:44.381000,3005,GRENINJA,False,2,2,0,True,1959
2616,2025-08-18 01:56:51.736000,22,CLOUD,False,0,0,0,False,1183
4575,2025-09-15 01:15:50.499000,22,CAPTAIN FALCON,False,3,3,0,False,1966
2509,2025-08-16 10:40:11.741000,22,CLOUD,False,0,0,0,False,1130
4576,2025-09-15 01:15:50.646000,255,KING K. ROOL,False,3,3,0,False,1966
4584,2025-09-17 00:57:31.478000,88,YOSHI,False,3,2,0,True,1970
2263,2025-08-14 20:28:12.163000,104,KING DEDEDE,False,0,0,0,True,1028
2679,2025-08-19 23:55:19.406000,23,SAMUS,False,2,3,0,False,1213
2680,2025-08-19 23:55:19.618000,77,JOKER,False,3,2,0,True,1213
2683,2025-08-20 02:14:11.199000,21,ZELDA,False,1,0,0,True,1215
2684,2025-08-20 02:14:11.455000,2517,FOX,False,0,1,2,False,1215
2685,2025-08-20 02:17:06.038000,21,ZELDA,False,2,0,0,True,1216
2686,2025-08-20 02:17:06.165000,2517,DIDDY KONG,False,0,2,1,False,1216
2687,2025-08-20 02:19:30.913000,21,ZELDA,False,3,0,0,True,1217
2688,2025-08-20 02:19:31.027000,2517,KEN,False,0,3,0,False,1217
2689,2025-08-20 02:24:21.263000,21,KAZUYA,False,2,0,0,True,1218
2690,2025-08-20 02:24:21.409000,2517,BOWSER JR.,False,0,3,0,False,1218
2691,2025-08-20 02:29:11.388000,21,BYLETH,False,3,1,0,True,1219
2692,2025-08-20 02:29:11.507000,2517,MARIO,False,1,3,0,False,1219
2693,2025-08-20 02:35:45.858000,21,ZELDA,False,3,2,0,True,1220
2696,2025-08-20 02:59:03.149000,21,MR. GAME & WATCH,False,3,2,0,True,1221
2697,2025-08-20 03:03:31.148000,104,ZELDA,False,2,3,0,False,1222
2698,2025-08-20 03:03:31.280000,21,MR. GAME & WATCH,False,3,2,0,True,1222
2699,2025-08-20 03:07:46.347000,104,ZELDA,False,2,3,0,False,1223
2700,2025-08-20 03:07:46.510000,21,ZELDA,False,3,2,0,True,1223
2701,2025-08-20 03:10:44.757000,104,ZELDA,False,2,3,0,False,1224
2702,2025-08-20 03:10:44.901000,21,ZELDA,False,3,2,0,True,1224
2694,2025-08-20 02:35:45.980000,104,ZELDA,False,0,0,0,False,1220
2695,2025-08-20 02:59:02.995000,104,ZELDA,False,0,0,0,False,1221
2703,2025-08-21 02:22:48.407000,54,STEVE,False,3,2,0,True,1225
2704,2025-08-21 02:22:48.657000,38,JOKER,False,2,3,0,False,1225
2707,2025-08-22 03:00:55.279000,255,KING K. ROOL,False,2,3,0,False,1227
2708,2025-08-22 03:00:55.528000,22,CLOUD,False,3,2,0,True,1227
2709,2025-08-22 03:07:32.616000,255,KING K. ROOL,False,2,3,0,False,1228
2710,2025-08-22 03:07:32.815000,22,CLOUD,False,3,2,0,True,1228
2711,2025-08-22 03:12:42.410000,255,KING K. ROOL,False,4,2,0,True,1229
2712,2025-08-22 03:12:42.538000,23,SAMUS,False,0,3,0,False,1229
2713,2025-08-22 03:12:42.638000,22,CLOUD,False,4,3,0,False,1229
2714,2025-08-22 03:20:55.023000,22,CLOUD,False,5,2,0,True,1230
2715,2025-08-22 03:20:55.189000,23,SAMUS,False,2,3,0,False,1230
2716,2025-08-22 03:20:55.329000,255,KING K. ROOL,False,1,3,0,False,1230
2717,2025-08-22 03:25:49.640000,255,KING K. ROOL,False,3,1,0,True,1231
2719,2025-08-22 03:30:21.897000,22,LUCINA,False,3,2,0,True,1232
2720,2025-08-22 03:30:22.049000,255,KING K. ROOL,False,2,3,0,False,1232
2721,2025-08-22 03:34:15.067000,255,KING K. ROOL,False,2,3,0,False,1233
2722,2025-08-22 03:34:15.213000,22,CLOUD,False,0,0,0,True,1233
2723,2025-08-22 03:38:52.177000,255,KING K. ROOL,False,1,3,0,False,1234
2724,2025-08-22 03:38:52.326000,22,ENDERMAN,False,2,1,0,True,1234
2725,2025-08-22 03:42:45.643000,22,LITTLE MAC,False,2,2,0,True,1235
2726,2025-08-22 03:42:45.790000,255,KING K. ROOL,False,2,3,0,False,1235
2728,2025-08-22 04:14:51.516000,678,DARK PIT,False,2,3,0,False,1236
2729,2025-08-22 04:18:31.814000,22,ENDERMAN,False,4,0,0,True,1237
2730,2025-08-22 04:18:31.989000,23,SAMUS,False,2,3,0,False,1237
2731,2025-08-22 04:18:32.358000,678,BAYONETTA,False,0,3,0,False,1237
2732,2025-08-22 04:23:51.919000,22,CLOUD,False,4,2,0,True,1238
2733,2025-08-22 04:23:52.109000,23,SAMUS,False,2,3,0,False,1238
2734,2025-08-22 04:23:52.257000,678,LUCARIO,False,2,3,0,False,1238
2735,2025-08-22 04:30:55.773000,22,BYLETH,False,2,2,0,True,1239
2736,2025-08-22 04:30:55.937000,23,SAMUS,False,4,3,0,False,1239
2737,2025-08-22 04:30:56.075000,678,MEWTWO,False,0,3,0,False,1239
2718,2025-08-22 03:25:49.828000,22,LUCINA,False,0,0,0,False,1231
2738,2025-08-22 04:41:39.368000,22,STEVE,False,3,3,0,True,1240
2739,2025-08-22 04:41:39.524000,678,DARK PIT,False,1,3,0,False,1240
2740,2025-08-22 04:41:39.661000,23,SAMUS,False,3,3,0,False,1240
2741,2025-08-22 06:15:33.089000,39,DONKEY KONG,False,2,3,0,False,1241
2742,2025-08-22 06:15:33.327000,21,MR. GAME & WATCH,False,3,2,0,True,1241
2843,2025-08-23 06:13:24.130000,21,MR. GAME & WATCH,False,3,2,0,True,1284
2844,2025-08-23 06:19:30.225000,22,ENDERMAN,False,0,3,0,False,1285
2845,2025-08-23 06:19:30.341000,21,MR. GAME & WATCH,False,3,2,0,True,1285
2846,2025-08-23 06:25:17.670000,22,ENDERMAN,False,2,3,0,False,1286
2847,2025-08-23 06:25:17.772000,21,MR. GAME & WATCH,False,3,2,0,True,1286
2848,2025-08-23 09:45:17.813000,21,MR. GAME & WATCH,False,2,3,0,False,1287
2849,2025-08-23 09:45:18.018000,38,LUIGI,False,3,2,0,True,1287
2850,2025-08-23 09:47:46.620000,38,LUIGI,False,2,0,0,True,1288
4546,2025-09-15 00:43:26.045000,22,ENDERMAN,False,1,2,0,True,1960
2852,2025-08-23 09:49:22.940000,21,MR. GAME & WATCH,False,0,3,0,False,1289
2853,2025-08-23 09:49:23.052000,38,LUIGI,False,3,0,0,True,1289
2854,2025-08-23 09:51:46.026000,21,MR. GAME & WATCH,False,3,1,0,True,1290
2855,2025-08-23 09:51:46.142000,38,LUIGI,False,0,3,0,False,1290
2856,2025-08-23 09:57:53.912000,38,LUIGI,False,3,0,0,True,1291
2857,2025-08-23 09:57:54.038000,21,MR. GAME & WATCH,False,0,3,0,False,1291
2858,2025-08-23 10:00:28.689000,38,LUIGI,False,3,1,0,True,1292
2859,2025-08-23 10:00:28.803000,21,MR. GAME & WATCH,False,1,3,0,False,1292
2860,2025-08-23 10:01:33.713000,38,LUIGI,False,3,0,0,True,1293
2861,2025-08-23 10:01:33.848000,21,ZELDA,False,0,3,0,False,1293
2862,2025-08-23 10:03:00.210000,38,LUIGI,False,3,0,0,True,1294
4547,2025-09-15 00:43:26.174000,50,YOSHI,False,2,2,0,True,1960
2864,2025-08-23 10:07:59.577000,21,MR. GAME & WATCH,False,2,2,0,False,1295
2865,2025-08-23 10:07:59.711000,38,LUIGI,False,2,2,0,True,1295
2866,2025-08-23 10:11:46.767000,21,MR. GAME & WATCH,False,2,3,0,False,1296
2867,2025-08-23 10:11:46.847000,38,LUIGI,False,3,2,0,True,1296
2868,2025-08-23 10:14:48.508000,21,MR. GAME & WATCH,False,2,3,0,False,1297
2869,2025-08-23 10:14:48.630000,38,LUIGI,False,3,2,0,True,1297
2870,2025-08-23 10:17:38.581000,21,MR. GAME & WATCH,False,0,0,0,False,1298
2871,2025-08-23 10:17:38.692000,38,LUIGI,False,0,3,0,True,1298
2872,2025-08-23 10:22:00.293000,21,MR. GAME & WATCH,False,2,2,0,False,1299
2873,2025-08-23 10:22:00.365000,38,LUIGI,False,3,3,0,True,1299
2874,2025-08-23 10:28:05.453000,21,MR. GAME & WATCH,False,2,2,0,False,1300
2875,2025-08-23 10:28:05.570000,38,LUIGI,False,2,2,0,True,1300
2876,2025-08-23 10:32:19.802000,21,MR. GAME & WATCH,False,2,3,0,False,1301
2877,2025-08-23 10:32:20.047000,38,KING K. ROOL,False,3,3,0,True,1301
2878,2025-08-23 10:36:05.193000,21,MR. GAME & WATCH,False,2,3,0,False,1302
2879,2025-08-23 10:36:05.342000,38,BYLETH,False,3,2,0,True,1302
2880,2025-08-23 10:40:24.011000,21,MR. GAME & WATCH,False,2,3,0,False,1303
2881,2025-08-23 10:40:24.107000,38,BYLETH,False,3,3,0,True,1303
2882,2025-08-23 10:41:52.569000,38,LUIGI,False,3,1,0,True,1304
2883,2025-08-23 10:41:52.671000,21,MR. GAME & WATCH,False,1,3,0,False,1304
2884,2025-08-23 10:46:18.429000,38,LUIGI,False,3,2,0,True,1305
2885,2025-08-23 10:46:18.565000,21,MR. GAME & WATCH,False,2,3,0,False,1305
2886,2025-08-23 10:49:14.729000,21,MR. GAME & WATCH,False,3,2,0,True,1306
2887,2025-08-23 10:49:14.848000,38,LUIGI,False,2,3,0,False,1306
2888,2025-08-23 10:52:48.444000,21,MR. GAME & WATCH,False,3,2,0,True,1307
2889,2025-08-23 10:52:48.528000,38,LUIGI,False,0,3,0,False,1307
2890,2025-08-23 10:57:39.338000,21,MR. GAME & WATCH,False,3,2,0,True,1308
2891,2025-08-23 10:57:39.446000,38,GANONDORF,False,2,3,0,False,1308
2892,2025-08-23 11:04:41.643000,21,MR. GAME & WATCH,False,3,2,0,True,1309
2893,2025-08-23 11:04:41.750000,38,JOKER,False,2,3,0,False,1309
2894,2025-08-24 05:18:37.942000,38,JOKER,False,3,1,0,True,1310
2895,2025-08-24 05:18:38.235000,22,ENDERMAN,False,1,3,0,False,1310
2896,2025-08-24 17:10:56.301000,21,ZELDA,False,2,3,0,False,1311
2897,2025-08-24 17:10:56.513000,39,DONKEY KONG,False,3,2,0,True,1311
2898,2025-08-24 17:13:43.969000,21,ZELDA,False,3,1,0,True,1312
2899,2025-08-24 17:13:44.168000,39,DONKEY KONG,False,1,3,0,False,1312
2900,2025-08-24 17:17:10.391000,21,ZELDA,False,1,3,0,False,1313
2901,2025-08-24 17:17:10.493000,39,DONKEY KONG,False,3,1,0,True,1313
2902,2025-08-24 17:19:57.035000,21,ZELDA,False,2,1,0,True,1314
2903,2025-08-24 17:19:57.145000,39,DONKEY KONG,False,0,2,1,False,1314
2904,2025-08-24 17:24:53.904000,21,ZELDA,False,2,3,0,False,1315
2905,2025-08-24 17:24:54.057000,39,DONKEY KONG,False,3,2,0,True,1315
2906,2025-08-24 17:30:02.607000,21,MR. GAME & WATCH,False,2,2,0,True,1316
2907,2025-08-24 17:30:02.722000,39,DONKEY KONG,False,0,0,0,False,1316
2908,2025-08-24 17:32:50.937000,21,DONKEY KONG,False,2,3,0,False,1317
2909,2025-08-24 17:32:51.097000,39,DONKEY KONG,False,3,2,0,True,1317
2910,2025-08-24 17:35:57.087000,21,DONKEY KONG,False,2,3,0,False,1318
2911,2025-08-24 17:35:57.199000,39,DONKEY KONG,False,3,2,0,True,1318
2912,2025-08-24 17:38:42.726000,21,DONKEY KONG,False,2,3,0,False,1319
2913,2025-08-24 17:38:42.879000,39,DONKEY KONG,False,3,2,0,True,1319
2914,2025-08-24 17:42:25.279000,21,DONKEY KONG,False,2,3,0,False,1320
2915,2025-08-24 17:42:25.411000,39,DONKEY KONG,False,3,2,0,True,1320
2916,2025-08-24 17:45:07.312000,21,DONKEY KONG,False,2,3,0,False,1321
2917,2025-08-24 17:45:07.451000,39,DONKEY KONG,False,3,2,0,True,1321
2918,2025-08-24 17:48:17.525000,39,DONKEY KONG,False,3,1,0,True,1322
2919,2025-08-24 17:48:17.664000,21,DONKEY KONG,False,0,3,0,False,1322
2920,2025-08-24 17:50:36.050000,21,DONKEY KONG,False,1,3,0,False,1323
2921,2025-08-24 17:50:36.166000,39,DONKEY KONG,False,3,1,0,True,1323
2922,2025-08-24 17:53:40.482000,39,DONKEY KONG,False,3,1,0,True,1324
2923,2025-08-24 17:53:40.616000,21,DONKEY KONG,False,0,3,0,False,1324
2924,2025-08-24 17:56:14.026000,21,DONKEY KONG,False,2,3,0,False,1325
2925,2025-08-24 17:56:14.196000,39,DONKEY KONG,False,3,1,0,True,1325
2926,2025-08-24 18:00:48.574000,21,DONKEY KONG,False,3,2,0,True,1326
2927,2025-08-24 18:00:48.680000,39,DONKEY KONG,False,2,3,0,False,1326
2928,2025-08-24 18:04:32.725000,21,DONKEY KONG,False,3,1,0,True,1327
2929,2025-08-24 18:04:32.850000,39,MR. GAME & WATCH,False,1,3,0,False,1327
2930,2025-08-24 18:08:56.550000,21,DONKEY KONG,False,3,2,0,True,1328
2931,2025-08-24 18:08:56.694000,39,ZELDA,False,2,3,0,False,1328
4548,2025-09-15 00:43:26.342000,54,INCINEROAR,False,5,3,0,False,1960
4549,2025-09-15 00:43:26.481000,3005,GRENINJA,False,1,2,1,True,1960
2934,2025-08-24 19:40:16.651000,21,DONKEY KONG,False,2,3,0,False,1330
2935,2025-08-24 19:40:16.882000,39,DONKEY KONG,False,3,2,0,True,1330
2936,2025-08-24 19:43:55.618000,21,DONKEY KONG,False,2,3,0,False,1331
2937,2025-08-24 19:43:55.789000,39,DONKEY KONG,False,3,2,0,True,1331
2938,2025-08-24 19:47:30.417000,21,DONKEY KONG,False,3,3,0,False,1332
2939,2025-08-24 19:47:30.545000,39,DONKEY KONG,False,3,1,0,True,1332
2940,2025-08-24 19:50:21.081000,21,DONKEY KONG,False,0,3,0,False,1333
2941,2025-08-24 19:50:21.234000,39,DONKEY KONG,False,3,1,0,True,1333
2942,2025-08-24 19:53:37.848000,21,ZELDA,False,2,3,0,False,1334
2943,2025-08-24 19:53:37.993000,39,DONKEY KONG,False,3,2,0,True,1334
2944,2025-08-24 19:57:08.749000,21,ZELDA,False,1,3,0,False,1335
2945,2025-08-24 19:57:08.854000,39,DONKEY KONG,False,3,1,0,True,1335
2946,2025-08-24 20:05:17.030000,21,MR. GAME & WATCH,False,2,3,0,False,1336
2947,2025-08-24 20:05:17.177000,39,DONKEY KONG,False,3,2,0,True,1336
2948,2025-08-24 20:09:51.496000,39,DONKEY KONG,False,3,2,0,True,1337
4577,2025-09-15 01:21:33.018000,22,CAPTAIN FALCON,False,2,3,0,False,1967
2950,2025-08-24 23:29:00.235000,23,SAMUS,False,0,3,0,False,1338
2951,2025-08-24 23:29:00.491000,22,ENDERMAN,False,3,0,0,True,1338
2952,2025-08-25 19:40:37.318000,39,DONKEY KONG,False,2,3,0,False,1339
2953,2025-08-25 19:40:37.559000,21,DONKEY KONG,False,3,2,0,True,1339
2954,2025-08-25 19:43:50.979000,39,DONKEY KONG,False,3,1,0,True,1340
2955,2025-08-25 19:43:51.176000,2586,SEPHIROTH,False,1,3,0,False,1340
2956,2025-08-25 19:48:02.016000,39,DONKEY KONG,False,3,2,0,True,1341
2957,2025-08-25 19:48:02.259000,2586,SNAKE,False,2,3,0,False,1341
2958,2025-08-25 20:40:53.594000,21,DONKEY KONG,False,2,3,0,False,1342
2959,2025-08-25 20:40:53.866000,2586,SEPHIROTH,False,3,2,0,True,1342
2960,2025-08-25 20:45:16.181000,21,DONKEY KONG,False,2,3,0,False,1343
2961,2025-08-25 20:45:16.348000,2586,SEPHIROTH,False,3,2,0,True,1343
2962,2025-08-25 20:49:49.089000,21,DONKEY KONG,False,2,3,0,False,1344
2963,2025-08-25 20:49:49.390000,2586,SNAKE,False,0,0,0,True,1344
2964,2025-08-25 20:53:51.527000,21,DONKEY KONG,False,3,2,0,True,1345
2965,2025-08-25 20:53:51.702000,2586,SNAKE,False,2,3,0,False,1345
2966,2025-08-25 20:58:21.450000,21,ZELDA,False,3,2,0,True,1346
2967,2025-08-25 20:58:21.597000,2586,SNAKE,False,2,3,0,False,1346
2968,2025-08-25 21:05:30.216000,21,MR. GAME & WATCH,False,3,2,0,True,1347
2969,2025-08-25 21:05:30.374000,2586,SEPHIROTH,False,2,3,0,False,1347
2970,2025-08-26 00:57:36.798000,39,DONKEY KONG,False,0,3,0,False,1348
2971,2025-08-26 00:57:37.039000,104,ZELDA,False,2,0,0,True,1348
2972,2025-08-26 01:05:35.338000,39,DONKEY KONG,False,2,3,0,False,1349
2973,2025-08-26 01:05:35.601000,104,ZELDA,False,3,2,0,True,1349
2974,2025-08-26 01:08:46.545000,104,SAMUS,False,2,0,0,True,1350
4578,2025-09-15 01:21:33.228000,255,STEVE,False,6,2,0,True,1967
2976,2025-08-26 01:12:24.640000,39,DONKEY KONG,False,3,2,0,True,1351
2977,2025-08-26 01:12:24.733000,104,SAMUS,False,2,3,0,False,1351
2978,2025-08-26 01:14:29.855000,39,DONKEY KONG,False,2,3,0,False,1352
2979,2025-08-26 01:14:29.968000,104,SAMUS,False,3,2,0,True,1352
4579,2025-09-15 01:21:33.385000,3005,GRENINJA,False,0,3,0,False,1967
2982,2025-08-26 04:35:38.476000,74,PYRA,False,3,2,0,True,1354
2983,2025-08-26 04:35:38.681000,255,KING K. ROOL,False,2,3,0,False,1354
2984,2025-08-26 04:39:45.916000,74,PYRA,False,3,2,0,True,1355
2985,2025-08-26 04:39:46.054000,255,KING K. ROOL,False,2,3,0,False,1355
2986,2025-08-26 04:44:53.379000,74,PYRA,False,3,3,0,False,1356
2987,2025-08-26 04:44:53.591000,255,KING K. ROOL,False,4,2,0,True,1356
2988,2025-08-26 04:44:53.830000,2821,ENDERMAN,False,1,3,0,False,1356
2989,2025-08-26 04:50:25.718000,74,PYRA,False,3,3,0,False,1357
2990,2025-08-26 04:50:25.843000,255,KING K. ROOL,False,4,3,0,False,1357
2991,2025-08-26 04:50:25.993000,2821,ZOMBIE,False,3,2,0,True,1357
2993,2025-08-26 04:54:28.546000,255,KING K. ROOL,False,2,2,0,True,1358
2995,2025-08-26 04:54:28.827000,2821,ENDERMAN,False,3,3,0,False,1358
2997,2025-08-26 04:58:03.581000,74,PYRA,False,5,1,0,True,1359
2998,2025-08-26 04:58:03.739000,255,KING K. ROOL,False,1,2,0,True,1359
2999,2025-08-26 04:58:03.865000,2821,LITTLE MAC,False,3,4,0,False,1359
3000,2025-08-26 04:58:04.028000,23,SAMUS,False,0,2,0,False,1359
3003,2025-08-26 05:02:48.649000,2821,ZOMBIE,False,2,2,0,True,1360
3005,2025-08-26 05:06:49.663000,74,PYRA,False,2,2,1,True,1361
3006,2025-08-26 05:06:49.817000,255,KING K. ROOL,False,3,2,0,True,1361
3007,2025-08-26 05:06:49.983000,2821,ZOMBIE,False,3,3,0,False,1361
3008,2025-08-26 05:06:50.112000,23,SAMUS,False,3,3,1,False,1361
3009,2025-08-26 05:13:15.867000,74,PYRA,False,3,1,2,True,1362
3010,2025-08-26 05:13:15.983000,255,KING K. ROOL,False,0,1,1,False,1362
3011,2025-08-26 05:13:16.116000,39,DONKEY KONG,False,0,3,1,False,1362
3012,2025-08-26 05:13:16.244000,23,SAMUS,False,0,2,0,False,1362
3013,2025-08-26 05:13:16.377000,22,ENDERMAN,False,1,2,2,True,1362
3014,2025-08-26 05:13:16.494000,2821,ZOMBIE,False,0,4,1,False,1362
3015,2025-08-26 05:18:45.903000,74,PYRA,False,3,2,1,True,1363
3016,2025-08-26 05:18:46.019000,255,KING K. ROOL,False,3,3,0,True,1363
3017,2025-08-26 05:18:46.129000,39,DONKEY KONG,False,1,4,0,False,1363
3018,2025-08-26 05:18:46.220000,23,SAMUS,False,0,2,0,False,1363
3019,2025-08-26 05:18:46.312000,22,ENDERMAN,False,1,1,2,True,1363
3020,2025-08-26 05:18:46.398000,2821,ZOMBIE,False,0,3,2,False,1363
3021,2025-08-26 05:21:54.602000,74,PYRA,False,4,1,0,True,1364
3022,2025-08-26 05:21:54.714000,255,KING K. ROOL,False,4,2,0,True,1364
2994,2025-08-26 04:54:28.681000,74,PYRA,False,5,3,0,True,1358
2996,2025-08-26 04:54:28.943000,23,SAMUS,False,2,2,0,False,1358
2992,2025-08-26 04:50:26.125000,23,SAMUS,False,3,3,0,True,1357
2975,2025-08-26 01:08:46.996000,39,DONKEY KONG,False,0,3,0,False,1350
2949,2025-08-24 20:09:51.595000,21,MR. GAME & WATCH,False,0,0,0,False,1337
2932,2025-08-24 18:13:04.699000,21,DONKEY KONG,False,0,0,0,False,1329
2933,2025-08-24 18:13:04.840000,39,DONKEY KONG,False,0,0,0,True,1329
3023,2025-08-26 05:21:54.828000,39,LUCINA,False,0,2,0,False,1364
3024,2025-08-26 05:21:54.927000,23,SAMUS,False,1,3,0,False,1364
3025,2025-08-26 05:21:55.020000,22,CLOUD,False,1,1,1,True,1364
3026,2025-08-26 05:21:55.130000,2821,ZOMBIE,False,2,4,0,False,1364
3027,2025-08-26 05:27:05.027000,74,PYRA,False,2,2,2,False,1365
3028,2025-08-26 05:27:05.255000,255,KING K. ROOL,False,1,3,1,False,1365
3029,2025-08-26 05:27:05.443000,39,DONKEY KONG,False,3,2,0,True,1365
3030,2025-08-26 05:27:05.566000,23,SAMUS,False,2,1,1,True,1365
3031,2025-08-26 05:27:05.671000,22,CLOUD,False,2,3,0,False,1365
3032,2025-08-26 05:27:05.804000,2821,ZOMBIE,False,1,3,0,True,1365
3033,2025-08-26 05:31:37.713000,74,PYRA,False,3,1,1,True,1366
3034,2025-08-26 05:31:37.835000,255,KING K. ROOL,False,3,3,0,True,1366
3035,2025-08-26 05:31:37.931000,39,DONKEY KONG,False,1,3,0,False,1366
3036,2025-08-26 05:31:38.033000,23,SAMUS,False,1,3,0,False,1366
3037,2025-08-26 05:31:38.141000,22,CLOUD,False,2,3,1,True,1366
3038,2025-08-26 05:31:38.268000,2821,ZOMBIE,False,1,3,0,False,1366
3039,2025-08-26 05:37:54.168000,74,PYRA,False,3,2,1,True,1367
3040,2025-08-26 05:37:54.290000,255,KING K. ROOL,False,3,3,0,True,1367
3041,2025-08-26 05:37:54.413000,39,DONKEY KONG,False,2,3,0,False,1367
3042,2025-08-26 05:37:54.525000,23,SAMUS,False,2,2,1,False,1367
3043,2025-08-26 05:37:54.661000,22,LUCINA,False,0,3,1,True,1367
3044,2025-08-26 05:37:54.805000,2821,ZOMBIE,False,0,3,0,False,1367
3045,2025-08-26 05:42:17.951000,74,PYRA,False,0,3,0,False,1368
3046,2025-08-26 05:42:18.053000,255,KING K. ROOL,False,1,2,0,False,1368
3047,2025-08-26 05:42:18.136000,39,DONKEY KONG,False,1,2,0,True,1368
3048,2025-08-26 05:42:18.236000,23,SAMUS,False,3,1,0,True,1368
3049,2025-08-26 05:42:18.327000,22,ENDERMAN,False,5,1,1,True,1368
3050,2025-08-26 05:42:18.449000,2821,ZOMBIE,False,0,3,0,False,1368
3051,2025-08-26 05:47:42.821000,74,PYRA,False,1,3,1,False,1369
3052,2025-08-26 05:47:42.949000,255,KING K. ROOL,False,2,3,0,False,1369
3053,2025-08-26 05:47:43.065000,39,DONKEY KONG,False,3,3,0,True,1369
3054,2025-08-26 05:47:43.201000,23,SAMUS,False,1,2,0,True,1369
3055,2025-08-26 05:47:43.295000,22,ENDERMAN,False,2,3,0,True,1369
3056,2025-08-26 05:47:43.418000,2821,LITTLE MAC,False,5,3,2,False,1369
3057,2025-08-26 06:01:31.964000,74,PYRA,False,2,3,0,False,1370
3058,2025-08-26 06:01:32.090000,255,KING K. ROOL,False,2,3,0,False,1370
3059,2025-08-26 06:01:32.250000,39,DONKEY KONG,False,3,3,0,False,1370
3060,2025-08-26 06:01:32.396000,23,SAMUS,False,1,3,0,False,1370
3061,2025-08-26 06:01:32.512000,22,BYLETH,False,6,2,0,True,1370
3062,2025-08-26 07:01:48.672000,21,MR. GAME & WATCH,False,3,2,0,True,1371
3063,2025-08-26 07:01:48.941000,39,DONKEY KONG,False,2,3,0,False,1371
3064,2025-08-26 08:04:44.318000,21,ZELDA,False,3,2,0,True,1372
3065,2025-08-26 08:04:44.506000,23,SAMUS,False,2,3,0,False,1372
3066,2025-08-26 08:07:53.702000,21,ZELDA,False,3,1,0,True,1373
3067,2025-08-26 08:07:53.837000,23,SAMUS,False,0,3,0,False,1373
3068,2025-08-26 08:17:04.944000,21,KING K. ROOL,False,3,2,0,True,1374
3069,2025-08-26 08:17:05.108000,23,SAMUS,False,0,3,0,False,1374
3070,2025-08-26 08:20:47.928000,21,BYLETH,False,3,2,0,True,1375
3071,2025-08-26 08:20:48.075000,23,SAMUS,False,2,3,0,False,1375
3072,2025-08-26 08:25:42.834000,21,DIDDY KONG,False,2,3,0,False,1376
3073,2025-08-26 08:25:42.977000,23,SAMUS,False,3,2,0,True,1376
3074,2025-08-26 08:31:26.854000,23,SAMUS,False,3,2,0,True,1377
3075,2025-08-26 08:31:26.995000,21,SNAKE,False,2,3,0,False,1377
3076,2025-08-26 08:37:32.872000,21,SNAKE,False,2,3,0,False,1378
3077,2025-08-26 08:37:32.988000,23,SAMUS,False,3,2,0,True,1378
3078,2025-08-26 08:41:40.198000,21,SNAKE,False,2,3,0,False,1379
3079,2025-08-26 08:41:40.368000,23,SAMUS,False,3,1,0,True,1379
3080,2025-08-26 21:52:04.863000,39,DONKEY KONG,False,2,3,0,False,1380
3081,2025-08-26 21:52:05.068000,21,MR. GAME & WATCH,False,3,2,0,True,1380
3082,2025-08-26 21:56:21.125000,39,DONKEY KONG,False,2,3,0,False,1381
3083,2025-08-26 21:56:21.288000,21,DONKEY KONG,False,3,2,0,True,1381
3084,2025-08-26 22:00:48.919000,39,DONKEY KONG,False,3,2,0,True,1382
4550,2025-09-15 00:49:12.372000,22,ENDERMAN,False,3,1,1,True,1961
3086,2025-08-26 22:05:33.890000,39,DONKEY KONG,False,1,3,0,False,1383
3087,2025-08-26 22:05:34.013000,21,ZELDA,False,3,1,0,True,1383
3088,2025-08-27 01:10:57.331000,77,JOKER,False,2,3,0,False,1384
3089,2025-08-27 01:10:57.638000,23,SAMUS,False,3,2,0,True,1384
3090,2025-08-27 01:16:22.023000,23,SAMUS,False,3,2,0,True,1385
4551,2025-09-15 00:49:12.527000,50,YOSHI,False,3,3,0,True,1961
3092,2025-08-27 01:21:19.570000,77,JOKER,False,2,2,0,False,1386
3093,2025-08-27 01:21:19.718000,23,SAMUS,False,3,2,0,True,1386
3094,2025-08-27 01:25:33.656000,77,JOKER,False,2,2,0,True,1387
3095,2025-08-27 01:25:33.920000,23,SAMUS,False,2,3,0,False,1387
3096,2025-08-27 05:06:14.627000,678,DARK PIT,False,3,2,0,True,1388
3097,2025-08-27 05:06:14.877000,23,SAMUS,False,2,3,0,False,1388
3098,2025-08-27 05:12:33.176000,678,DARK PIT,False,3,2,0,True,1389
3099,2025-08-27 05:12:33.357000,23,SAMUS,False,2,3,0,False,1389
3102,2025-08-27 20:05:43.528000,39,DONKEY KONG,False,1,3,0,False,1391
3104,2025-08-27 21:26:13.945000,21,ZELDA,False,3,2,0,True,1392
3103,2025-08-27 20:05:43.307000,21,MR. GAME & WATCH,False,3,1,0,True,1391
3101,2025-08-27 19:43:43.528000,39,DONKEY KONG,False,2,3,0,False,1390
3100,2025-08-27 19:43:43.307000,21,DONKEY KONG,False,3,2,0,True,1390
3105,2025-08-27 21:26:14.173000,39,DONKEY KONG,False,2,3,0,False,1392
3106,2025-08-27 21:30:24.483000,21,DONKEY KONG,False,3,2,0,True,1393
3107,2025-08-27 21:30:24.590000,39,DONKEY KONG,False,2,3,0,False,1393
3108,2025-08-28 19:54:52.657000,21,DONKEY KONG,False,3,2,0,True,1394
3109,2025-08-28 19:54:52.922000,39,DONKEY KONG,False,2,3,0,False,1394
3110,2025-08-28 19:58:49.625000,21,DONKEY KONG,False,3,2,0,True,1395
3111,2025-08-28 19:58:49.833000,39,DONKEY KONG,False,2,3,0,False,1395
3112,2025-08-28 23:04:55.391000,21,DONKEY KONG,False,0,3,0,False,1396
3113,2025-08-28 23:04:55.628000,39,DONKEY KONG,False,2,0,0,True,1396
3114,2025-08-28 23:07:29.715000,21,DONKEY KONG,False,3,1,0,True,1397
3115,2025-08-28 23:07:29.918000,39,DONKEY KONG,False,0,3,0,False,1397
3116,2025-08-28 23:11:01.478000,21,DONKEY KONG,False,2,3,0,False,1398
3117,2025-08-28 23:11:01.630000,39,DONKEY KONG,False,3,2,0,True,1398
3118,2025-08-28 23:14:05.119000,21,DONKEY KONG,False,3,2,0,True,1399
3119,2025-08-28 23:14:05.272000,39,DONKEY KONG,False,2,3,0,False,1399
3120,2025-08-28 23:16:34.230000,21,DONKEY KONG,False,3,2,0,True,1400
3121,2025-08-28 23:16:34.397000,39,DONKEY KONG,False,2,3,0,False,1400
3122,2025-08-28 23:21:34.397000,39,DONKEY KONG,False,2,3,0,False,1401
3123,2025-08-28 23:21:34.230000,21,MR. GAME & WATCH,False,3,2,0,True,1401
3125,2025-08-28 23:31:55.294000,50,YOSHI,False,1,3,0,False,1402
3127,2025-08-28 23:35:55.152000,21,MR. GAME & WATCH,False,3,1,0,True,1403
3178,2025-08-29 05:21:07.155000,39,SORA,False,2,3,0,False,1429
3124,2025-08-28 23:31:55.152000,21,DONKEY KONG,False,3,1,0,True,1402
3126,2025-08-28 23:35:55.294000,50,YOSHI,False,1,3,0,False,1403
3129,2025-08-28 23:39:55.152000,21,MR. GAME & WATCH,False,3,2,0,True,1404
3128,2025-08-28 23:39:55.294000,50,YOSHI,False,2,3,0,False,1404
3130,2025-08-28 23:43:55.294000,50,YOSHI,False,2,3,0,False,1405
3131,2025-08-28 23:43:55.152000,21,ZELDA,False,3,2,0,True,1405
3132,2025-08-29 00:36:34.139000,21,ZELDA,False,2,3,0,False,1406
3133,2025-08-29 00:36:34.350000,104,ZELDA,False,3,2,0,True,1406
3134,2025-08-29 00:39:50.361000,21,ZELDA,False,3,2,0,True,1407
3135,2025-08-29 00:39:50.514000,104,ZELDA,False,2,3,0,False,1407
3136,2025-08-29 00:42:47.775000,21,ZELDA,False,3,2,0,True,1408
3137,2025-08-29 00:42:47.895000,104,ZELDA,False,0,3,0,False,1408
3138,2025-08-29 00:45:55.460000,21,ZELDA,False,3,2,0,True,1409
3139,2025-08-29 00:45:55.637000,104,ZELDA,False,0,0,0,False,1409
3140,2025-08-29 00:50:26.566000,21,ZELDA,False,2,3,0,False,1410
3141,2025-08-29 00:50:26.662000,104,ZELDA,False,3,2,0,True,1410
3142,2025-08-29 00:55:55.383000,21,ZELDA,False,3,2,0,True,1411
3143,2025-08-29 00:55:55.529000,104,ZELDA,False,0,0,0,False,1411
3144,2025-08-29 00:58:48.956000,21,MR. GAME & WATCH,False,3,1,0,True,1412
3145,2025-08-29 00:58:49.074000,104,ZELDA,False,1,3,0,False,1412
3146,2025-08-29 01:02:27.133000,21,MR. GAME & WATCH,False,3,2,0,True,1413
3147,2025-08-29 01:02:27.238000,104,ZELDA,False,2,3,0,False,1413
3148,2025-08-29 01:06:03.248000,21,MR. GAME & WATCH,False,3,2,0,True,1414
3149,2025-08-29 01:06:03.406000,104,ZELDA,False,2,3,0,False,1414
3150,2025-08-29 01:13:12.522000,21,MR. GAME & WATCH,False,2,3,0,False,1415
3151,2025-08-29 01:13:12.684000,104,ZELDA,False,3,2,0,True,1415
3152,2025-08-29 01:15:59.431000,21,ZELDA,False,3,2,0,True,1416
3153,2025-08-29 01:15:59.566000,104,ZELDA,False,2,3,0,False,1416
4552,2025-09-15 00:49:12.640000,61,FALCO,False,2,3,0,False,1961
6816,2025-11-06 05:15:25.045000,1112,NESS,False,2,1,0,True,2908
3159,2025-08-29 02:26:34.678000,21,MR. GAME & WATCH,False,1,3,0,False,1419
3161,2025-08-29 02:29:01.425000,61,FALCO,False,0,3,0,False,1420
3162,2025-08-29 02:32:47.498000,61,LUCINA,False,2,3,0,True,1421
3163,2025-08-29 02:32:47.616000,21,MR. GAME & WATCH,False,2,3,0,False,1421
3164,2025-08-29 02:37:59.595000,61,LUCINA,False,3,2,0,True,1422
3166,2025-08-29 02:43:24.080000,54,KING K. ROOL,False,2,2,0,True,1423
3167,2025-08-29 02:43:24.295000,21,MR. GAME & WATCH,False,2,3,0,False,1423
3168,2025-08-29 02:48:28.920000,50,YOSHI,False,0,3,0,False,1424
3169,2025-08-29 02:48:29.026000,21,MR. GAME & WATCH,False,3,2,0,True,1424
3170,2025-08-29 02:52:37.935000,54,INCINEROAR,False,3,1,0,True,1425
3171,2025-08-29 02:52:38.122000,21,ZELDA,False,1,3,0,False,1425
3172,2025-08-29 02:55:31.523000,50,YOSHI,False,0,3,0,False,1426
3173,2025-08-29 02:55:31.682000,21,ZELDA,False,3,0,0,True,1426
3179,2025-08-29 05:21:07.384000,23,SAMUS,False,3,2,0,True,1429
3165,2025-08-29 02:37:59.777000,21,MR. GAME & WATCH,False,2,3,0,False,1422
3180,2025-08-29 05:26:45.359000,39,SORA,False,3,2,0,True,1430
3182,2025-08-29 05:43:52.851000,39,SORA,False,2,2,0,True,1431
3183,2025-08-29 05:43:53.035000,23,SAMUS,False,2,3,0,False,1431
3175,2025-08-29 02:59:49.424000,21,MR. GAME & WATCH,False,2,3,0,False,1427
3174,2025-08-29 02:59:49.319000,54,INCINEROAR,False,3,2,0,True,1427
3155,2025-08-29 02:16:44.384000,21,MR. GAME & WATCH,False,3,1,0,True,1417
3154,2025-08-29 02:16:44.170000,54,JOKER,False,1,3,0,False,1417
3176,2025-08-29 02:20:44.384000,21,MR. GAME & WATCH,False,3,1,0,True,1428
3177,2025-08-29 02:20:44.170000,54,JOKER,False,1,3,0,False,1428
3156,2025-08-29 02:22:08.568000,54,INCINEROAR,False,3,2,0,True,1418
3157,2025-08-29 02:22:08.727000,21,MR. GAME & WATCH,False,2,3,0,False,1418
3158,2025-08-29 02:26:34.524000,54,INCINEROAR,False,3,1,0,True,1419
3160,2025-08-29 02:29:01.300000,21,MR. GAME & WATCH,False,3,0,0,True,1420
3186,2025-08-29 23:59:28.105000,3007,CLOUD,False,1,3,0,False,1433
3187,2025-08-29 23:59:28.332000,22,ENDERMAN,False,5,1,0,True,1433
3188,2025-08-29 23:59:28.561000,23,SAMUS,False,0,3,0,False,1433
3189,2025-08-30 00:05:40.746000,3007,SEPHIROTH,False,2,3,0,False,1434
3190,2025-08-30 00:05:41.009000,22,CLOUD,False,3,2,1,False,1434
3191,2025-08-30 00:05:41.243000,23,SAMUS,False,2,2,0,True,1434
3192,2025-08-30 00:05:41.453000,21,ZELDA,False,3,3,0,False,1434
3193,2025-08-30 00:09:54.324000,3007,SEPHIROTH,False,1,3,0,False,1435
3194,2025-08-30 00:09:54.507000,22,CLOUD,False,4,3,0,True,1435
3195,2025-08-30 00:09:54.695000,23,SAMUS,False,2,2,0,True,1435
3196,2025-08-30 00:09:54.820000,21,ZELDA,False,2,3,0,False,1435
3197,2025-08-30 00:16:40.163000,3007,R.O.B.,False,1,3,0,False,1436
3198,2025-08-30 00:16:40.388000,22,CLOUD,False,1,3,0,True,1436
3199,2025-08-30 00:16:40.553000,23,SAMUS,False,3,3,0,False,1436
3200,2025-08-30 00:16:40.744000,21,ZELDA,False,7,2,1,True,1436
3201,2025-08-30 00:16:40.892000,77,JOKER,False,0,3,1,False,1436
3202,2025-08-30 00:21:24.355000,3007,CAPTAIN FALCON,False,0,3,1,False,1437
3203,2025-08-30 00:21:24.550000,22,CLOUD,False,1,3,1,False,1437
3204,2025-08-30 00:21:24.730000,21,ZELDA,False,2,1,0,True,1437
3205,2025-08-30 00:21:24.890000,77,JOKER,False,0,2,0,True,1437
3181,2025-08-29 05:26:45.557000,23,SAMUS,False,0,0,0,False,1430
3206,2025-08-30 00:25:05.691000,3007,PYRA,False,1,3,0,False,1438
3207,2025-08-30 00:25:05.827000,22,CLOUD,False,3,3,0,False,1438
3208,2025-08-30 00:25:05.950000,21,ZELDA,False,2,1,0,True,1438
3209,2025-08-30 00:25:06.151000,77,JOKER,False,2,2,0,True,1438
3210,2025-08-30 00:29:21.726000,3007,KAZUYA,False,1,3,0,False,1439
3211,2025-08-30 00:29:21.856000,22,CLOUD,False,2,2,0,False,1439
3212,2025-08-30 00:29:21.950000,21,DONKEY KONG,False,3,2,0,True,1439
3213,2025-08-30 00:29:22.030000,77,JOKER,False,2,2,0,True,1439
3214,2025-08-30 00:36:56.598000,22,CLOUD,False,3,2,0,True,1440
3215,2025-08-30 00:36:56.718000,77,JOKER,False,2,3,0,False,1440
3216,2025-08-30 00:41:46.429000,22,CLOUD,False,3,1,0,True,1441
3217,2025-08-30 00:41:46.555000,77,JOKER,False,1,3,0,False,1441
3218,2025-08-30 00:45:48.410000,22,LUCINA,False,3,2,0,True,1442
3219,2025-08-30 00:45:48.586000,77,JOKER,False,2,3,0,False,1442
3220,2025-08-30 00:51:15.434000,22,CLOUD,False,3,2,0,True,1443
3221,2025-08-30 00:51:15.560000,77,JOKER,False,2,3,0,False,1443
3222,2025-08-30 00:59:29.228000,22,CLOUD,False,3,1,0,True,1444
3223,2025-08-30 00:59:29.370000,77,JOKER,False,1,3,0,False,1444
3224,2025-08-30 01:09:45.097000,22,CAPTAIN FALCON,False,3,2,0,True,1445
3225,2025-08-30 01:09:45.239000,77,JOKER,False,2,3,0,False,1445
3226,2025-08-30 01:16:46.571000,23,SAMUS,False,0,0,1,True,1446
3227,2025-08-30 01:16:46.696000,22,CLOUD,False,4,3,0,True,1446
3228,2025-08-30 01:16:46.837000,21,JOKER,False,1,3,1,False,1446
3229,2025-08-30 01:16:46.944000,77,JOKER,False,1,3,1,False,1446
3230,2025-08-30 01:20:55.883000,23,SAMUS,False,3,3,0,False,1447
3231,2025-08-30 01:20:56.017000,22,CLOUD,False,0,4,0,False,1447
3232,2025-08-30 01:20:56.138000,21,JOKER,False,5,2,0,True,1447
3233,2025-08-30 01:20:56.248000,77,JOKER,False,1,3,0,True,1447
4554,2025-09-15 00:49:12.950000,3005,GRENINJA,False,0,3,0,True,1961
4580,2025-09-16 06:15:12.105000,23,SAMUS,False,2,3,0,False,1968
3238,2025-08-30 01:35:49.833000,77,JOKER,False,3,2,0,True,1450
3239,2025-08-30 01:35:50.009000,23,SAMUS,False,2,3,0,False,1450
3240,2025-08-30 04:55:18.974000,23,SAMUS,False,2,3,0,False,1451
3241,2025-08-30 04:55:19.213000,22,ENDERMAN,False,3,3,0,False,1451
3242,2025-08-30 04:55:19.434000,21,ZELDA,False,2,1,0,True,1451
3243,2025-08-30 05:00:43.344000,21,ZELDA,False,4,2,0,True,1452
3244,2025-08-30 05:00:43.521000,23,SAMUS,False,2,3,0,False,1452
3245,2025-08-30 05:00:43.691000,22,ENDERMAN,False,2,3,0,False,1452
3246,2025-08-30 05:05:29.908000,21,ZELDA,False,5,2,0,True,1453
3247,2025-08-30 05:05:30.085000,23,SAMUS,False,1,3,0,False,1453
3248,2025-08-30 05:05:30.240000,22,ENDERMAN,False,0,2,0,False,1453
3249,2025-08-30 05:11:10.563000,23,SAMUS,False,3,2,0,True,1454
3250,2025-08-30 05:11:10.799000,21,DONKEY KONG,False,3,3,0,False,1454
3251,2025-08-30 05:11:10.999000,22,ENDERMAN,False,2,3,0,False,1454
3252,2025-08-30 21:06:20.237000,21,INCINEROAR,False,3,2,0,True,1455
3253,2025-08-30 21:06:20.553000,38,DR. MARIO,False,0,3,0,False,1455
3254,2025-08-30 21:08:52.685000,21,INCINEROAR,False,1,3,0,False,1456
3255,2025-08-30 21:08:52.809000,38,INCINEROAR,False,3,1,0,True,1456
3256,2025-08-30 21:12:27.076000,21,INCINEROAR,False,2,3,0,False,1457
3257,2025-08-30 21:12:27.230000,38,PEACH,False,3,2,0,True,1457
3258,2025-08-30 21:15:55.894000,21,INCINEROAR,False,3,2,0,True,1458
3259,2025-08-30 21:15:56.099000,38,RICHTER,False,2,3,0,False,1458
3260,2025-08-30 21:18:04.450000,21,INCINEROAR,False,0,2,0,False,1459
3261,2025-08-30 21:18:04.645000,38,PICHU,False,2,0,0,True,1459
3262,2025-08-30 21:21:11.426000,21,INCINEROAR,False,2,3,0,False,1460
3263,2025-08-30 21:21:11.585000,38,PICHU,False,3,2,0,True,1460
3264,2025-08-30 21:26:03.634000,38,INKLING,False,3,2,0,True,1461
3266,2025-08-30 21:30:30.951000,21,MR. GAME & WATCH,False,2,3,0,False,1462
3267,2025-08-30 21:30:31.059000,38,ROSALINA & LUMA,False,3,2,0,True,1462
3268,2025-08-30 21:37:06.234000,21,MR. GAME & WATCH,False,3,3,0,True,1463
3269,2025-08-30 21:37:06.362000,38,PIKACHU,False,3,3,0,False,1463
3271,2025-08-30 21:42:08.494000,38,MARIO,False,0,0,0,True,1464
3272,2025-08-30 22:02:02.529000,21,DONKEY KONG,False,0,3,0,False,1465
3273,2025-08-30 22:02:02.684000,38,PALUTENA,False,3,0,0,True,1465
3275,2025-08-30 22:08:37.245000,38,LUIGI,False,3,2,0,True,1466
3276,2025-08-30 22:27:16.006000,21,MR. GAME & WATCH,False,0,0,0,False,1467
3277,2025-08-30 22:27:16.155000,38,JOKER,False,0,0,0,True,1467
3278,2025-08-30 22:31:34.111000,21,JOKER,False,2,3,0,False,1468
3279,2025-08-30 22:31:34.280000,38,JOKER,False,3,2,0,True,1468
3280,2025-08-30 22:35:00.273000,21,JOKER,False,1,3,0,False,1469
3281,2025-08-30 22:35:00.431000,38,JOKER,False,3,1,0,True,1469
3282,2025-08-30 22:37:28.440000,21,JOKER,False,0,3,0,False,1470
3283,2025-08-30 22:37:28.585000,38,JOKER,False,3,0,0,True,1470
3284,2025-08-30 22:43:57.858000,21,MR. GAME & WATCH,False,2,3,0,False,1471
3285,2025-08-30 22:43:57.975000,38,GANONDORF,False,3,2,0,True,1471
3286,2025-08-30 22:46:09.112000,21,MR. GAME & WATCH,False,3,0,0,True,1472
3287,2025-08-30 22:46:09.232000,38,GANONDORF,False,0,3,0,False,1472
3288,2025-08-30 22:49:31.782000,21,MR. GAME & WATCH,False,2,1,0,True,1473
3289,2025-08-30 22:49:31.933000,38,GANONDORF,False,1,2,0,False,1473
3290,2025-08-30 22:52:09.357000,21,MR. GAME & WATCH,False,0,3,0,False,1474
3292,2025-08-30 22:54:56.992000,21,MR. GAME & WATCH,False,2,2,0,False,1475
3294,2025-08-30 23:04:19.605000,21,JOKER,False,2,2,0,False,1476
3295,2025-08-30 23:04:19.771000,38,CAPTAIN FALCON,False,2,2,0,True,1476
3296,2025-08-30 23:13:00.388000,21,MR. GAME & WATCH,False,2,3,0,False,1477
3297,2025-08-30 23:13:00.542000,38,MARTH,False,3,2,0,True,1477
3298,2025-08-30 23:15:39.945000,21,MR. GAME & WATCH,False,1,3,0,False,1478
3299,2025-08-30 23:15:40.115000,38,MARTH,False,3,1,0,True,1478
3300,2025-08-30 23:19:38.563000,21,MR. GAME & WATCH,False,2,3,0,False,1479
3274,2025-08-30 22:08:37.043000,21,MR. GAME & WATCH,False,0,0,0,False,1466
3270,2025-08-30 21:42:08.313000,21,MR. GAME & WATCH,False,0,0,0,False,1464
3265,2025-08-30 21:26:03.789000,21,INCINEROAR,False,2,3,0,False,1461
3301,2025-08-30 23:19:38.688000,38,MARTH,False,3,2,0,True,1479
3302,2025-08-30 23:25:55.921000,21,MR. GAME & WATCH,False,2,3,0,False,1480
3303,2025-08-30 23:25:56.093000,38,MARTH,False,3,2,0,True,1480
3304,2025-08-30 23:28:38.570000,21,MR. GAME & WATCH,False,2,3,0,False,1481
3305,2025-08-30 23:28:38.705000,38,MARTH,False,3,2,0,True,1481
3306,2025-08-30 23:35:07.581000,21,DONKEY KONG,False,2,1,0,True,1482
3307,2025-08-30 23:35:07.724000,38,LITTLE MAC,False,1,3,0,False,1482
3308,2025-08-30 23:38:10.221000,21,DONKEY KONG,False,2,1,0,True,1483
3309,2025-08-30 23:38:10.417000,38,LITTLE MAC,False,2,3,0,False,1483
3310,2025-08-30 23:40:55.163000,21,JOKER,False,2,2,0,True,1484
3311,2025-08-30 23:40:55.284000,38,LITTLE MAC,False,2,3,0,False,1484
3312,2025-08-30 23:44:54.906000,21,MR. GAME & WATCH,False,2,3,0,False,1485
3313,2025-08-30 23:44:55.017000,38,PALUTENA,False,3,3,0,True,1485
3314,2025-08-31 00:15:46.198000,21,DONKEY KONG,False,3,2,0,True,1486
3315,2025-08-31 00:15:46.396000,22,ENDERMAN,False,2,3,0,False,1486
3316,2025-08-31 00:20:03.841000,21,DONKEY KONG,False,2,3,0,False,1487
3317,2025-08-31 00:20:03.961000,22,ENDERMAN,False,3,2,0,True,1487
3318,2025-08-31 00:24:02.480000,21,MR. GAME & WATCH,False,3,3,0,True,1488
3319,2025-08-31 00:24:02.584000,88,LINK,False,2,3,0,False,1488
3320,2025-08-31 00:28:34.817000,21,ZELDA,False,0,0,0,False,1489
3321,2025-08-31 00:28:34.996000,88,LINK,False,0,0,0,True,1489
3322,2025-08-31 00:32:17.371000,21,ZELDA,False,3,2,0,True,1490
3323,2025-08-31 00:32:17.492000,88,LINK,False,2,3,0,False,1490
3324,2025-08-31 01:42:32.992000,21,DONKEY KONG,False,2,3,0,False,1491
3325,2025-08-31 01:42:33.244000,39,DONKEY KONG,False,2,2,0,True,1491
3326,2025-08-31 01:45:19.907000,21,DONKEY KONG,False,3,1,0,True,1492
3327,2025-08-31 01:45:20.080000,39,DONKEY KONG,False,0,3,0,False,1492
3328,2025-08-31 01:48:27.216000,21,DONKEY KONG,False,3,2,0,True,1493
3329,2025-08-31 01:48:27.396000,39,DONKEY KONG,False,2,3,0,False,1493
4555,2025-09-15 00:53:51.956000,22,CAPTAIN FALCON,False,2,3,1,True,1962
4556,2025-09-15 00:53:52.162000,50,YOSHI,False,1,2,0,True,1962
4557,2025-09-15 00:53:52.325000,54,STEVE,False,4,3,1,False,1962
3379,2025-08-31 06:17:35.671000,255,KING K. ROOL,False,3,3,0,True,1507
3331,2025-08-31 01:54:27.216000,74,PYRA,False,3,2,0,True,1494
3330,2025-08-31 01:53:27.396000,22,CLOUD,False,2,3,0,False,1494
3332,2025-08-31 05:16:42.758000,255,KING K. ROOL,False,1,3,0,False,1495
3333,2025-08-31 05:16:43.087000,22,LUCINA,False,0,3,0,False,1495
3334,2025-08-31 05:16:43.390000,74,PYRA,False,6,2,0,True,1495
3335,2025-08-31 05:23:43.795000,255,KING K. ROOL,False,1,3,0,False,1496
3337,2025-08-31 05:23:44.181000,74,MYTHRA,False,1,2,1,True,1496
3338,2025-08-31 05:23:44.347000,21,ZELDA,False,3,2,0,True,1496
3339,2025-08-31 05:27:45.770000,255,KING K. ROOL,False,2,2,0,True,1497
3340,2025-08-31 05:27:45.918000,22,ENDERMAN,False,2,2,0,True,1497
3341,2025-08-31 05:27:46.042000,74,MYTHRA,False,2,2,1,False,1497
3342,2025-08-31 05:27:46.178000,21,INCINEROAR,False,2,2,0,False,1497
3343,2025-08-31 05:38:16.238000,255,KING K. ROOL,False,1,3,0,False,1498
3344,2025-08-31 05:38:16.433000,21,KING K. ROOL,False,4,3,0,False,1498
3345,2025-08-31 05:38:16.594000,74,MARIO,False,2,3,0,True,1498
3346,2025-08-31 05:38:16.738000,22,BYLETH,False,4,2,0,True,1498
3347,2025-08-31 05:43:15.299000,255,KING K. ROOL,False,2,2,1,False,1499
3348,2025-08-31 05:43:15.416000,21,DONKEY KONG,False,1,1,1,False,1499
3349,2025-08-31 05:43:15.516000,74,LUCAS,False,1,2,1,True,1499
3350,2025-08-31 05:43:15.653000,22,BYLETH,False,3,3,0,True,1499
3351,2025-08-31 05:47:45.758000,255,KING K. ROOL,False,2,1,0,True,1500
3352,2025-08-31 05:47:45.941000,21,DONKEY KONG,False,4,2,0,True,1500
3353,2025-08-31 05:47:46.089000,74,LUCAS,False,1,4,0,False,1500
3354,2025-08-31 05:47:46.209000,22,BYLETH,False,2,2,0,False,1500
3355,2025-08-31 05:51:17.519000,255,KING K. ROOL,False,2,1,1,True,1501
3356,2025-08-31 05:51:17.638000,21,DONKEY KONG,False,2,1,0,True,1501
3357,2025-08-31 05:51:17.783000,74,MARIO,False,2,2,0,False,1501
3358,2025-08-31 05:51:17.934000,22,BYLETH,False,2,2,0,False,1501
3359,2025-08-31 05:55:03.878000,255,KING K. ROOL,False,1,2,1,False,1502
3360,2025-08-31 05:55:03.973000,21,DONKEY KONG,False,2,2,0,False,1502
3361,2025-08-31 05:55:04.108000,74,MARIO,False,4,2,0,True,1502
3362,2025-08-31 05:55:04.210000,22,BYLETH,False,1,2,0,True,1502
3363,2025-08-31 05:59:19.192000,255,KING K. ROOL,False,0,2,0,True,1503
3364,2025-08-31 05:59:19.340000,21,MR. GAME & WATCH,False,6,1,0,True,1503
3365,2025-08-31 05:59:19.477000,74,MARIO,False,1,3,0,False,1503
3366,2025-08-31 05:59:19.612000,22,BYLETH,False,2,3,0,False,1503
3367,2025-08-31 06:04:23.765000,255,KING K. ROOL,False,1,3,1,False,1504
3368,2025-08-31 06:04:23.913000,21,ZELDA,False,2,3,2,False,1504
3369,2025-08-31 06:04:24.085000,74,MYTHRA,False,3,2,1,True,1504
3370,2025-08-31 06:04:24.192000,22,ENDERMAN,False,0,2,0,True,1504
3371,2025-08-31 06:08:20.836000,255,KING K. ROOL,False,3,2,0,True,1505
3372,2025-08-31 06:08:20.994000,21,ZELDA,False,3,2,0,True,1505
3373,2025-08-31 06:08:21.119000,74,MYTHRA,False,3,4,0,False,1505
3374,2025-08-31 06:08:21.239000,22,ENDERMAN,False,1,2,0,False,1505
3375,2025-08-31 06:13:32.083000,255,KING K. ROOL,False,1,3,1,False,1506
3377,2025-08-31 06:13:32.484000,74,MARIO,False,1,2,0,True,1506
3378,2025-08-31 06:13:32.652000,22,BYLETH,False,4,1,0,True,1506
3380,2025-08-31 06:17:35.827000,21,DONKEY KONG,False,2,2,0,True,1507
3381,2025-08-31 06:17:35.932000,74,MARIO,False,2,3,0,False,1507
3382,2025-08-31 06:17:36.013000,22,BYLETH,False,2,3,0,False,1507
3383,2025-08-31 06:21:43.103000,255,KING K. ROOL,False,3,2,1,True,1508
3386,2025-08-31 06:21:43.522000,22,ENDERMAN,False,2,1,0,True,1508
3388,2025-08-31 06:26:20.660000,255,DONKEY KONG,False,0,0,0,False,1509
3389,2025-08-31 06:26:20.829000,21,ZELDA,False,0,0,0,False,1509
3391,2025-08-31 06:26:21.085000,22,MII SWORDFIGHTER,False,0,0,0,False,1509
3385,2025-08-31 06:21:43.394000,74,MYTHRA,False,1,2,0,False,1508
3376,2025-08-31 06:13:32.285000,21,MR. GAME & WATCH,False,0,0,0,False,1506
3336,2025-08-31 05:23:43.982000,22,BYLETH,False,0,0,0,False,1496
3392,2025-08-31 06:26:21.194000,38,JOKER,False,0,0,0,True,1509
3393,2025-08-31 06:32:42.891000,255,KING K. ROOL,False,1,3,0,False,1510
3394,2025-08-31 06:32:43.060000,21,MR. GAME & WATCH,False,2,2,0,False,1510
3395,2025-08-31 06:32:43.202000,74,MYTHRA,False,3,3,0,True,1510
3396,2025-08-31 06:32:43.339000,22,ENDERMAN,False,0,3,1,False,1510
3397,2025-08-31 06:32:43.468000,38,JOKER,False,2,2,0,True,1510
3398,2025-08-31 06:36:38.241000,255,KING K. ROOL,False,2,2,1,True,1511
3399,2025-08-31 06:36:38.409000,21,MR. GAME & WATCH,False,4,2,0,False,1511
3400,2025-08-31 06:36:38.544000,74,MYTHRA,False,1,1,0,True,1511
3401,2025-08-31 06:36:38.673000,22,LITTLE MAC,False,1,3,0,True,1511
3402,2025-08-31 06:36:38.798000,38,LUIGI,False,3,3,0,False,1511
3403,2025-08-31 06:40:52.151000,255,KING K. ROOL,False,1,3,0,False,1512
3404,2025-08-31 06:40:52.337000,21,MR. GAME & WATCH,False,3,2,1,True,1512
3405,2025-08-31 06:40:52.458000,74,MYTHRA,False,2,3,0,False,1512
3406,2025-08-31 06:40:52.595000,22,LITTLE MAC,False,2,3,1,False,1512
3407,2025-08-31 06:40:52.765000,38,BOWSER,False,5,3,0,True,1512
3408,2025-08-31 06:45:45.702000,255,KING K. ROOL,False,2,1,0,True,1513
3409,2025-08-31 06:45:45.821000,21,MR. GAME & WATCH,False,2,3,0,False,1513
3410,2025-08-31 06:45:45.918000,74,MYTHRA,False,1,1,0,True,1513
3411,2025-08-31 06:45:46.027000,23,SAMUS,False,0,1,0,True,1513
3412,2025-08-31 07:04:59.408000,255,KING K. ROOL,False,0,2,0,False,1514
4558,2025-09-15 00:53:52.466000,3005,GRENINJA,False,2,1,0,True,1962
3414,2025-08-31 07:04:59.781000,74,MYTHRA,False,1,2,0,True,1514
3415,2025-08-31 07:04:59.979000,22,STEVE,False,2,1,1,True,1514
3416,2025-08-31 07:12:07.797000,255,KING K. ROOL,False,4,3,1,True,1515
4581,2025-09-16 06:15:12.352000,22,CAPTAIN FALCON,False,3,2,0,True,1968
3418,2025-08-31 07:12:08.042000,74,MYTHRA,False,3,4,0,False,1515
3419,2025-08-31 07:12:08.168000,22,ENDERMAN,False,3,2,0,True,1515
3420,2025-08-31 07:12:08.305000,23,SAMUS,False,2,2,0,False,1515
3421,2025-08-31 07:12:08.420000,2821,ZOMBIE,False,2,2,0,True,1515
3422,2025-08-31 07:16:13.061000,255,KING K. ROOL,False,2,3,0,True,1516
3423,2025-08-31 07:16:13.233000,21,PYRA,False,3,3,2,False,1516
3424,2025-08-31 07:16:13.392000,74,MYTHRA,False,3,3,1,False,1516
3425,2025-08-31 07:16:13.524000,22,BYLETH,False,2,2,0,True,1516
3426,2025-08-31 07:16:13.685000,23,SAMUS,False,1,3,1,False,1516
3428,2025-08-31 07:21:14.327000,255,KING K. ROOL,False,1,2,0,True,1517
3429,2025-08-31 07:21:14.477000,21,JOKER,False,1,2,0,False,1517
3430,2025-08-31 07:21:14.593000,74,MYTHRA,False,1,4,0,False,1517
3431,2025-08-31 07:21:14.716000,22,BYLETH,False,0,3,0,True,1517
3432,2025-08-31 07:21:14.859000,23,SAMUS,False,2,3,1,False,1517
3433,2025-08-31 07:21:14.986000,2821,LITTLE MAC,False,7,1,2,True,1517
3434,2025-08-31 07:26:05.062000,255,KING K. ROOL,False,1,3,0,False,1518
3435,2025-08-31 07:26:05.214000,21,DONKEY KONG,False,6,3,0,True,1518
3436,2025-08-31 07:26:05.363000,74,MYTHRA,False,2,3,0,True,1518
3437,2025-08-31 07:26:05.586000,22,BYLETH,False,5,3,0,False,1518
3438,2025-08-31 07:26:05.684000,23,SAMUS,False,0,1,0,True,1518
3439,2025-08-31 07:26:05.773000,2821,LITTLE MAC,False,1,3,0,False,1518
3440,2025-08-31 07:32:18.354000,255,KING K. ROOL,False,2,2,2,False,1519
3441,2025-08-31 07:32:18.494000,21,DONKEY KONG,False,2,3,0,True,1519
3442,2025-08-31 07:32:18.621000,74,MYTHRA,False,2,3,1,True,1519
3443,2025-08-31 07:32:18.729000,22,BYLETH,False,0,3,1,False,1519
3444,2025-08-31 07:32:18.858000,23,SAMUS,False,0,2,0,True,1519
3445,2025-08-31 07:32:18.964000,2821,ZOMBIE,False,3,3,0,False,1519
3446,2025-08-31 07:36:01.771000,255,KING K. ROOL,False,1,3,1,False,1520
3447,2025-08-31 07:36:01.901000,21,DONKEY KONG,False,2,1,0,True,1520
3448,2025-08-31 07:36:02.025000,74,MARIO,False,1,1,0,True,1520
3449,2025-08-31 07:36:02.146000,22,GANONDORF,False,1,3,1,False,1520
3450,2025-08-31 07:36:02.261000,23,SAMUS,False,1,1,0,True,1520
3451,2025-08-31 07:36:02.384000,2821,ZOMBIE,False,1,3,0,False,1520
3452,2025-08-31 07:39:35.142000,255,KING K. ROOL,False,3,3,0,False,1521
3453,2025-08-31 07:39:35.274000,21,DONKEY KONG,False,5,2,1,True,1521
3454,2025-08-31 07:39:35.389000,74,MARIO,False,2,1,0,True,1521
3455,2025-08-31 07:39:35.532000,22,CAPTAIN FALCON,False,0,4,0,False,1521
3456,2025-08-31 07:39:35.659000,23,SAMUS,False,2,1,0,True,1521
3457,2025-08-31 07:39:35.796000,2821,MIN MIN,False,0,2,0,False,1521
3458,2025-08-31 07:45:11.089000,21,DONKEY KONG,False,0,3,0,False,1522
3459,2025-08-31 07:45:11.232000,74,MYTHRA,False,0,2,0,True,1522
3460,2025-08-31 07:45:11.426000,22,BYLETH,False,4,1,0,True,1522
3461,2025-08-31 07:45:11.568000,23,SAMUS,False,1,2,0,False,1522
3462,2025-08-31 07:45:11.771000,2821,ZOMBIE,False,1,3,1,False,1522
3463,2025-08-31 07:50:33.531000,255,KING K. ROOL,False,3,4,1,False,1523
3464,2025-08-31 07:50:33.629000,21,DONKEY KONG,False,2,3,0,True,1523
3465,2025-08-31 07:50:33.735000,74,MYTHRA,False,0,3,0,False,1523
3466,2025-08-31 07:50:33.874000,22,BYLETH,False,5,2,0,False,1523
3467,2025-08-31 07:50:33.972000,23,SAMUS,False,2,2,0,True,1523
3468,2025-08-31 07:50:34.077000,2821,ZOMBIE,False,4,3,0,True,1523
3469,2025-08-31 07:54:53.287000,255,KING K. ROOL,False,4,2,1,True,1524
3470,2025-08-31 07:54:53.400000,21,MR. GAME & WATCH,False,5,4,1,False,1524
3471,2025-08-31 07:54:53.542000,74,MYTHRA,False,1,2,0,True,1524
3472,2025-08-31 07:54:53.648000,22,BYLETH,False,2,2,0,True,1524
3473,2025-08-31 07:54:53.749000,23,SAMUS,False,0,2,0,False,1524
3474,2025-08-31 07:54:53.843000,2821,ZOMBIE,False,0,3,1,False,1524
3475,2025-08-31 08:00:41.450000,255,KING K. ROOL,False,3,3,1,True,1525
3476,2025-08-31 08:00:41.593000,21,MR. GAME & WATCH,False,3,3,1,False,1525
3477,2025-08-31 08:00:41.754000,74,MYTHRA,False,1,2,2,True,1525
3478,2025-08-31 08:00:41.856000,22,BYLETH,False,3,3,0,True,1525
3479,2025-08-31 08:00:41.981000,23,SAMUS,False,0,2,1,False,1525
3480,2025-08-31 08:00:42.093000,2821,ENDERMAN,False,2,4,0,False,1525
3481,2025-08-31 08:06:47.730000,255,KING K. ROOL,False,1,3,0,False,1526
3482,2025-08-31 08:06:47.837000,21,INCINEROAR,False,3,3,0,False,1526
3483,2025-08-31 08:06:47.938000,23,SAMUS,False,2,2,0,True,1526
3417,2025-08-31 07:12:07.938000,21,MR. GAME & WATCH,False,0,0,0,False,1515
3484,2025-08-31 08:06:48.040000,22,BYLETH,False,3,3,0,False,1526
3485,2025-08-31 22:53:24.632000,39,DONKEY KONG,False,1,3,0,False,1527
4559,2025-09-15 00:59:30.965000,22,CAPTAIN FALCON,False,0,4,0,False,1963
3487,2025-08-31 22:56:40.632000,39,DONKEY KONG,False,3,2,0,True,1528
3488,2025-08-31 22:56:40.763000,88,YOSHI,False,2,3,0,False,1528
3489,2025-08-31 23:00:16.365000,39,DONKEY KONG,False,3,2,0,True,1529
3490,2025-08-31 23:00:16.603000,88,LINK,False,2,3,0,False,1529
3491,2025-08-31 23:02:18.726000,39,DONKEY KONG,False,3,0,0,True,1530
4560,2025-09-15 00:59:31.155000,50,YOSHI,False,2,2,0,False,1963
3493,2025-08-31 23:05:51.644000,39,DONKEY KONG,False,2,3,0,False,1531
3494,2025-08-31 23:05:51.785000,88,YOSHI,False,2,2,0,True,1531
3495,2025-08-31 23:08:55.184000,39,DONKEY KONG,False,3,2,0,True,1532
3496,2025-08-31 23:08:55.320000,88,YOSHI,False,2,3,0,False,1532
3497,2025-08-31 23:11:58.144000,39,DONKEY KONG,False,0,3,0,False,1533
3498,2025-08-31 23:11:58.326000,88,LUCAS,False,3,0,0,True,1533
3499,2025-08-31 23:16:24.655000,39,DONKEY KONG,False,3,2,0,True,1534
3501,2025-08-31 23:22:48.891000,21,ZELDA,False,3,1,0,True,1535
3503,2025-08-31 23:27:09.578000,21,ZELDA,False,3,2,0,True,1536
3505,2025-08-31 23:36:10.606000,88,YOSHI,False,2,3,0,False,1537
3506,2025-08-31 23:36:10.791000,21,MR. GAME & WATCH,False,3,2,0,True,1537
3507,2025-08-31 23:39:40.558000,21,MR. GAME & WATCH,False,3,1,0,True,1538
3508,2025-08-31 23:39:40.679000,88,YOSHI,False,0,3,0,False,1538
3509,2025-09-01 00:37:14.441000,23,SAMUS,False,5,2,0,True,1539
3510,2025-09-01 00:37:14.663000,39,SORA,False,2,3,0,False,1539
3511,2025-09-01 00:37:14.834000,22,BYLETH,False,0,3,0,False,1539
3512,2025-09-01 00:43:02.425000,22,BYLETH,False,3,2,0,True,1540
3513,2025-09-01 00:43:02.577000,23,SAMUS,False,2,3,0,False,1540
3514,2025-09-01 02:39:45.108000,39,DONKEY KONG,False,3,3,0,True,1541
3515,2025-09-01 02:39:45.377000,22,BYLETH,False,2,3,0,False,1541
3516,2025-09-01 02:43:25.788000,39,DONKEY KONG,False,3,1,0,True,1542
3517,2025-09-01 02:43:25.971000,22,BYLETH,False,1,3,0,False,1542
3518,2025-09-01 02:46:01.886000,39,DONKEY KONG,False,3,2,0,True,1543
3519,2025-09-01 02:46:02.089000,22,BYLETH,False,2,3,0,False,1543
3520,2025-09-01 02:49:52.705000,39,DONKEY KONG,False,3,2,0,True,1544
3521,2025-09-01 02:49:52.835000,22,BYLETH,False,2,3,0,False,1544
3522,2025-09-01 02:53:48.275000,39,DONKEY KONG,False,3,2,0,True,1545
3523,2025-09-01 02:53:48.456000,22,ENDERMAN,False,2,3,0,False,1545
3524,2025-09-01 02:56:44.094000,39,DONKEY KONG,False,0,3,0,False,1546
3525,2025-09-01 02:56:44.220000,22,ENDERMAN,False,3,0,0,True,1546
3526,2025-09-01 03:04:20.575000,39,DONKEY KONG,False,1,3,0,False,1547
3527,2025-09-01 03:04:20.753000,22,ENDERMAN,False,3,1,0,True,1547
3528,2025-09-01 04:39:20.318000,21,MR. GAME & WATCH,False,0,3,0,False,1548
3529,2025-09-01 04:39:20.504000,38,JOKER,False,3,0,0,True,1548
3530,2025-09-01 04:43:19.156000,22,ENDERMAN,False,1,3,0,False,1549
3531,2025-09-01 04:43:19.347000,38,JOKER,False,3,1,0,True,1549
3532,2025-09-01 04:48:06.978000,21,MR. GAME & WATCH,False,0,3,0,False,1550
3533,2025-09-01 04:48:07.146000,38,JOKER,False,3,1,0,True,1550
3535,2025-09-01 04:51:00.286000,38,JOKER,False,3,0,0,True,1551
3536,2025-09-01 04:54:24.245000,21,MR. GAME & WATCH,False,0,3,0,False,1552
3537,2025-09-01 04:54:24.432000,38,JOKER,False,3,0,0,True,1552
3538,2025-09-01 05:02:37.715000,21,MR. GAME & WATCH,False,1,3,0,False,1553
3539,2025-09-01 05:02:37.837000,38,JOKER,False,3,1,0,True,1553
3541,2025-09-01 05:09:02.284000,38,JOKER,False,3,2,0,True,1554
3542,2025-09-01 05:15:45.342000,22,BYLETH,False,1,3,0,False,1555
3543,2025-09-01 05:15:45.550000,21,JOKER,False,3,1,0,True,1555
3544,2025-09-01 05:21:13.661000,22,CAPTAIN FALCON,False,0,0,0,False,1556
3545,2025-09-01 05:21:13.855000,21,JOKER,False,0,0,0,True,1556
3546,2025-09-01 05:24:42.931000,22,CAPTAIN FALCON,False,1,3,0,False,1557
3547,2025-09-01 05:24:43.051000,21,JOKER,False,3,1,0,True,1557
3548,2025-09-01 05:28:21.944000,22,CAPTAIN FALCON,False,2,3,0,False,1558
3549,2025-09-01 05:28:22.051000,21,JOKER,False,3,2,0,True,1558
3550,2025-09-01 05:32:09.295000,22,CAPTAIN FALCON,False,0,0,0,False,1559
3551,2025-09-01 05:32:09.467000,21,MR. GAME & WATCH,False,3,1,0,True,1559
3552,2025-09-01 05:34:29.781000,22,CAPTAIN FALCON,False,0,3,0,False,1560
3553,2025-09-01 05:34:29.959000,21,MR. GAME & WATCH,False,3,0,0,True,1560
3554,2025-09-01 05:38:27.634000,22,CAPTAIN FALCON,False,1,3,0,False,1561
3555,2025-09-01 05:38:27.775000,21,ZELDA,False,3,1,0,True,1561
3556,2025-09-01 05:41:04.433000,22,CAPTAIN FALCON,False,0,3,0,False,1562
3557,2025-09-01 05:41:04.599000,21,ZELDA,False,2,0,0,True,1562
3559,2025-09-01 05:44:28.122000,21,ZELDA,False,3,1,0,True,1563
3560,2025-09-01 05:48:39.792000,22,CAPTAIN FALCON,False,1,3,0,False,1564
3561,2025-09-01 05:48:39.956000,21,DONKEY KONG,False,3,1,0,True,1564
3562,2025-09-01 05:50:50.570000,22,BYLETH,False,2,1,0,True,1565
3563,2025-09-01 05:50:50.708000,21,INCINEROAR,False,1,2,1,False,1565
3564,2025-09-01 05:53:53.372000,22,BYLETH,False,0,3,0,False,1566
3565,2025-09-01 05:53:53.468000,21,INCINEROAR,False,2,0,0,True,1566
3566,2025-09-01 05:57:22.157000,22,BYLETH,False,2,3,0,False,1567
3567,2025-09-01 05:57:22.246000,21,INCINEROAR,False,3,2,0,True,1567
3568,2025-09-01 06:00:54.199000,22,BYLETH,False,2,3,0,False,1568
3569,2025-09-01 06:00:54.358000,21,INCINEROAR,False,3,2,0,True,1568
3570,2025-09-01 06:04:55.412000,22,CLOUD,False,2,3,0,False,1569
3571,2025-09-01 06:04:55.549000,21,INCINEROAR,False,3,2,0,True,1569
3572,2025-09-01 06:10:32.883000,22,CAPTAIN FALCON,False,3,2,0,True,1570
3573,2025-09-01 06:10:32.996000,23,SAMUS,False,2,3,0,False,1570
3574,2025-09-01 06:14:25.062000,22,CAPTAIN FALCON,False,3,1,0,True,1571
3534,2025-09-01 04:51:00.188000,22,ENDERMAN,False,0,3,0,False,1551
3502,2025-08-31 23:22:48.995000,88,LUCAS,False,0,0,0,False,1535
3500,2025-08-31 23:16:24.780000,88,YOSHI,False,0,0,0,False,1534
3492,2025-08-31 23:02:18.851000,88,YOSHI,False,0,0,0,False,1530
3486,2025-08-31 22:53:24.948000,88,YOSHI,False,3,1,0,True,1527
3558,2025-09-01 05:44:27.863000,22,CAPTAIN FALCON,False,0,0,0,False,1563
3575,2025-09-01 06:14:25.191000,23,SAMUS,False,2,2,0,False,1571
3576,2025-09-01 06:19:16.938000,22,CAPTAIN FALCON,False,3,2,0,True,1572
3577,2025-09-01 06:19:17.081000,23,SAMUS,False,2,3,0,False,1572
3578,2025-09-01 06:24:21.506000,22,CAPTAIN FALCON,False,2,3,0,True,1573
3579,2025-09-01 06:24:21.649000,23,SAMUS,False,2,3,0,False,1573
3580,2025-09-01 06:30:56.430000,22,BYLETH,False,3,2,0,True,1574
3581,2025-09-01 06:30:56.596000,23,SAMUS,False,2,3,0,False,1574
3582,2025-09-01 06:40:35.155000,39,DONKEY KONG,False,3,2,0,True,1575
3583,2025-09-01 06:40:35.280000,21,MR. GAME & WATCH,False,2,3,0,False,1575
3584,2025-09-01 06:44:54.251000,39,DONKEY KONG,False,3,3,0,True,1576
3585,2025-09-01 06:44:54.451000,21,MR. GAME & WATCH,False,2,3,0,False,1576
3586,2025-09-01 22:00:40.129000,22,CAPTAIN FALCON,False,3,1,0,True,1577
3587,2025-09-01 22:00:40.365000,77,JOKER,False,1,3,0,False,1577
3588,2025-09-01 22:03:48.278000,77,JOKER,False,1,3,0,False,1578
3589,2025-09-01 22:03:48.461000,22,CAPTAIN FALCON,False,3,1,0,True,1578
3590,2025-09-01 22:07:20.610000,77,GRENINJA,False,1,3,0,False,1579
3591,2025-09-01 22:07:20.737000,22,CAPTAIN FALCON,False,3,1,0,True,1579
3592,2025-09-01 22:10:28.991000,77,GRENINJA,False,1,3,0,False,1580
3593,2025-09-01 22:10:29.161000,22,BYLETH,False,3,1,0,True,1580
3594,2025-09-01 22:14:00.130000,77,JOKER,False,1,3,0,False,1581
3595,2025-09-01 22:14:00.286000,22,BYLETH,False,3,1,0,True,1581
3596,2025-09-01 23:19:24.493000,77,JOKER,False,1,3,1,False,1582
3597,2025-09-01 23:19:24.749000,50,YOSHI,False,2,3,0,False,1582
3598,2025-09-01 23:19:25.003000,22,CAPTAIN FALCON,False,3,2,0,True,1582
3599,2025-09-01 23:19:25.210000,678,HERO,False,2,2,1,True,1582
3600,2025-09-01 23:23:39.230000,77,JOKER,False,2,3,0,False,1583
3601,2025-09-01 23:23:39.387000,50,YOSHI,False,2,3,0,False,1583
3602,2025-09-01 23:23:39.572000,22,CAPTAIN FALCON,False,3,2,1,True,1583
3603,2025-09-01 23:23:39.749000,678,HERO,False,1,3,0,True,1583
3604,2025-09-01 23:28:38.694000,77,JOKER,False,2,2,0,True,1584
6817,2025-11-06 05:15:25.159000,21,INCINEROAR,False,2,3,0,False,2908
6818,2025-11-06 05:15:25.272000,39,DONKEY KONG,False,4,1,0,True,2908
3607,2025-09-01 23:28:39.125000,678,HERO,False,2,2,1,False,1584
3608,2025-09-01 23:32:40.382000,77,JOKER,False,1,3,0,True,1585
3609,2025-09-01 23:32:40.508000,50,YOSHI,False,5,1,0,True,1585
3610,2025-09-01 23:32:40.676000,22,BYLETH,False,0,3,0,False,1585
3611,2025-09-01 23:32:40.769000,678,HERO,False,4,3,0,False,1585
3612,2025-09-01 23:37:54.223000,77,JOKER,False,1,3,0,False,1586
3613,2025-09-01 23:37:54.350000,50,YOSHI,False,1,3,0,False,1586
3614,2025-09-01 23:37:54.477000,22,ENDERMAN,False,2,2,0,True,1586
3615,2025-09-01 23:37:54.631000,678,HERO,False,4,2,1,True,1586
3616,2025-09-01 23:41:01.120000,22,CAPTAIN FALCON,False,3,1,0,True,1587
3617,2025-09-01 23:41:01.247000,77,GRENINJA,False,1,3,0,False,1587
3618,2025-09-01 23:44:14.025000,22,CAPTAIN FALCON,False,3,1,0,True,1588
3619,2025-09-01 23:44:14.169000,77,PYRA,False,1,3,0,False,1588
3620,2025-09-01 23:49:03.149000,22,CAPTAIN FALCON,False,3,1,0,True,1589
3621,2025-09-01 23:49:03.317000,77,JOKER,False,1,3,0,False,1589
3622,2025-09-01 23:53:49.207000,77,JOKER,False,1,3,0,False,1590
3623,2025-09-01 23:53:49.290000,22,CAPTAIN FALCON,False,3,1,0,True,1590
3624,2025-09-01 23:58:37.571000,22,CAPTAIN FALCON,False,3,1,0,True,1591
3625,2025-09-01 23:58:37.714000,77,JOKER,False,1,3,0,False,1591
3626,2025-09-02 00:01:51.100000,77,JOKER,False,0,3,0,False,1592
3627,2025-09-02 00:01:51.259000,22,CAPTAIN FALCON,False,3,0,0,True,1592
3628,2025-09-02 00:04:49.039000,22,DONKEY KONG,False,0,0,0,True,1593
3629,2025-09-02 00:04:49.152000,77,GRENINJA,False,0,2,1,False,1593
3630,2025-09-02 00:08:06.657000,77,JOKER,False,1,3,0,False,1594
3631,2025-09-02 00:08:06.749000,22,GANONDORF,False,3,1,0,True,1594
3632,2025-09-02 00:12:40.012000,22,CAPTAIN FALCON,False,2,2,0,True,1595
3633,2025-09-02 00:12:40.186000,3005,GRENINJA,False,2,3,0,False,1595
3634,2025-09-02 00:17:11.155000,22,BYLETH,False,3,1,0,True,1596
3635,2025-09-02 00:17:11.321000,3005,GRENINJA,False,1,3,0,False,1596
3636,2025-09-02 00:21:03.609000,3005,GRENINJA,False,3,1,0,True,1597
3637,2025-09-02 00:21:03.749000,3456,WOLF,False,1,3,0,False,1597
3638,2025-09-02 00:30:30.103000,3005,GRENINJA,False,2,2,0,True,1598
3639,2025-09-02 00:30:30.338000,3456,WOLF,False,2,2,1,False,1598
3640,2025-09-02 00:35:56.092000,3456,WOLF,False,1,3,0,False,1599
3641,2025-09-02 00:35:56.269000,3005,GRENINJA,False,3,1,0,True,1599
3642,2025-09-02 00:42:33.556000,3005,GRENINJA,False,3,1,0,True,1600
3643,2025-09-02 00:42:33.700000,3456,WOLF,False,1,3,0,False,1600
3644,2025-09-02 00:44:49.078000,3005,GRENINJA,False,2,1,0,True,1601
3645,2025-09-02 00:44:49.204000,3456,WOLF,False,1,2,1,False,1601
3646,2025-09-03 22:25:22.670000,21,ZELDA,False,3,1,0,True,1602
3647,2025-09-03 22:25:23,22,CAPTAIN FALCON,False,1,3,0,False,1602
3648,2025-09-03 22:28:50.228000,21,ZELDA,False,2,3,0,False,1603
3649,2025-09-03 22:28:50.404000,22,CAPTAIN FALCON,False,3,2,0,True,1603
3650,2025-09-03 22:31:14.329000,21,ZELDA,False,3,0,0,True,1604
3651,2025-09-03 22:31:14.442000,22,CAPTAIN FALCON,False,0,3,0,False,1604
3652,2025-09-03 22:33:35.537000,21,DONKEY KONG,False,3,0,0,True,1605
3653,2025-09-03 22:33:35.691000,22,CAPTAIN FALCON,False,0,3,0,False,1605
3654,2025-09-03 22:36:32.770000,21,MR. GAME & WATCH,False,3,0,0,True,1606
3655,2025-09-03 22:36:32.898000,22,CAPTAIN FALCON,False,0,3,0,False,1606
3656,2025-09-03 22:40:12.233000,21,JOKER,False,3,2,0,True,1607
3657,2025-09-03 22:40:12.394000,22,CAPTAIN FALCON,False,2,3,0,False,1607
3658,2025-09-03 22:43:12.171000,21,INCINEROAR,False,2,3,0,False,1608
3659,2025-09-03 22:43:12.273000,22,CAPTAIN FALCON,False,3,2,0,True,1608
3660,2025-09-03 22:46:01.840000,21,INCINEROAR,False,3,2,0,True,1609
3661,2025-09-03 22:46:01.986000,22,CAPTAIN FALCON,False,2,3,0,False,1609
3662,2025-09-03 22:49:37.816000,21,INCINEROAR,False,3,2,0,True,1610
3663,2025-09-03 22:49:37.944000,22,CAPTAIN FALCON,False,2,3,0,False,1610
3664,2025-09-03 22:52:38.648000,21,INCINEROAR,False,3,1,0,True,1611
3665,2025-09-03 22:52:38.781000,22,CAPTAIN FALCON,False,1,3,0,False,1611
3666,2025-09-03 22:55:25.141000,21,ZELDA,False,3,1,0,True,1612
3667,2025-09-03 22:55:25.304000,22,BYLETH,False,1,3,0,False,1612
3668,2025-09-03 22:59:20.996000,21,ZELDA,False,3,1,0,True,1613
3669,2025-09-03 22:59:21.095000,22,BYLETH,False,0,3,0,False,1613
3670,2025-09-03 23:07:24.629000,77,JOKER,False,2,3,0,False,1614
3671,2025-09-03 23:07:24.769000,22,CAPTAIN FALCON,False,3,2,0,True,1614
3672,2025-08-30 01:24:55.773000,77,JOKER,False,2,3,0,False,1448
3673,2025-08-30 01:24:55.773000,21,JOKER,False,3,2,0,True,1448
3674,2025-08-30 01:28:55.773000,21,JOKER,False,2,2,1,False,1449
3675,2025-08-30 01:28:55.773000,77,JOKER,False,2,2,0,True,1449
3676,2025-09-03 23:12:38.952000,77,JOKER,False,1,3,0,False,1615
3677,2025-09-03 23:12:39.065000,22,CAPTAIN FALCON,False,3,1,0,True,1615
3678,2025-09-03 23:18:06.840000,21,JOKER,False,2,2,0,False,1616
3679,2025-09-03 23:18:06.983000,22,CAPTAIN FALCON,False,3,2,0,True,1616
3680,2025-09-03 23:22:07.673000,21,INCINEROAR,False,6,1,0,True,1617
3681,2025-09-03 23:22:07.778000,22,CAPTAIN FALCON,False,1,4,0,False,1617
3682,2025-09-03 23:22:07.895000,77,JOKER,False,0,2,1,True,1617
3683,2025-09-03 23:22:08.012000,23,SAMUS,False,1,2,0,False,1617
3684,2025-09-03 23:26:58.971000,21,JOKER,False,0,0,0,True,1618
3685,2025-09-03 23:26:59.108000,22,CAPTAIN FALCON,False,0,0,0,False,1618
3686,2025-09-03 23:31:28.910000,21,JOKER,False,3,1,0,True,1619
3687,2025-09-03 23:31:29.015000,22,CAPTAIN FALCON,False,1,3,0,False,1619
3688,2025-09-03 23:35:23.134000,21,ZELDA,False,3,2,0,True,1620
3689,2025-09-03 23:35:23.280000,104,ZELDA,False,2,3,0,False,1620
3690,2025-09-03 23:39:41.249000,21,JOKER,False,3,1,0,True,1621
3691,2025-09-03 23:39:41.361000,22,CAPTAIN FALCON,False,1,3,0,False,1621
3692,2025-09-03 23:43:59.757000,22,CAPTAIN FALCON,False,3,2,0,True,1622
3693,2025-09-03 23:43:59.882000,21,SNAKE,False,2,3,0,False,1622
3694,2025-09-03 23:47:20.618000,21,SNAKE,False,3,2,0,True,1623
3695,2025-09-03 23:47:20.726000,22,CAPTAIN FALCON,False,2,3,0,False,1623
3696,2025-09-03 23:50:11.845000,21,DONKEY KONG,False,3,1,0,True,1624
3697,2025-09-03 23:50:12.012000,22,CAPTAIN FALCON,False,0,3,0,False,1624
3698,2025-09-03 23:53:14.767000,21,DONKEY KONG,False,3,2,0,True,1625
3699,2025-09-03 23:53:14.913000,22,CAPTAIN FALCON,False,2,3,0,False,1625
3700,2025-09-03 23:56:51.627000,21,DONKEY KONG,False,3,2,0,True,1626
3701,2025-09-03 23:56:51.742000,22,CAPTAIN FALCON,False,2,3,0,False,1626
3702,2025-09-04 00:01:04.623000,21,ZELDA,False,2,3,0,False,1627
3703,2025-09-04 00:01:04.778000,22,STEVE,False,3,2,0,True,1627
3704,2025-09-04 00:10:09.309000,21,ZELDA,False,3,2,0,True,1628
3705,2025-09-04 00:10:09.458000,22,ENDERMAN,False,2,3,0,False,1628
3706,2025-09-04 00:12:50.014000,21,ZELDA,False,3,1,0,True,1629
3707,2025-09-04 00:12:50.180000,22,STEVE,False,1,3,0,False,1629
3708,2025-09-04 00:16:48.446000,21,ZELDA,False,3,2,0,True,1630
3709,2025-09-04 00:16:48.602000,22,ENDERMAN,False,2,3,0,False,1630
3710,2025-09-04 00:20:59.399000,21,ZELDA,False,2,2,0,True,1631
3711,2025-09-04 00:20:59.548000,22,ENDERMAN,False,2,3,0,False,1631
3712,2025-09-04 00:44:37.249000,77,JOKER,False,3,1,0,True,1633
3713,2025-09-04 00:44:37.461000,3005,GRENINJA,False,1,3,0,False,1633
4563,2025-09-15 00:59:31.754000,3005,GRENINJA,False,2,1,1,False,1963
3715,2025-09-04 00:50:09.841000,3005,GRENINJA,False,0,0,0,False,1634
3716,2025-09-04 00:55:52.058000,77,JOKER,False,3,2,0,True,1635
3717,2025-09-04 00:55:52.228000,23,SAMUS,False,2,3,0,False,1635
3718,2025-09-04 01:01:35.826000,77,JOKER,False,3,2,0,True,1636
3719,2025-09-04 01:01:35.984000,3005,GRENINJA,False,2,3,0,False,1636
3721,2025-09-04 01:05:43.349000,77,JOKER,False,2,3,0,False,1637
3722,2025-09-04 01:07:47.250000,77,JOKER,False,0,3,0,False,1638
3723,2025-09-04 01:07:47.360000,39,DONKEY KONG,False,3,0,0,True,1638
3724,2025-09-04 01:09:57.107000,77,JOKER,False,1,3,0,False,1639
3725,2025-09-04 01:09:57.203000,39,DONKEY KONG,False,3,1,0,True,1639
3726,2025-09-04 03:33:29.462000,39,DONKEY KONG,False,2,2,0,False,1640
3727,2025-09-04 03:33:29.661000,21,DONKEY KONG,False,2,2,0,True,1640
3728,2025-09-04 03:38:36.734000,39,DONKEY KONG,False,0,0,0,False,1641
3729,2025-09-04 03:38:36.838000,21,MR. GAME & WATCH,False,3,2,0,True,1641
3730,2025-09-04 03:41:46.960000,39,DONKEY KONG,False,2,3,0,False,1642
3731,2025-09-04 03:41:47.106000,21,ZELDA,False,3,2,0,True,1642
3732,2025-09-04 03:45:32.727000,39,DONKEY KONG,False,2,2,0,True,1643
3733,2025-09-04 03:45:32.870000,21,INCINEROAR,False,2,2,1,False,1643
3734,2025-09-04 03:50:09.232000,39,DONKEY KONG,False,2,3,0,False,1644
3735,2025-09-04 03:50:09.534000,21,ZELDA,False,3,2,0,True,1644
3736,2025-09-04 05:21:01.245000,22,CAPTAIN FALCON,False,0,3,0,False,1645
3737,2025-09-04 05:21:01.453000,21,JOKER,False,3,0,0,True,1645
3738,2025-09-04 05:26:43.675000,22,CAPTAIN FALCON,False,2,3,0,False,1646
3739,2025-09-04 05:26:43.873000,21,JOKER,False,3,2,0,True,1646
3740,2025-09-04 05:35:11.973000,22,CAPTAIN FALCON,False,1,3,0,False,1647
3741,2025-09-04 05:35:12.195000,21,SNAKE,False,3,1,0,True,1647
3742,2025-09-04 05:38:42.710000,22,CAPTAIN FALCON,False,3,2,0,True,1648
3743,2025-09-04 05:38:42.834000,21,CLOUD,False,2,3,0,False,1648
3744,2025-09-04 05:42:26.623000,22,CAPTAIN FALCON,False,2,2,0,True,1649
3745,2025-09-04 05:42:26.776000,21,CLOUD,False,2,2,1,False,1649
3746,2025-09-04 05:47:14.393000,21,CLOUD,False,3,1,0,True,1650
3747,2025-09-04 05:47:14.509000,22,CAPTAIN FALCON,False,1,3,0,False,1650
3748,2025-09-04 05:50:51.450000,22,CAPTAIN FALCON,False,2,3,0,False,1651
3749,2025-09-04 05:50:51.545000,21,CLOUD,False,3,2,0,True,1651
3750,2025-09-04 05:55:06.837000,22,CAPTAIN FALCON,False,2,3,0,False,1652
3751,2025-09-04 05:55:07.007000,23,SAMUS,False,0,3,0,False,1652
3752,2025-09-04 05:55:07.149000,21,INCINEROAR,False,6,2,0,True,1652
3753,2025-09-04 05:59:28.751000,22,CAPTAIN FALCON,False,3,2,0,True,1653
3754,2025-09-04 05:59:28.883000,23,SAMUS,False,1,3,0,False,1653
3755,2025-09-04 05:59:29.043000,21,INCINEROAR,False,2,3,0,False,1653
3756,2025-09-04 06:02:54.966000,22,ENDERMAN,False,1,3,0,False,1654
3757,2025-09-04 06:02:55.121000,23,SAMUS,False,4,1,0,True,1654
3758,2025-09-04 06:02:55.259000,21,MR. GAME & WATCH,False,2,3,0,False,1654
3714,2025-09-04 00:50:09.655000,77,JOKER,False,0,0,0,True,1634
3759,2025-09-04 06:07:06.586000,22,BYLETH,False,2,3,0,False,1655
3760,2025-09-04 06:07:06.716000,23,SAMUS,False,2,1,0,True,1655
3761,2025-09-04 06:07:06.802000,21,DONKEY KONG,False,1,2,1,False,1655
3762,2025-09-04 06:12:00.289000,21,MR. GAME & WATCH,False,4,2,0,True,1656
3763,2025-09-04 06:12:00.439000,23,SAMUS,False,4,3,0,False,1656
3764,2025-09-04 06:12:00.567000,22,CAPTAIN FALCON,False,0,3,0,False,1656
3765,2025-09-04 07:13:50.935000,376,CLOUD,False,0,2,0,False,1657
3766,2025-09-04 07:13:51.185000,39,DONKEY KONG,False,5,2,0,True,1657
3767,2025-09-04 07:13:51.409000,375,KIRBY,False,2,4,1,False,1657
3768,2025-09-04 07:17:14.441000,39,DONKEY KONG,False,3,1,0,True,1658
4564,2025-09-15 01:03:24.645000,22,CAPTAIN FALCON,False,4,5,0,True,1964
3770,2025-09-04 07:17:14.865000,375,LINK,False,0,3,0,False,1658
3771,2025-09-04 07:20:48.442000,376,DARK PIT,False,3,3,0,False,1659
3772,2025-09-04 07:20:48.580000,39,DONKEY KONG,False,2,3,0,False,1659
3773,2025-09-04 07:20:48.782000,375,KIRBY,False,2,1,0,True,1659
3774,2025-09-04 07:32:28.772000,376,DARK PIT,False,2,2,0,False,1660
3775,2025-09-04 07:32:28.918000,39,SORA,False,5,2,0,True,1660
3776,2025-09-04 07:32:29.101000,375,MII GUNNER,False,0,3,0,False,1660
3777,2025-09-04 07:36:41.056000,376,DARK PIT,False,2,2,0,True,1661
3778,2025-09-04 07:36:41.234000,39,LUCINA,False,5,2,1,False,1661
3779,2025-09-04 07:36:41.372000,375,CLOUD,False,0,3,0,True,1661
3780,2025-09-05 00:48:47.469000,104,ZELDA,False,3,2,0,True,1662
3781,2025-09-05 00:48:47.706000,39,DONKEY KONG,False,2,3,0,False,1662
3782,2025-09-05 00:52:30.724000,104,ZELDA,False,2,3,0,False,1663
3783,2025-09-05 00:52:30.887000,39,DONKEY KONG,False,3,2,0,True,1663
3784,2025-09-05 01:01:41.097000,39,DONKEY KONG,False,3,0,0,True,1664
3785,2025-09-05 01:01:41.274000,3007,CLOUD,False,0,3,0,False,1664
3786,2025-09-05 01:06:07.356000,39,SORA,False,2,3,0,False,1665
3787,2025-09-05 01:06:07.480000,3007,PYRA,False,3,2,0,True,1665
3788,2025-09-05 01:41:28.423000,54,INCINEROAR,False,3,1,0,True,1666
3789,2025-09-05 01:41:28.658000,77,JOKER,False,1,3,0,False,1666
3790,2025-09-05 01:45:43.955000,54,INCINEROAR,False,3,1,0,True,1667
3791,2025-09-05 01:45:44.102000,21,MR. GAME & WATCH,False,1,3,0,False,1667
3792,2025-09-05 02:01:24.241000,54,KING K. ROOL,False,3,2,0,True,1668
3793,2025-09-05 02:01:24.383000,21,MR. GAME & WATCH,False,2,3,0,False,1668
3794,2025-09-05 02:04:06.150000,77,JOKER,False,0,3,0,False,1669
3795,2025-09-05 02:04:06.291000,21,MR. GAME & WATCH,False,3,0,0,True,1669
3796,2025-09-05 02:09:50.587000,21,MR. GAME & WATCH,False,3,2,0,True,1670
3797,2025-09-05 02:09:50.740000,54,STEVE,False,2,3,0,False,1670
3798,2025-09-05 02:13:44.459000,77,JOKER,False,1,3,0,False,1671
3799,2025-09-05 02:13:44.608000,21,MR. GAME & WATCH,False,3,1,0,True,1671
3800,2025-09-05 02:15:40.395000,77,JOKER,False,0,3,0,False,1672
3801,2025-09-05 02:15:40.513000,21,MR. GAME & WATCH,False,3,0,0,True,1672
3802,2025-09-05 02:18:18.035000,77,JOKER,False,0,3,0,False,1673
3803,2025-09-05 02:18:18.153000,21,MR. GAME & WATCH,False,3,0,0,True,1673
3804,2025-09-05 02:27:48.115000,23,SAMUS,False,1,3,0,True,1674
3805,2025-09-05 02:27:48.238000,77,JOKER,False,2,3,0,False,1674
3806,2025-09-05 02:27:48.338000,22,CAPTAIN FALCON,False,2,2,0,False,1674
3807,2025-09-05 02:27:48.430000,50,YOSHI,False,5,1,0,True,1674
3808,2025-09-05 03:02:13.331000,23,SAMUS,False,3,3,0,True,1675
3809,2025-09-05 03:02:13.550000,77,JOKER,False,3,3,0,False,1675
3810,2025-09-05 04:02:18.581000,39,SORA,False,2,3,0,False,1676
3811,2025-09-05 04:02:18.838000,22,CAPTAIN FALCON,False,1,3,0,False,1676
3812,2025-09-05 04:02:19.081000,23,SAMUS,False,5,2,0,True,1676
3813,2025-09-05 05:22:23.576000,22,KING DEDEDE,False,0,3,0,False,1677
3814,2025-09-05 05:22:23.870000,21,DONKEY KONG,False,3,1,0,True,1677
3815,2025-09-05 05:24:59.426000,21,DONKEY KONG,False,3,2,0,True,1678
3816,2025-09-05 05:24:59.627000,22,KING DEDEDE,False,2,3,0,False,1678
3817,2025-09-05 05:29:17.055000,22,LUCINA,False,1,3,0,False,1679
3818,2025-09-05 05:29:17.161000,21,JOKER,False,3,1,0,True,1679
3819,2025-09-05 05:33:05.877000,22,CLOUD,False,2,3,0,False,1680
3820,2025-09-05 05:33:06.114000,21,JOKER,False,3,2,0,True,1680
3821,2025-09-05 05:36:38.239000,22,PYRA,False,3,2,0,True,1681
3822,2025-09-05 05:36:38.373000,21,JOKER,False,2,3,0,False,1681
3823,2025-09-05 05:40:08.604000,21,ZELDA,False,3,1,0,True,1682
3824,2025-09-05 05:40:08.707000,22,CAPTAIN FALCON,False,1,3,0,False,1682
3825,2025-09-05 05:48:41.918000,39,DONKEY KONG,False,2,3,0,False,1683
3826,2025-09-05 05:48:42.046000,21,MR. GAME & WATCH,False,3,2,0,True,1683
3827,2025-09-05 05:54:43.434000,21,MR. GAME & WATCH,False,3,2,0,True,1684
3828,2025-09-05 05:54:43.575000,39,DONKEY KONG,False,2,3,0,False,1684
3829,2025-09-05 05:58:01.011000,21,MR. GAME & WATCH,False,3,1,0,True,1685
3830,2025-09-05 05:58:01.129000,39,LUCINA,False,1,3,0,False,1685
3831,2025-09-05 06:01:19.523000,21,MR. GAME & WATCH,False,3,1,0,True,1686
3832,2025-09-05 06:01:19.621000,39,DONKEY KONG,False,1,3,0,False,1686
3833,2025-09-05 07:32:37.092000,21,JOKER,False,3,0,0,True,1687
3834,2025-09-05 07:32:37.337000,23,SAMUS,False,0,3,0,False,1687
3835,2025-09-05 07:39:45.842000,21,JOKER,False,0,3,0,False,1688
3836,2025-09-05 07:39:45.988000,23,SAMUS,False,2,0,1,True,1688
3837,2025-09-05 07:39:46.136000,39,SORA,False,0,1,0,True,1688
3838,2025-09-05 07:45:06.545000,21,SNAKE,False,2,1,0,True,1689
3839,2025-09-05 07:45:06.707000,23,SAMUS,False,0,2,1,True,1689
3840,2025-09-05 07:45:06.873000,39,DONKEY KONG,False,2,3,0,False,1689
3841,2025-09-05 22:37:11.544000,88,LUCAS,False,3,1,0,True,1690
3842,2025-09-05 22:37:11.807000,3657,SEPHIROTH,False,1,3,0,False,1690
3843,2025-09-05 22:40:35.849000,3657,SEPHIROTH,False,1,3,0,False,1691
3844,2025-09-05 22:40:36.167000,88,LINK,False,3,1,0,True,1691
3845,2025-09-05 22:44:06.661000,3657,BOWSER,False,2,3,0,False,1692
3846,2025-09-05 22:44:06.868000,88,CAPTAIN FALCON,False,3,2,0,True,1692
3847,2025-09-05 22:45:54.828000,88,CAPTAIN FALCON,False,0,0,0,True,1693
3848,2025-09-05 22:45:55.042000,3657,BOWSER,False,0,3,0,False,1693
4565,2025-09-15 01:03:24.780000,50,YOSHI,False,1,1,0,True,1964
4566,2025-09-15 01:03:24.962000,61,FALCO,False,1,3,0,False,1964
3850,2025-09-05 22:48:33.561000,3657,SEPHIROTH,False,2,3,0,False,1694
3851,2025-09-05 22:51:13.140000,88,YOSHI,False,3,1,0,True,1695
3852,2025-09-05 22:51:13.271000,3657,BOWSER,False,1,3,0,False,1695
3853,2025-09-05 22:53:33.927000,3657,RIDLEY,False,0,3,0,False,1696
3854,2025-09-05 22:53:34.040000,88,YOSHI,False,3,0,0,True,1696
3855,2025-09-05 22:56:42.409000,88,YOSHI,False,3,1,0,True,1697
3856,2025-09-05 22:56:42.501000,3657,SEPHIROTH,False,1,3,0,False,1697
3857,2025-09-06 00:07:31.270000,88,LUCAS,False,2,3,0,False,1698
3858,2025-09-06 00:07:31.504000,21,MR. GAME & WATCH,False,3,2,0,True,1698
3859,2025-09-06 00:11:07.446000,77,JOKER,False,1,3,0,False,1699
3860,2025-09-06 00:11:07.614000,21,JOKER,False,3,1,0,True,1699
3861,2025-09-06 00:14:01.061000,3005,GRENINJA,False,0,3,0,False,1700
3862,2025-09-06 00:14:01.192000,21,JOKER,False,3,0,0,True,1700
3863,2025-09-06 00:17:22.218000,3005,GRENINJA,False,0,3,0,False,1701
3864,2025-09-06 00:17:22.400000,77,JOKER,False,3,0,0,True,1701
3865,2025-09-06 00:21:42.401000,21,MR. GAME & WATCH,False,3,1,0,True,1702
3866,2025-09-06 00:21:42.512000,50,HERO,False,1,3,0,False,1702
3867,2025-09-06 00:31:22.808000,88,LUCAS,False,3,2,0,True,1703
3868,2025-09-06 00:31:23.003000,21,KING K. ROOL,False,2,3,0,False,1703
3869,2025-09-06 00:31:23.143000,23,SAMUS,False,2,3,0,False,1703
3870,2025-09-06 00:31:23.313000,50,YOSHI,False,6,3,0,False,1703
3871,2025-09-06 00:31:23.453000,3005,GRENINJA,False,1,3,0,False,1703
3872,2025-09-06 00:37:50.216000,88,LUCAS,False,3,3,0,False,1704
3873,2025-09-06 00:37:50.365000,21,SNAKE,False,6,3,0,False,1704
3874,2025-09-06 00:37:50.476000,23,SAMUS,False,3,2,0,True,1704
3875,2025-09-06 00:37:50.622000,50,YOSHI,False,1,3,0,False,1704
3876,2025-09-06 00:37:50.762000,3005,GRENINJA,False,2,2,0,False,1704
3877,2025-09-06 00:44:53.388000,88,CAPTAIN FALCON,False,1,3,0,False,1705
3878,2025-09-06 00:44:53.554000,21,SNAKE,False,1,2,0,True,1705
3879,2025-09-06 00:44:53.740000,23,SAMUS,False,3,3,0,False,1705
3880,2025-09-06 00:44:53.986000,50,YOSHI,False,7,3,0,False,1705
3881,2025-09-06 00:44:54.166000,3005,GRENINJA,False,2,3,0,False,1705
3882,2025-09-06 00:51:20.323000,21,MR. GAME & WATCH,False,3,2,0,True,1706
3883,2025-09-06 00:51:20.557000,88,LINK,False,0,3,0,False,1706
3884,2025-09-06 00:55:25.558000,54,KING K. ROOL,False,3,1,0,True,1707
3885,2025-09-06 00:55:25.695000,21,MR. GAME & WATCH,False,0,3,0,False,1707
3886,2025-09-06 01:00:35.198000,54,DONKEY KONG,False,0,3,0,False,1708
3887,2025-09-06 01:00:35.363000,21,MR. GAME & WATCH,False,3,2,0,True,1708
3888,2025-09-06 01:03:03.749000,54,INCINEROAR,False,1,3,0,False,1709
3889,2025-09-06 01:03:03.880000,21,MR. GAME & WATCH,False,3,1,0,True,1709
3890,2025-09-06 01:06:40.582000,54,INCINEROAR,False,1,3,0,False,1710
3891,2025-09-06 01:06:40.689000,21,MR. GAME & WATCH,False,3,1,0,True,1710
3892,2025-09-06 01:10:18.857000,50,YOSHI,False,0,3,0,False,1711
3893,2025-09-06 01:10:18.964000,21,MR. GAME & WATCH,False,3,0,0,True,1711
3894,2025-09-06 01:14:48.223000,88,LUCAS,False,1,3,0,False,1712
3895,2025-09-06 01:14:48.376000,21,MR. GAME & WATCH,False,3,1,0,True,1712
3896,2025-09-06 01:20:46.229000,104,ZELDA,False,3,2,0,True,1713
3897,2025-09-06 01:20:46.378000,21,MR. GAME & WATCH,False,2,3,0,False,1713
3898,2025-09-06 01:30:41.570000,21,MR. GAME & WATCH,False,3,2,0,True,1714
3899,2025-09-06 01:30:41.706000,39,DONKEY KONG,False,2,3,0,False,1714
3849,2025-09-05 22:48:33.423000,88,CAPTAIN FALCON,False,3,2,0,True,1694
3720,2025-09-04 01:05:43.218000,39,SORA,False,3,2,0,True,1637
4567,2025-09-15 01:03:25.109000,54,STEVE,False,7,3,1,False,1964
3606,2025-09-01 23:28:38.998000,22,BYLETH,False,0,0,0,False,1584
4568,2025-09-15 01:03:25.219000,3005,GRENINJA,False,0,2,0,True,1964
3605,2025-09-01 23:28:38.853000,50,YOSHI,False,0,0,0,True,1584
3540,2025-09-01 05:09:02.116000,21,MR. GAME & WATCH,False,0,0,0,False,1554
3504,2025-08-31 23:27:09.710000,88,LUCAS,False,0,0,0,False,1536
3900,2025-09-06 02:23:43.083000,54,STEVE,False,0,1,0,True,1715
3901,2025-09-06 02:23:43.297000,21,MR. GAME & WATCH,False,0,3,0,False,1715
3902,2025-09-06 02:29:30.929000,54,JOKER,False,3,2,0,True,1716
3903,2025-09-06 02:29:31.087000,21,MR. GAME & WATCH,False,2,3,0,False,1716
3904,2025-09-06 02:32:31.382000,54,DONKEY KONG,False,1,3,0,False,1717
3905,2025-09-06 02:32:31.515000,21,MR. GAME & WATCH,False,3,1,0,True,1717
3906,2025-09-06 02:35:40.712000,54,KING K. ROOL,False,1,3,0,False,1718
3907,2025-09-06 02:35:40.858000,21,MR. GAME & WATCH,False,3,1,0,True,1718
3908,2025-09-06 02:39:59.482000,54,BANJO & KAZOOIE,False,2,3,0,False,1719
3909,2025-09-06 02:39:59.623000,21,MR. GAME & WATCH,False,3,2,0,True,1719
3910,2025-09-06 02:42:57.187000,77,JOKER,False,3,3,0,False,1720
3911,2025-09-06 02:42:57.329000,54,GANONDORF,False,3,1,0,True,1720
3912,2025-09-06 02:47:11.035000,21,ZELDA,False,2,3,0,False,1721
3913,2025-09-06 02:47:11.182000,54,INCINEROAR,False,3,2,0,True,1721
3914,2025-09-06 02:52:07.658000,54,DONKEY KONG,False,3,2,0,True,1722
3915,2025-09-06 02:52:07.775000,77,JOKER,False,2,3,0,False,1722
3916,2025-09-06 02:55:35.974000,3005,GRENINJA,False,0,3,0,False,1723
3917,2025-09-06 02:55:36.083000,54,INCINEROAR,False,3,0,0,True,1723
3918,2025-09-06 02:59:41.326000,21,ZELDA,False,3,1,0,True,1724
3919,2025-09-06 02:59:41.433000,3005,GRENINJA,False,1,3,0,False,1724
3920,2025-09-06 03:03:07.814000,21,JOKER,False,0,0,0,True,1725
3922,2025-09-06 03:06:49.265000,3005,GRENINJA,False,1,3,0,False,1726
3923,2025-09-06 03:06:49.361000,77,JOKER,False,3,1,0,True,1726
3924,2025-09-06 03:10:55.935000,3005,GRENINJA,False,1,2,1,False,1727
3925,2025-09-06 03:10:56.115000,77,JOKER,False,1,3,0,False,1727
3926,2025-09-06 03:10:56.241000,21,MR. GAME & WATCH,False,3,1,0,True,1727
3927,2025-09-06 03:15:38.230000,3005,GRENINJA,False,1,3,0,False,1728
3928,2025-09-06 03:15:38.334000,77,JOKER,False,1,3,1,False,1728
3929,2025-09-06 03:15:38.442000,21,ZELDA,False,5,2,0,True,1728
3930,2025-09-06 03:19:59.308000,21,MR. GAME & WATCH,False,3,0,0,True,1729
3931,2025-09-06 03:19:59.440000,77,JOKER,False,0,3,0,False,1729
3921,2025-09-06 03:03:07.923000,77,JOKER,False,0,0,0,False,1725
3934,2025-09-06 03:24:44.516000,23,SAMUS,False,2,3,0,False,1731
3935,2025-09-06 03:24:44.671000,77,JOKER,False,3,2,0,True,1731
3936,2025-09-06 03:27:08.501000,23,SAMUS,False,0,0,0,False,1732
3937,2025-09-06 03:27:08.621000,77,JOKER,False,0,0,0,True,1732
3933,2025-08-31 08:06:47.730000,74,PYRA,False,1,3,0,False,1730
3984,2025-09-06 07:10:35.514000,88,LUCAS,False,0,3,0,False,1753
3932,2025-08-31 08:06:47.837000,38,JOKER,False,3,1,0,True,1730
3938,2025-09-06 03:33:09.376000,3005,GRENINJA,False,1,3,0,False,1733
3939,2025-09-06 03:33:09.485000,77,JOKER,False,3,1,0,True,1733
3940,2025-08-31 07:39:35.142000,255,KING K. ROOL,False,3,3,0,True,1522
3427,2025-08-31 07:16:13.807000,2821,ZOMBIE,False,0,2,0,True,1516
3413,2025-08-31 07:04:59.609000,21,MR. GAME & WATCH,False,0,0,0,False,1514
3941,2025-08-31 07:04:59.979000,22,STEVE,False,2,1,1,False,1513
3390,2025-08-31 06:26:20.969000,74,LUCINA,False,0,0,0,True,1509
3384,2025-08-31 06:21:43.252000,38,JOKER,False,0,0,0,False,1508
3387,2025-08-31 06:21:43.696000,21,MR. GAME & WATCH,False,0,0,0,True,1508
3293,2025-08-30 22:54:57.127000,38,CAPTAIN FALCON,False,0,0,0,True,1475
3291,2025-08-30 22:52:09.445000,38,CAPTAIN FALCON,False,3,0,0,True,1474
3085,2025-08-26 22:00:49.173000,21,MR. GAME & WATCH,False,0,0,0,False,1382
3004,2025-08-26 05:02:48.785000,23,SAMUS,False,0,0,0,True,1360
3001,2025-08-26 05:02:48.273000,255,KING K. ROOL,False,0,0,0,False,1360
3002,2025-08-26 05:02:48.442000,74,PYRA,False,0,0,0,False,1360
2863,2025-08-23 10:03:00.301000,21,MR. GAME & WATCH,False,0,0,0,False,1294
2851,2025-08-23 09:47:46.761000,21,MR. GAME & WATCH,False,0,0,0,False,1288
2821,2025-08-23 02:58:14.533000,2821,ZOMBIE,False,1,3,0,False,1273
2800,2025-08-23 02:16:51.354000,255,KING K. ROOL,False,3,2,0,True,1264
2782,2025-08-23 01:37:01.592000,255,KING K. ROOL,False,2,2,0,True,1256
2727,2025-08-22 04:14:51.246000,22,CLOUD,False,3,2,0,True,1236
3091,2025-08-27 01:16:22.254000,77,JOKER,False,0,0,0,False,1385
3769,2025-09-04 07:17:14.654000,376,DARK PIT,False,0,0,0,False,1658
3942,2025-09-06 04:56:46.345000,38,GANONDORF,False,8,1,0,True,1734
3943,2025-09-06 04:56:46.539000,678,PYRA,False,2,3,0,False,1734
3944,2025-09-06 04:56:46.713000,3005,GRENINJA,False,0,3,0,False,1734
3945,2025-09-06 04:56:46.861000,3456,WOLF,False,0,3,0,False,1734
3946,2025-09-06 05:03:02.008000,38,JOKER,False,3,1,0,True,1735
3947,2025-09-06 05:03:02.136000,3758,PYRA,False,1,3,0,False,1735
3948,2025-09-06 05:03:02.313000,3005,GRENINJA,False,0,2,2,False,1735
3949,2025-09-06 05:03:02.456000,3456,WOLF,False,0,2,1,False,1735
3950,2025-09-06 05:47:28.442000,88,ISABELLE,False,0,0,0,True,1736
3951,2025-09-06 05:47:28.656000,21,MR. GAME & WATCH,False,2,3,0,False,1736
3952,2025-09-06 05:53:27.584000,88,ISABELLE,False,0,0,0,True,1737
3954,2025-09-06 05:59:59.511000,88,ISABELLE,False,2,3,0,False,1738
3955,2025-09-06 05:59:59.677000,21,MR. GAME & WATCH,False,3,2,0,True,1738
3953,2025-09-06 05:53:27.776000,21,MR. GAME & WATCH,False,0,3,0,False,1737
3956,2025-09-06 06:05:29.600000,88,ISABELLE,False,0,3,0,False,1739
3957,2025-09-06 06:05:29.732000,21,MR. GAME & WATCH,False,3,1,1,True,1739
3958,2025-09-06 06:10:25.576000,88,PIKACHU,False,1,3,0,False,1740
3959,2025-09-06 06:10:25.732000,21,MR. GAME & WATCH,False,3,1,0,True,1740
3960,2025-09-06 06:15:29.959000,88,LINK,False,0,3,0,False,1741
3961,2025-09-06 06:15:30.097000,21,MR. GAME & WATCH,False,3,1,0,True,1741
3962,2025-09-06 06:19:17.811000,88,LINK,False,0,3,0,False,1742
3963,2025-09-06 06:19:17.927000,21,MR. GAME & WATCH,False,3,1,0,True,1742
3964,2025-09-06 06:27:27.019000,88,LINK,False,1,3,0,False,1743
3965,2025-09-06 06:27:27.241000,21,ZELDA,False,3,1,0,True,1743
3966,2025-09-06 06:31:26.441000,88,LINK,False,2,2,0,False,1744
3967,2025-09-06 06:31:26.542000,21,ZELDA,False,2,2,0,True,1744
3968,2025-09-06 06:37:23.188000,88,YOSHI,False,3,2,0,True,1745
3969,2025-09-06 06:37:23.325000,21,ZELDA,False,2,3,0,False,1745
3970,2025-09-06 06:43:13.842000,88,LINK,False,2,3,0,False,1746
3971,2025-09-06 06:43:13.956000,21,MR. GAME & WATCH,False,3,2,0,True,1746
3972,2025-09-06 06:46:43.669000,88,CAPTAIN FALCON,False,1,3,0,False,1747
3973,2025-09-06 06:46:43.809000,21,MR. GAME & WATCH,False,3,1,0,True,1747
3974,2025-09-06 06:51:31.770000,88,ISABELLE,False,2,3,0,False,1748
3975,2025-09-06 06:51:31.901000,21,MR. GAME & WATCH,False,3,2,0,True,1748
3976,2025-09-06 06:54:49.113000,88,IKE,False,2,3,0,False,1749
3977,2025-09-06 06:54:49.288000,21,LUCINA,False,3,2,0,True,1749
3978,2025-09-06 06:59:27.303000,88,IKE,False,3,2,0,True,1750
3979,2025-09-06 06:59:27.468000,21,LUCINA,False,2,3,0,False,1750
3980,2025-09-06 07:02:16.271000,88,IKE,False,1,3,0,False,1751
3981,2025-09-06 07:02:16.383000,21,LUCINA,False,3,1,0,True,1751
3982,2025-09-06 07:07:08.171000,88,LUCAS,False,2,3,0,False,1752
3983,2025-09-06 07:07:08.292000,21,ZELDA,False,3,2,0,True,1752
3985,2025-09-06 07:10:35.646000,21,ZELDA,False,3,1,0,True,1753
3986,2025-09-06 07:13:01.002000,88,YOSHI,False,0,3,0,False,1754
3987,2025-09-06 07:13:01.121000,21,ZELDA,False,3,0,0,True,1754
3988,2025-09-06 07:15:43.032000,88,IKE,False,3,1,0,True,1755
3989,2025-09-06 07:15:43.176000,21,CLOUD,False,1,3,0,False,1755
3990,2025-09-06 07:19:26.728000,88,IKE,False,3,2,0,True,1756
3991,2025-09-06 07:19:26.869000,21,SNAKE,False,2,3,0,False,1756
3992,2025-09-06 07:23:53.976000,88,LUCAS,False,0,3,0,False,1757
3993,2025-09-06 07:23:54.109000,21,MR. GAME & WATCH,False,3,0,0,True,1757
3994,2025-09-06 07:29:01.356000,88,IKE,False,2,3,0,False,1758
3995,2025-09-06 07:29:01.443000,21,MR. GAME & WATCH,False,3,2,0,True,1758
3996,2025-09-06 07:33:50.040000,88,LINK,False,3,1,0,True,1759
3997,2025-09-06 07:33:50.156000,3808,SNAKE,False,0,3,0,False,1759
3998,2025-09-06 07:37:37.533000,88,YOSHI,False,2,3,0,False,1760
3999,2025-09-06 07:37:37.629000,3808,SNAKE,False,3,2,0,True,1760
4000,2025-09-06 07:42:10.115000,88,LINK,False,3,1,0,True,1761
4001,2025-09-06 07:42:10.213000,3808,SNAKE,False,1,3,0,False,1761
4002,2025-09-06 07:46:11.328000,21,MR. GAME & WATCH,False,3,1,0,True,1762
4003,2025-09-06 07:46:11.442000,3808,SNAKE,False,0,3,0,False,1762
4004,2025-09-06 07:49:35.500000,21,MR. GAME & WATCH,False,3,1,0,True,1763
4005,2025-09-06 07:49:35.598000,3808,SNAKE,False,1,3,0,False,1763
4006,2025-09-06 07:52:15.049000,21,ZELDA,False,3,1,0,True,1764
6819,2025-11-06 05:15:25.405000,5793,GANONDORF,False,0,3,0,False,2908
4008,2025-09-06 07:56:40.450000,21,DONKEY KONG,False,3,2,0,True,1765
4009,2025-09-06 07:56:40.576000,3808,SNAKE,False,2,3,0,False,1765
4010,2025-09-06 21:13:04.532000,21,MR. GAME & WATCH,False,2,3,0,False,1766
4011,2025-09-06 21:13:04.746000,38,LUIGI,False,3,2,0,True,1766
4012,2025-09-06 21:18:20.603000,21,MR. GAME & WATCH,False,3,2,0,True,1767
4013,2025-09-06 21:18:20.738000,38,LUIGI,False,2,3,0,False,1767
4014,2025-09-06 21:22:04.424000,21,MR. GAME & WATCH,False,3,2,0,True,1768
4015,2025-09-06 21:22:04.536000,38,RIDLEY,False,2,3,0,False,1768
4016,2025-09-06 21:24:12.223000,21,MR. GAME & WATCH,False,2,1,0,True,1769
4017,2025-09-06 21:24:12.397000,38,RIDLEY,False,1,2,1,False,1769
4018,2025-09-06 21:27:54.787000,21,MR. GAME & WATCH,False,2,3,0,False,1770
4019,2025-09-06 21:27:54.957000,38,BOWSER,False,3,2,0,True,1770
4020,2025-09-06 21:31:07.605000,21,MR. GAME & WATCH,False,2,3,0,False,1771
4021,2025-09-06 21:31:07.713000,38,BOWSER,False,3,2,0,True,1771
4022,2025-09-06 21:35:02.469000,21,MR. GAME & WATCH,False,1,3,0,False,1772
4023,2025-09-06 21:35:02.637000,38,LUCINA,False,3,1,0,True,1772
4024,2025-09-06 21:40:21.921000,21,MR. GAME & WATCH,False,2,3,0,False,1773
4025,2025-09-06 21:40:22.090000,38,LUCINA,False,3,2,0,True,1773
4026,2025-09-06 21:44:22.864000,21,MR. GAME & WATCH,False,2,3,0,False,1774
4027,2025-09-06 21:44:22.996000,38,LUCINA,False,3,2,0,True,1774
4028,2025-09-06 21:48:39.940000,21,MR. GAME & WATCH,False,1,3,0,False,1775
4029,2025-09-06 21:48:40.087000,38,MR. GAME & WATCH,False,3,1,0,True,1775
4030,2025-09-06 21:53:02.273000,21,MR. GAME & WATCH,False,2,3,0,False,1776
4031,2025-09-06 21:53:02.478000,38,MR. GAME & WATCH,False,3,2,0,True,1776
4032,2025-09-06 21:57:17.673000,21,ZELDA,False,3,2,0,True,1777
4033,2025-09-06 21:57:17.837000,38,ZELDA,False,2,3,0,False,1777
4034,2025-09-06 22:00:38.112000,21,ZELDA,False,2,3,0,False,1778
4035,2025-09-06 22:00:38.223000,38,ZELDA,False,3,2,0,True,1778
4036,2025-09-06 22:04:13.940000,21,ZELDA,False,3,2,0,True,1779
4037,2025-09-06 22:04:14.131000,38,ZELDA,False,2,3,0,False,1779
4038,2025-09-06 22:24:39.244000,3849,PIRANHA PLANT,False,3,2,0,True,1780
4039,2025-09-06 22:24:39.474000,3005,GRENINJA,False,2,3,0,False,1780
4040,2025-09-06 22:28:29.263000,3849,PIRANHA PLANT,False,2,2,0,True,1781
4041,2025-09-06 22:28:29.404000,3005,GRENINJA,False,0,2,0,False,1781
4042,2025-09-06 22:31:53.909000,3849,PIRANHA PLANT,False,3,1,0,True,1782
4043,2025-09-06 22:31:54.067000,3005,GRENINJA,False,1,3,0,False,1782
4045,2025-09-06 22:34:41.030000,3005,GRENINJA,False,0,3,0,False,1783
4046,2025-09-07 23:14:52.215000,23,SAMUS,False,2,3,0,False,1784
4047,2025-09-07 23:14:52.443000,50,YOSHI,False,2,2,0,False,1784
4048,2025-09-07 23:14:52.668000,74,MARIO,False,2,2,0,True,1784
4049,2025-09-07 23:19:42.671000,23,SAMUS,False,0,3,0,False,1785
4050,2025-09-07 23:19:42.814000,50,YOSHI,False,3,2,0,True,1785
4051,2025-09-07 23:19:43.061000,74,MARIO,False,3,3,0,False,1785
4052,2025-09-08 00:22:01.426000,54,MR. GAME & WATCH,False,3,1,0,True,1786
4053,2025-09-08 00:22:01.696000,21,MR. GAME & WATCH,False,1,3,0,False,1786
4055,2025-09-08 00:32:40.024000,77,JOKER,False,2,3,0,False,1787
4057,2025-09-08 00:36:02.838000,77,JOKER,False,2,3,0,False,1788
4058,2025-09-08 00:40:19.518000,21,MR. GAME & WATCH,False,3,1,0,True,1789
4060,2025-09-08 00:44:37.415000,23,SAMUS,False,3,2,0,True,1790
4061,2025-09-08 00:44:37.585000,77,JOKER,False,2,3,0,False,1790
4062,2025-09-08 00:46:43.108000,23,SAMUS,False,2,0,0,True,1791
4063,2025-09-08 00:46:43.270000,77,JOKER,False,0,2,1,False,1791
4064,2025-09-08 00:51:34.424000,23,SAMUS,False,2,3,0,False,1792
4065,2025-09-08 00:51:34.552000,77,JOKER,False,3,2,0,True,1792
4059,2025-09-08 00:40:19.709000,61,LUCINA,False,1,3,0,False,1789
4056,2025-09-08 00:36:02.656000,61,FALCO,False,3,2,0,True,1788
4054,2025-09-08 00:32:39.851000,61,FALCO,False,3,2,0,True,1787
4007,2025-09-06 07:52:15.154000,3808,SNAKE,False,0,0,0,False,1764
4044,2025-09-06 22:34:40.894000,3849,PIRANHA PLANT,False,3,0,0,True,1783
4066,2025-09-09 02:35:55.211000,50,YOSHI,False,3,3,0,False,1793
4067,2025-09-09 02:35:55.486000,77,JOKER,False,5,3,0,False,1793
4068,2025-09-09 02:35:55.714000,74,MARIO,False,2,2,0,True,1793
4069,2025-09-09 02:35:55.899000,88,IKE,False,3,3,0,False,1793
4070,2025-09-11 02:09:22.470000,74,MARIO,False,2,2,0,True,1794
4071,2025-09-11 02:09:22.675000,22,CAPTAIN FALCON,False,2,2,0,False,1794
4072,2025-09-11 02:13:38.424000,74,MARIO,False,2,2,0,False,1795
4073,2025-09-11 02:13:38.571000,22,CAPTAIN FALCON,False,2,2,0,True,1795
4074,2025-09-11 02:18:06.434000,74,MARIO,False,1,3,0,False,1796
4075,2025-09-11 02:18:06.628000,22,CAPTAIN FALCON,False,3,1,0,True,1796
4076,2025-09-11 02:23:45.117000,74,MYTHRA,False,2,3,0,False,1797
4077,2025-09-11 02:23:45.289000,22,CAPTAIN FALCON,False,3,2,0,True,1797
4078,2025-09-11 02:27:23.829000,74,MARIO,False,2,3,0,False,1798
4079,2025-09-11 02:27:23.946000,22,CAPTAIN FALCON,False,4,2,0,True,1798
4080,2025-09-11 02:27:24.048000,54,DONKEY KONG,False,2,3,0,False,1798
4081,2025-09-11 02:33:04.902000,74,PYRA,False,2,3,0,False,1799
4082,2025-09-11 02:33:05.086000,22,BYLETH,False,3,2,0,True,1799
4083,2025-09-11 02:42:20.644000,54,MR. GAME & WATCH,False,3,2,0,True,1800
4084,2025-09-11 02:42:20.790000,74,MYTHRA,False,2,3,0,False,1800
4085,2025-09-11 02:51:44.132000,74,MARIO,False,0,3,0,False,1801
4086,2025-09-11 02:51:44.298000,3849,PIRANHA PLANT,False,3,1,0,True,1801
4087,2025-09-11 03:16:13.306000,39,DONKEY KONG,False,3,1,0,True,1802
4088,2025-09-11 03:16:13.457000,22,CAPTAIN FALCON,False,1,3,0,False,1802
4089,2025-09-11 03:21:38.275000,22,CAPTAIN FALCON,False,4,1,0,True,1803
4090,2025-09-11 03:21:38.447000,23,SAMUS,False,2,3,0,False,1803
4091,2025-09-11 03:21:38.622000,88,LUCAS,False,0,3,0,False,1803
4092,2025-09-11 03:21:38.744000,39,DONKEY KONG,False,2,3,0,False,1803
4093,2025-09-11 03:28:07.283000,22,CAPTAIN FALCON,False,4,2,0,True,1804
4095,2025-09-11 03:28:07.561000,88,PIKACHU,False,1,3,0,False,1804
4096,2025-09-11 03:28:07.697000,3849,PIRANHA PLANT,False,4,3,0,False,1804
4097,2025-09-11 03:33:43.616000,23,SAMUS,False,2,3,0,False,1805
4098,2025-09-11 03:33:43.806000,50,YOSHI,False,4,3,0,False,1805
4099,2025-09-11 03:33:44.003000,22,CAPTAIN FALCON,False,4,3,0,False,1805
4100,2025-09-11 03:33:44.143000,88,IKE,False,3,2,0,True,1805
4101,2025-09-11 03:33:44.313000,3849,PIRANHA PLANT,False,1,3,0,False,1805
4102,2025-09-11 03:39:14.652000,23,SAMUS,False,3,3,0,False,1806
4103,2025-09-11 03:39:14.823000,50,YOSHI,False,0,3,0,False,1806
4104,2025-09-11 03:39:14.962000,22,CAPTAIN FALCON,False,2,3,0,False,1806
4105,2025-09-11 03:39:15.161000,88,IKE,False,7,2,0,True,1806
4106,2025-09-11 03:39:15.310000,3849,PIRANHA PLANT,False,1,3,0,False,1806
4107,2025-09-11 03:44:11.325000,50,YOSHI,False,2,2,0,False,1807
4108,2025-09-11 03:44:11.517000,22,CAPTAIN FALCON,False,2,2,0,False,1807
4109,2025-09-11 03:44:11.800000,88,IKE,False,3,1,0,True,1807
4110,2025-09-11 03:44:11.926000,3849,PIRANHA PLANT,False,1,3,0,True,1807
4111,2025-09-11 03:47:43.670000,22,LITTLE MAC,False,3,2,0,True,1808
4112,2025-09-11 03:47:43.793000,88,IKE,False,2,3,0,False,1808
4113,2025-09-11 03:47:43.930000,3849,PIRANHA PLANT,False,0,2,0,False,1808
4114,2025-09-11 03:47:44.081000,50,YOSHI,False,2,2,0,True,1808
4115,2025-09-11 03:52:25.901000,50,YOSHI,False,0,3,0,False,1809
4116,2025-09-11 03:52:26.031000,22,CAPTAIN FALCON,False,4,3,0,False,1809
4117,2025-09-11 03:52:26.168000,88,IKE,False,5,2,1,True,1809
4118,2025-09-11 03:52:26.280000,3849,PIRANHA PLANT,False,0,3,0,True,1809
4119,2025-09-11 03:56:06.624000,50,YOSHI,False,1,3,0,False,1810
4120,2025-09-11 03:56:06.815000,22,CAPTAIN FALCON,False,0,2,0,False,1810
4121,2025-09-11 03:56:06.991000,88,IKE,False,2,1,0,True,1810
4122,2025-09-11 03:56:07.132000,3849,PIRANHA PLANT,False,2,1,0,True,1810
4123,2025-09-11 04:01:20.524000,50,YOSHI,False,2,2,0,False,1811
4124,2025-09-11 04:01:20.666000,22,ENDERMAN,False,2,2,0,False,1811
4125,2025-09-11 04:01:20.802000,88,IKE,False,3,2,1,True,1811
4126,2025-09-11 04:01:20.928000,3849,PIRANHA PLANT,False,0,2,1,True,1811
4127,2025-09-11 04:05:54.060000,50,YOSHI,False,2,2,0,True,1812
4128,2025-09-11 04:05:54.183000,22,ENDERMAN,False,2,2,0,True,1812
4129,2025-09-11 04:05:54.324000,88,IKE,False,2,2,1,False,1812
4130,2025-09-11 04:05:54.451000,3849,PIRANHA PLANT,False,2,2,1,False,1812
4131,2025-09-11 04:10:17.156000,22,CAPTAIN FALCON,False,1,4,0,False,1813
4132,2025-09-11 04:10:17.413000,88,IKE,False,4,2,1,True,1813
4133,2025-09-11 04:10:17.592000,3849,PIRANHA PLANT,False,2,2,1,True,1813
6820,2025-11-06 05:21:13.650000,1112,NESS,False,1,3,1,False,2909
4135,2025-09-11 04:15:57.735000,88,IKE,False,6,1,0,True,1814
4136,2025-09-11 04:15:57.898000,23,SAMUS,False,2,3,0,False,1814
4137,2025-09-11 04:15:58.131000,50,YOSHI,False,2,3,0,False,1814
4138,2025-09-11 04:15:58.281000,22,CAPTAIN FALCON,False,3,2,0,False,1814
4139,2025-09-11 04:15:58.412000,255,KING K. ROOL,False,0,3,0,False,1814
4140,2025-09-11 04:47:16.273000,255,KING K. ROOL,False,0,3,0,False,1815
4141,2025-09-11 04:47:16.484000,50,YOSHI,False,0,3,0,False,1815
4142,2025-09-11 04:47:16.702000,22,CAPTAIN FALCON,False,3,3,0,False,1815
4143,2025-09-11 04:47:16.968000,88,IKE,False,8,1,0,True,1815
4144,2025-09-11 04:47:17.273000,23,SAMUS,False,3,3,0,False,1815
4145,2025-09-11 04:47:17.445000,3849,PIRANHA PLANT,False,3,3,0,False,1815
4146,2025-09-11 04:47:17.603000,3456,WOLF,False,1,3,0,False,1815
4147,2025-09-11 04:52:58.070000,22,ENDERMAN,False,3,2,0,True,1816
4148,2025-09-11 04:52:58.262000,3849,PIRANHA PLANT,False,4,3,0,False,1816
4149,2025-09-11 04:52:58.495000,23,SAMUS,False,3,3,0,False,1816
4150,2025-09-11 04:52:58.659000,255,KING K. ROOL,False,1,3,0,False,1816
4151,2025-09-11 04:52:58.827000,88,IKE,False,4,3,0,False,1816
4152,2025-09-11 04:52:58.981000,50,HERO,False,2,3,0,False,1816
4153,2025-09-11 04:58:59.087000,255,KING K. ROOL,False,1,3,0,True,1817
4154,2025-09-11 04:58:59.323000,50,YOSHI,False,4,3,1,True,1817
4155,2025-09-11 04:58:59.542000,22,CAPTAIN FALCON,False,4,2,0,True,1817
4156,2025-09-11 04:58:59.734000,88,IKE,False,1,3,0,False,1817
4157,2025-09-11 04:58:59.883000,23,SAMUS,False,0,3,0,False,1817
4158,2025-09-11 05:04:36.324000,255,KING K. ROOL,False,0,3,0,False,1818
4159,2025-09-11 05:04:36.503000,50,YOSHI,False,5,2,0,True,1818
4160,2025-09-11 05:04:36.692000,22,CAPTAIN FALCON,False,2,3,0,False,1818
4161,2025-09-11 05:04:36.857000,88,IKE,False,3,3,0,False,1818
4162,2025-09-11 05:04:37.014000,23,SAMUS,False,3,3,0,False,1818
4163,2025-09-11 05:09:38.795000,255,KING K. ROOL,False,2,3,0,False,1819
4164,2025-09-11 05:09:38.969000,50,YOSHI,False,2,3,0,False,1819
4165,2025-09-11 05:09:39.112000,22,CAPTAIN FALCON,False,1,3,0,False,1819
4166,2025-09-11 05:09:39.248000,88,IKE,False,2,2,0,True,1819
4167,2025-09-11 05:09:39.388000,23,SAMUS,False,2,2,0,True,1819
4168,2025-09-11 05:09:39.520000,3849,SORA,False,4,1,0,True,1819
4169,2025-09-11 05:15:16.218000,255,KING K. ROOL,False,2,3,0,False,1820
4170,2025-09-11 05:15:16.391000,50,YOSHI,False,2,4,0,False,1820
4171,2025-09-11 05:15:16.539000,22,CAPTAIN FALCON,False,0,2,1,False,1820
4172,2025-09-11 05:15:16.702000,88,IKE,False,2,2,3,True,1820
4173,2025-09-11 05:15:16.820000,23,SAMUS,False,4,3,1,True,1820
4174,2025-09-11 05:15:16.944000,39,SORA,False,2,3,0,True,1820
4175,2025-09-11 05:19:51.217000,255,KING K. ROOL,False,1,3,0,False,1821
4176,2025-09-11 05:19:51.357000,50,YOSHI,False,1,3,0,False,1821
4177,2025-09-11 05:19:51.473000,22,CAPTAIN FALCON,False,3,3,0,False,1821
4178,2025-09-11 05:19:51.604000,88,IKE,False,3,1,0,True,1821
4179,2025-09-11 05:19:51.704000,23,SAMUS,False,2,1,0,True,1821
4180,2025-09-11 05:19:51.808000,39,SORA,False,2,2,0,True,1821
4181,2025-09-11 05:26:27.235000,255,KING K. ROOL,False,3,3,0,True,1822
4182,2025-09-11 05:26:27.416000,50,YOSHI,False,3,3,0,True,1822
4183,2025-09-11 05:26:27.561000,22,ENDERMAN,False,4,2,0,True,1822
4184,2025-09-11 05:26:27.689000,88,IKE,False,6,3,1,False,1822
4185,2025-09-11 05:26:27.832000,23,SAMUS,False,3,3,1,False,1822
4186,2025-09-11 05:26:27.971000,39,SORA,False,3,3,0,False,1822
4187,2025-09-11 05:33:16.752000,255,KING K. ROOL,False,0,2,0,True,1823
4188,2025-09-11 05:33:16.926000,50,YOSHI,False,1,3,0,True,1823
4189,2025-09-11 05:33:17.120000,22,ENDERMAN,False,4,3,0,True,1823
4190,2025-09-11 05:33:17.280000,88,IKE,False,1,3,1,False,1823
4191,2025-09-11 05:33:17.416000,23,SAMUS,False,2,3,3,False,1823
4192,2025-09-11 05:33:17.542000,39,SORA,False,2,2,0,False,1823
4193,2025-09-11 05:39:18.902000,255,KING K. ROOL,False,3,3,0,False,1824
6821,2025-11-06 05:21:13.792000,21,MR. GAME & WATCH,False,2,2,0,True,2909
4195,2025-09-11 05:39:19.157000,22,CAPTAIN FALCON,False,1,3,0,False,1824
4196,2025-09-11 05:39:19.281000,88,PALUTENA,False,6,2,0,True,1824
4197,2025-09-11 05:43:41.363000,255,KING K. ROOL,False,2,3,0,True,1825
4198,2025-09-11 05:43:41.525000,39,DONKEY KONG,False,4,2,0,True,1825
4199,2025-09-11 05:43:41.661000,22,CAPTAIN FALCON,False,0,3,0,False,1825
4200,2025-09-11 05:43:41.771000,88,PALUTENA,False,5,3,0,False,1825
4201,2025-09-11 05:47:35.330000,255,KING K. ROOL,False,3,2,0,True,1826
4202,2025-09-11 05:47:35.477000,39,DONKEY KONG,False,2,1,0,True,1826
4203,2025-09-11 05:47:35.648000,22,CAPTAIN FALCON,False,2,3,0,False,1826
4204,2025-09-11 05:47:35.770000,88,PALUTENA,False,2,3,1,False,1826
4205,2025-09-11 05:51:26.660000,255,KING K. ROOL,False,2,2,2,True,1827
6822,2025-11-06 05:21:13.887000,39,DONKEY KONG,False,4,3,1,False,2909
4207,2025-09-11 05:51:26.885000,22,CAPTAIN FALCON,False,1,3,0,False,1827
4208,2025-09-11 05:51:26.994000,88,PALUTENA,False,0,3,0,False,1827
6823,2025-11-06 05:21:14.003000,5793,CAPTAIN FALCON,False,1,3,0,True,2909
6860,2025-11-12 01:54:40.611000,104,ZELDA,False,2,3,0,True,2928
6861,2025-11-12 01:54:40.776000,39,SORA,False,1,3,0,False,2928
9578,2026-01-20 19:33:00.512000,21,GANONDORF,False,3,2,0,True,4114
9579,2026-01-20 19:33:00.512000,8659,CAPTAIN FALCON,False,2,3,0,False,4114
4214,2025-09-11 06:44:07.262000,88,IKE,False,1,3,0,False,1829
4216,2025-09-11 06:44:07.695000,22,CAPTAIN FALCON,False,1,1,0,True,1829
4217,2025-09-11 06:52:43.263000,88,LINK,False,1,3,0,False,1830
4218,2025-09-11 06:52:43.477000,39,DONKEY KONG,False,3,1,1,True,1830
4219,2025-09-11 07:00:07.768000,21,DONKEY KONG,False,3,2,0,True,1831
4220,2025-09-11 07:00:07.952000,88,IKE,False,2,3,0,False,1831
4221,2025-09-11 07:04:16.382000,88,IKE,False,2,3,0,False,1832
4222,2025-09-11 07:04:16.556000,21,INCINEROAR,False,3,2,0,True,1832
4223,2025-09-11 07:08:45.096000,21,INCINEROAR,False,3,1,0,True,1833
4224,2025-09-11 07:08:45.215000,22,CAPTAIN FALCON,False,1,3,0,False,1833
4225,2025-09-11 07:11:53.214000,21,INCINEROAR,False,3,1,0,True,1834
4226,2025-09-11 07:11:53.340000,22,CAPTAIN FALCON,False,1,3,0,False,1834
4227,2025-09-11 07:19:33.360000,21,INCINEROAR,False,2,2,0,True,1835
4228,2025-09-11 07:19:33.521000,22,CAPTAIN FALCON,False,2,3,0,False,1835
4229,2025-09-13 00:58:34.065000,21,INCINEROAR,False,3,0,0,True,1836
4230,2025-09-13 00:58:34.373000,77,JOKER,False,0,3,0,False,1836
4231,2025-09-13 01:02:38.890000,21,INCINEROAR,False,3,2,0,True,1837
4232,2025-09-13 01:02:39.026000,77,JOKER,False,2,3,0,False,1837
4233,2025-09-13 01:06:03.265000,21,INCINEROAR,False,3,1,0,True,1838
4234,2025-09-13 01:06:03.402000,77,JOKER,False,1,3,0,False,1838
4235,2025-09-13 01:09:42.851000,21,INCINEROAR,False,3,0,0,True,1839
4236,2025-09-13 01:09:42.989000,77,JOKER,False,0,3,0,False,1839
4237,2025-09-13 01:13:40.484000,21,INCINEROAR,False,2,1,0,True,1840
4238,2025-09-13 01:13:40.622000,77,SONIC,False,1,3,0,False,1840
4239,2025-09-13 01:16:08.312000,21,INCINEROAR,False,3,0,0,True,1841
4240,2025-09-13 01:16:08.498000,77,JOKER,False,0,3,0,False,1841
4241,2025-09-13 01:23:56.179000,21,MR. GAME & WATCH,False,2,3,1,False,1842
4242,2025-09-13 01:23:56.370000,4053,CLOUD,False,2,3,0,False,1842
4243,2025-09-13 01:23:56.535000,3849,PIRANHA PLANT,False,1,2,0,True,1842
4244,2025-09-13 01:23:56.649000,38,CAPTAIN FALCON,False,2,2,0,True,1842
4245,2025-09-13 01:27:24.285000,21,ZELDA,False,2,3,0,False,1843
4246,2025-09-13 01:27:24.452000,4053,CORRIN,False,0,2,1,False,1843
4247,2025-09-13 01:27:24.580000,3849,PIRANHA PLANT,False,0,1,0,True,1843
4248,2025-09-13 01:27:24.727000,38,GANONDORF,False,3,1,1,True,1843
4569,2025-09-15 01:10:14.813000,22,CAPTAIN FALCON,False,2,4,1,False,1965
4250,2025-09-13 01:30:39.432000,38,JOKER,False,3,1,0,True,1844
4251,2025-09-13 01:35:12.100000,21,MR. GAME & WATCH,False,3,2,0,True,1845
4570,2025-09-15 01:10:14.999000,50,YOSHI,False,3,2,1,False,1965
4253,2025-09-13 01:41:58.223000,21,MR. GAME & WATCH,False,2,3,0,False,1846
4254,2025-09-13 01:41:58.353000,38,JOKER,False,3,2,0,True,1846
4255,2025-09-13 01:55:32.451000,21,MR. GAME & WATCH,False,2,2,0,True,1847
4257,2025-09-13 02:03:01.130000,21,MR. GAME & WATCH,False,2,2,0,True,1848
4258,2025-09-13 02:03:01.278000,39,DONKEY KONG,False,2,2,1,False,1848
4259,2025-09-13 02:08:33.873000,21,MR. GAME & WATCH,False,2,3,0,False,1849
4260,2025-09-13 02:08:34.036000,39,SORA,False,3,2,0,True,1849
4261,2025-09-13 02:12:12.020000,21,MR. GAME & WATCH,False,2,1,0,True,1850
4262,2025-09-13 02:12:12.173000,39,SORA,False,1,2,0,False,1850
4263,2025-09-13 02:16:39.512000,21,MR. GAME & WATCH,False,3,2,0,True,1851
4264,2025-09-13 02:16:39.682000,39,SORA,False,2,3,0,False,1851
4265,2025-09-13 02:21:47.919000,21,MR. GAME & WATCH,False,2,3,0,False,1852
4266,2025-09-13 02:21:48.057000,39,DONKEY KONG,False,3,2,0,True,1852
4256,2025-09-13 01:55:32.609000,39,DONKEY KONG,False,0,0,0,False,1847
4249,2025-09-13 01:30:39.319000,4053,CLOUD,False,1,3,0,False,1844
4252,2025-09-13 01:35:12.215000,4053,CLOUD,False,2,3,0,False,1845
4267,2025-09-13 21:38:15.088000,50,YOSHI,False,3,1,0,True,1853
4268,2025-09-13 21:38:15.346000,54,DONKEY KONG,False,1,3,0,False,1853
4215,2025-09-11 06:44:07.508000,39,DONKEY KONG,False,0,0,0,False,1829
4272,2025-09-13 21:49:37.928000,54,MR. GAME & WATCH,False,2,2,0,False,1855
4273,2025-09-13 21:54:20.603000,21,MR. GAME & WATCH,False,3,2,0,True,1856
4274,2025-09-13 21:54:20.821000,54,MR. GAME & WATCH,False,2,3,0,False,1856
4275,2025-09-13 21:57:11.348000,21,MR. GAME & WATCH,False,2,2,0,True,1857
4276,2025-09-13 21:57:11.541000,50,YOSHI,False,2,3,0,False,1857
4271,2025-09-13 21:49:37.762000,21,MR. GAME & WATCH,False,3,2,0,True,1855
4277,2025-09-13 22:01:59.298000,21,MR. GAME & WATCH,False,3,2,0,True,1858
4278,2025-09-13 22:01:59.447000,50,YOSHI,False,2,3,0,False,1858
4279,2025-09-13 22:05:38.889000,21,INCINEROAR,False,3,2,0,True,1859
4280,2025-09-13 22:05:39.061000,54,MR. GAME & WATCH,False,2,3,0,False,1859
4571,2025-09-15 01:10:15.144000,61,FALCO,False,0,3,0,True,1965
4282,2025-09-13 22:08:24.076000,21,INCINEROAR,False,1,3,0,False,1860
4283,2025-09-13 22:14:03.539000,21,MR. GAME & WATCH,False,2,2,0,False,1861
4284,2025-09-13 22:14:03.723000,22,ENDERMAN,False,4,2,0,True,1861
4285,2025-09-13 22:14:03.872000,54,INCINEROAR,False,2,2,0,False,1861
4286,2025-09-13 22:14:04.015000,50,YOSHI,False,2,2,0,True,1861
4287,2025-09-13 22:18:24.193000,21,INCINEROAR,False,3,1,0,True,1862
4288,2025-09-13 22:18:24.344000,22,CAPTAIN FALCON,False,0,3,0,False,1862
4289,2025-09-13 22:18:24.451000,54,ENDERMAN,False,3,1,0,True,1862
4290,2025-09-13 22:18:24.557000,50,YOSHI,False,0,2,0,False,1862
4291,2025-09-13 22:26:33.508000,21,ZELDA,False,3,2,1,True,1863
4292,2025-09-13 22:26:33.691000,22,ENDERMAN,False,1,2,0,False,1863
4293,2025-09-13 22:26:33.842000,54,JOKER,False,2,1,1,True,1863
4294,2025-09-13 22:26:33.984000,50,YOSHI,False,0,4,0,False,1863
4295,2025-09-13 22:32:25.309000,21,KING K. ROOL,False,3,4,1,False,1864
4296,2025-09-13 22:32:25.464000,22,CAPTAIN FALCON,False,0,3,0,False,1864
4297,2025-09-13 22:32:25.601000,54,JOKER,False,3,1,0,True,1864
4298,2025-09-13 22:32:25.748000,50,YOSHI,False,0,0,0,True,1864
4299,2025-09-13 22:32:25.995000,61,FALCO,False,2,1,0,True,1864
4300,2025-09-13 22:32:26.110000,23,SAMUS,False,0,2,1,False,1864
4301,2025-09-13 22:37:12.310000,21,MR. GAME & WATCH,False,2,3,0,False,1865
4302,2025-09-13 22:37:12.438000,22,CAPTAIN FALCON,False,0,2,1,False,1865
4303,2025-09-13 22:37:12.603000,54,KING K. ROOL,False,5,3,2,True,1865
4304,2025-09-13 22:37:12.774000,50,YOSHI,False,2,1,1,True,1865
4305,2025-09-13 22:37:12.983000,61,FALCO,False,0,1,0,True,1865
4306,2025-09-13 22:37:13.132000,38,JOKER,False,2,3,0,False,1865
4307,2025-09-13 22:41:18.922000,21,MR. GAME & WATCH,False,3,1,2,True,1866
4308,2025-09-13 22:41:19.060000,22,CAPTAIN FALCON,False,0,2,0,True,1866
4309,2025-09-13 22:41:19.186000,54,INCINEROAR,False,1,4,1,False,1866
4310,2025-09-13 22:41:19.338000,50,YOSHI,False,1,2,1,False,1866
4311,2025-09-13 22:41:19.460000,61,NESS,False,0,0,0,False,1866
4312,2025-09-13 22:41:19.575000,38,JOKER,False,5,3,1,False,1866
4313,2025-09-13 22:47:12.145000,22,ZOMBIE,False,3,3,1,False,1867
4314,2025-09-13 22:47:12.333000,50,YOSHI,False,1,1,0,True,1867
4315,2025-09-13 22:47:12.497000,61,CLOUD,False,1,1,0,True,1867
4316,2025-09-13 22:47:12.623000,38,JOKER,False,3,3,1,True,1867
4317,2025-09-13 22:51:55.310000,21,JOKER,False,4,2,1,True,1868
4318,2025-09-13 22:51:55.466000,22,ENDERMAN,False,1,1,1,True,1868
4319,2025-09-13 22:51:55.652000,54,JOKER,False,2,4,0,False,1868
4320,2025-09-13 22:51:55.811000,50,YOSHI,False,0,3,1,False,1868
4321,2025-09-13 22:51:56.009000,61,FALCO,False,0,2,0,False,1868
4322,2025-09-13 22:51:56.180000,38,JOKER,False,3,3,0,True,1868
4323,2025-09-13 22:57:42.578000,21,ZELDA,False,8,2,1,True,1869
4324,2025-09-13 22:57:42.710000,22,CAPTAIN FALCON,False,1,3,0,True,1869
4325,2025-09-13 22:57:42.832000,54,JOKER,False,1,3,0,False,1869
4326,2025-09-13 22:57:42.959000,50,YOSHI,False,2,3,0,False,1869
4327,2025-09-13 22:57:43.070000,61,FALCO,False,0,3,0,False,1869
4328,2025-09-13 22:57:43.195000,38,JOKER,False,0,2,1,True,1869
4329,2025-09-13 23:07:54.893000,21,MR. GAME & WATCH,False,2,3,0,False,1870
4330,2025-09-13 23:07:55.135000,38,JOKER,False,3,2,0,True,1870
4331,2025-09-13 23:11:50.716000,21,MR. GAME & WATCH,False,2,3,0,False,1871
4332,2025-09-13 23:11:50.812000,38,JOKER,False,3,2,0,True,1871
4333,2025-09-13 23:15:36.919000,21,MR. GAME & WATCH,False,0,0,0,False,1872
4334,2025-09-13 23:15:37.093000,38,JOKER,False,0,0,0,True,1872
4335,2025-09-13 23:18:42.172000,38,JOKER,False,3,0,0,True,1873
4572,2025-09-15 01:10:15.280000,54,STEVE,False,6,2,0,True,1965
4337,2025-09-13 23:23:01.234000,21,ZELDA,False,0,3,0,False,1874
4338,2025-09-13 23:23:01.372000,38,JOKER,False,3,1,0,True,1874
4339,2025-09-13 23:27:24.431000,21,ZELDA,False,3,2,0,True,1875
4340,2025-09-13 23:27:24.563000,38,PIRANHA PLANT,False,2,3,0,False,1875
4341,2025-09-13 23:34:22.389000,21,MR. GAME & WATCH,False,4,4,0,False,1876
4342,2025-09-13 23:34:22.574000,38,RIDLEY,False,3,2,0,True,1876
4343,2025-09-13 23:38:09.149000,21,MR. GAME & WATCH,False,2,3,0,False,1877
4344,2025-09-13 23:38:09.253000,38,RIDLEY,False,3,2,0,True,1877
4345,2025-09-13 23:40:53.087000,21,MR. GAME & WATCH,False,3,0,0,True,1878
4346,2025-09-13 23:40:53.247000,38,RIDLEY,False,0,3,0,False,1878
4347,2025-09-13 23:44:52.184000,21,MR. GAME & WATCH,False,3,2,0,True,1879
4348,2025-09-13 23:44:52.307000,38,BOWSER,False,0,3,0,False,1879
4349,2025-09-13 23:47:16.147000,21,MR. GAME & WATCH,False,1,3,0,False,1880
4350,2025-09-13 23:47:16.324000,38,BOWSER,False,3,1,0,True,1880
4351,2025-09-13 23:50:30.498000,21,MR. GAME & WATCH,False,1,3,0,False,1881
4352,2025-09-13 23:50:30.674000,38,BOWSER,False,3,1,0,True,1881
4353,2025-09-13 23:52:35.408000,21,MR. GAME & WATCH,False,0,3,0,False,1882
4354,2025-09-13 23:52:35.528000,38,BOWSER,False,3,1,0,True,1882
4355,2025-09-13 23:55:51.962000,21,MR. GAME & WATCH,False,1,2,0,False,1883
4356,2025-09-13 23:55:52.085000,38,GANONDORF,False,2,1,0,True,1883
4357,2025-09-13 23:58:25.036000,21,MR. GAME & WATCH,False,2,3,0,False,1884
4358,2025-09-13 23:58:25.160000,38,GANONDORF,False,3,1,0,True,1884
4359,2025-09-14 00:01:14.204000,21,MR. GAME & WATCH,False,3,0,0,True,1885
4360,2025-09-14 00:01:14.317000,38,GANONDORF,False,0,3,0,False,1885
4362,2025-09-14 00:05:25.364000,38,MARTH,False,3,1,0,True,1886
4363,2025-09-14 00:09:02.956000,39,DONKEY KONG,False,3,2,0,True,1887
4364,2025-09-14 00:09:03.067000,38,JOKER,False,2,3,0,False,1887
4365,2025-09-14 00:12:11.344000,21,MR. GAME & WATCH,False,3,1,0,True,1888
4366,2025-09-14 00:12:11.499000,39,DONKEY KONG,False,0,3,0,False,1888
4336,2025-09-13 23:18:42.299000,21,ZELDA,False,0,0,0,False,1873
4361,2025-09-14 00:05:25.157000,21,MR. GAME & WATCH,False,0,3,0,False,1886
4367,2025-09-14 00:17:17.497000,21,MR. GAME & WATCH,False,0,3,0,False,1889
4368,2025-09-14 00:17:17.607000,38,SEPHIROTH,False,0,0,0,True,1889
4369,2025-09-14 00:19:37.528000,21,ZELDA,False,1,3,0,False,1890
4370,2025-09-14 00:19:37.634000,38,SEPHIROTH,False,3,1,0,True,1890
4371,2025-09-14 00:26:01.628000,39,SORA,False,2,2,2,True,1891
4372,2025-09-14 00:26:01.828000,22,CAPTAIN FALCON,False,4,3,0,True,1891
4373,2025-09-14 00:26:02.027000,38,PICHU,False,3,4,0,False,1891
4374,2025-09-14 00:26:02.168000,23,SAMUS,False,0,2,0,False,1891
4375,2025-09-14 00:30:06.856000,39,DONKEY KONG,False,2,3,0,False,1892
4376,2025-09-14 00:30:07.226000,22,CAPTAIN FALCON,False,2,2,0,False,1892
4377,2025-09-14 00:30:07.474000,38,LUIGI,False,4,2,0,True,1892
4378,2025-09-14 00:30:07.681000,23,SAMUS,False,1,2,0,False,1892
4379,2025-09-14 00:30:07.882000,21,MR. GAME & WATCH,False,2,2,0,True,1892
4380,2025-09-14 00:34:17.795000,39,SORA,False,1,3,0,False,1893
4381,2025-09-14 00:34:17.911000,22,CAPTAIN FALCON,False,1,4,0,False,1893
4382,2025-09-14 00:34:18.043000,38,LUIGI,False,6,2,0,True,1893
4383,2025-09-14 00:34:18.160000,23,SAMUS,False,3,1,0,False,1893
4384,2025-09-14 00:34:18.338000,21,ZELDA,False,3,1,0,True,1893
4385,2025-09-14 00:38:07.534000,39,DONKEY KONG,False,2,2,1,False,1894
4386,2025-09-14 00:38:07.628000,22,CAPTAIN FALCON,False,2,5,0,False,1894
4387,2025-09-14 00:38:07.728000,38,BOWSER,False,1,3,0,True,1894
4388,2025-09-14 00:38:07.822000,23,SAMUS,False,0,2,1,False,1894
4389,2025-09-14 00:38:07.945000,21,MR. GAME & WATCH,False,6,1,0,True,1894
4390,2025-09-14 00:43:15.412000,39,SORA,False,0,2,0,False,1895
4391,2025-09-14 00:43:15.586000,22,ENDERMAN,False,2,2,0,True,1895
4392,2025-09-14 00:43:15.826000,38,JOKER,False,4,1,0,True,1895
4393,2025-09-14 00:43:15.991000,23,SAMUS,False,1,3,2,False,1895
4394,2025-09-14 00:43:16.114000,21,MR. GAME & WATCH,False,0,2,0,False,1895
4395,2025-09-14 01:54:31.537000,50,YOSHI,False,1,4,0,False,1896
4396,2025-09-14 01:54:31.757000,22,CAPTAIN FALCON,False,2,2,0,False,1896
4397,2025-09-14 01:54:31.938000,255,KING K. ROOL,False,2,2,1,True,1896
4398,2025-09-14 01:54:32.106000,21,MR. GAME & WATCH,False,4,2,0,True,1896
4399,2025-09-14 01:58:03.678000,50,YOSHI,False,2,2,1,True,1897
4400,2025-09-14 01:58:03.870000,22,CAPTAIN FALCON,False,3,2,2,True,1897
4401,2025-09-14 01:58:04.079000,255,KING K. ROOL,False,1,3,0,False,1897
4402,2025-09-14 01:58:04.245000,21,KING K. ROOL,False,2,3,0,False,1897
4403,2025-09-14 03:17:04.410000,22,CAPTAIN FALCON,False,3,2,0,True,1898
4404,2025-09-14 03:17:04.653000,255,KING K. ROOL,False,2,3,0,False,1898
4405,2025-09-14 03:20:53.043000,22,CAPTAIN FALCON,False,3,2,0,True,1899
4406,2025-09-14 03:20:53.254000,255,KING K. ROOL,False,2,3,0,False,1899
4407,2025-09-14 03:23:05.470000,255,KING K. ROOL,False,3,1,0,True,1900
4408,2025-09-14 03:23:05.586000,22,CAPTAIN FALCON,False,1,3,0,False,1900
4409,2025-09-14 03:26:30.812000,22,CAPTAIN FALCON,False,3,2,0,True,1901
4410,2025-09-14 03:26:30.993000,255,KING K. ROOL,False,2,3,0,False,1901
4411,2025-09-14 03:33:25.925000,22,CAPTAIN FALCON,False,2,2,0,True,1902
4412,2025-09-14 03:33:26.151000,255,STEVE,False,2,3,0,False,1902
4413,2025-09-14 03:39:21.142000,255,STEVE,False,3,2,0,True,1903
4414,2025-09-14 03:39:21.240000,22,CAPTAIN FALCON,False,2,3,0,False,1903
4415,2025-09-14 03:43:58.568000,22,CAPTAIN FALCON,False,3,2,0,True,1904
4416,2025-09-14 03:43:58.682000,255,STEVE,False,2,3,0,False,1904
4417,2025-09-14 03:47:55.670000,22,CAPTAIN FALCON,False,3,1,0,True,1905
4418,2025-09-14 03:47:55.815000,255,STEVE,False,1,3,0,False,1905
4419,2025-09-14 03:50:56.311000,255,STEVE,False,3,0,0,True,1906
4420,2025-09-14 03:50:56.493000,22,LUCAS,False,0,3,0,False,1906
4421,2025-09-14 03:55:04.068000,22,JOKER,False,3,2,0,True,1907
4422,2025-09-14 03:55:04.266000,255,STEVE,False,2,3,0,False,1907
4423,2025-09-14 04:03:05.394000,22,MARIO,False,2,2,0,True,1908
4424,2025-09-14 04:03:05.611000,255,STEVE,False,2,2,0,False,1908
4425,2025-09-14 04:07:22.568000,50,WOLF,False,1,3,0,False,1909
4426,2025-09-14 04:07:22.686000,22,IKE,False,5,2,0,True,1909
4427,2025-09-14 04:07:22.809000,255,STEVE,False,2,3,0,False,1909
4428,2025-09-14 04:17:22.900000,50,DIDDY KONG,False,3,2,0,False,1910
4429,2025-09-14 04:17:23.023000,22,DONKEY KONG,False,2,2,0,True,1910
4430,2025-09-14 04:17:23.178000,255,STEVE,False,2,2,0,False,1910
4431,2025-09-14 04:23:18.503000,50,YOSHI,False,2,2,0,False,1911
4432,2025-09-14 04:23:18.644000,22,ENDERMAN,False,2,2,0,True,1911
4433,2025-09-14 04:28:12.712000,50,YOSHI,False,3,1,0,True,1912
4434,2025-09-14 04:28:12.882000,22,CAPTAIN FALCON,False,0,3,0,False,1912
4435,2025-09-14 04:30:31.985000,50,YOSHI,False,0,3,0,False,1913
4436,2025-09-14 04:30:32.122000,22,ENDERMAN,False,3,0,0,True,1913
4437,2025-09-14 04:34:50.412000,50,YOSHI,False,1,3,0,False,1914
4438,2025-09-14 04:34:50.549000,22,ENDERMAN,False,3,1,0,True,1914
4439,2025-09-14 04:38:23.887000,50,YOSHI,False,3,2,0,True,1915
4440,2025-09-14 04:38:24.066000,22,ENDERMAN,False,2,3,0,False,1915
4441,2025-09-14 04:40:11.846000,50,YOSHI,False,1,3,0,False,1916
4442,2025-09-14 04:40:12.003000,22,ENDERMAN,False,3,1,0,True,1916
4443,2025-09-14 05:15:35.251000,4254,KIRBY,False,3,2,0,True,1917
4444,2025-09-14 05:15:35.490000,4255,KIRBY,False,2,3,0,False,1917
4445,2025-09-14 05:17:54.264000,4254,ICE CLIMBERS,False,3,0,0,True,1918
4446,2025-09-14 05:17:54.498000,4255,STEVE,False,0,3,0,False,1918
4447,2025-09-14 05:20:19.982000,4254,VILLAGER,False,3,1,0,True,1919
4448,2025-09-14 05:20:20.165000,4255,LUCAS,False,1,3,0,False,1919
4449,2025-09-14 05:45:06.834000,4254,KIRBY,False,1,3,0,False,1920
4450,2025-09-14 05:45:07.059000,38,KIRBY,False,5,2,0,True,1920
4451,2025-09-14 05:45:07.269000,4255,KIRBY,False,2,3,0,False,1920
4452,2025-09-14 05:47:26.366000,4254,ROSALINA & LUMA,False,0,3,0,False,1921
4453,2025-09-14 05:47:26.538000,38,GANONDORF,False,3,0,0,True,1921
4454,2025-09-14 05:51:41.995000,4254,MR. GAME & WATCH,False,1,3,0,False,1922
4455,2025-09-14 05:51:42.178000,38,GANONDORF,False,3,1,0,True,1922
4456,2025-09-14 05:53:57.374000,38,DONKEY KONG,False,3,0,0,True,1923
4457,2025-09-14 05:53:57.481000,4254,KIRBY,False,0,3,0,False,1923
4458,2025-09-14 05:57:51.592000,4254,KIRBY,False,1,3,0,False,1924
4459,2025-09-14 05:57:51.778000,21,ZELDA,False,3,1,0,True,1924
4460,2025-09-14 06:01:46.650000,4254,KIRBY,False,2,3,0,False,1925
4461,2025-09-14 06:01:46.829000,21,MR. GAME & WATCH,False,3,2,0,True,1925
4462,2025-09-14 06:05:37.646000,4254,KIRBY,False,2,3,0,False,1926
4463,2025-09-14 06:05:37.782000,21,INCINEROAR,False,3,2,0,True,1926
4464,2025-09-14 06:10:58.740000,4254,KIRBY,False,2,3,0,False,1927
4465,2025-09-14 06:10:58.857000,21,JOKER,False,3,2,0,True,1927
4466,2025-09-14 06:15:27.228000,4254,KIRBY,False,0,0,0,False,1928
4467,2025-09-14 06:15:27.362000,21,JOKER,False,0,0,0,True,1928
4468,2025-09-14 06:18:19.863000,4254,KIRBY,False,0,3,0,False,1929
4469,2025-09-14 06:18:20.001000,21,SNAKE,False,3,0,0,True,1929
4470,2025-09-14 06:21:27.653000,4254,KIRBY,False,2,3,0,False,1930
4471,2025-09-14 06:21:27.794000,21,DONKEY KONG,False,3,2,0,True,1930
4472,2025-09-14 06:23:36.014000,4254,KIRBY,False,0,2,0,False,1931
4473,2025-09-14 06:23:36.126000,21,DONKEY KONG,False,2,0,0,True,1931
4474,2025-09-14 06:25:29.439000,4254,KIRBY,False,0,3,0,False,1932
4475,2025-09-14 06:25:29.564000,21,DONKEY KONG,False,3,0,0,True,1932
4476,2025-09-14 06:28:05.607000,4254,KIRBY,False,0,3,0,False,1933
4477,2025-09-14 06:28:05.724000,21,JOKER,False,3,1,0,True,1933
4478,2025-09-14 06:31:08.147000,4254,KIRBY,False,1,3,0,False,1934
4479,2025-09-14 06:31:08.301000,21,MR. GAME & WATCH,False,3,1,0,True,1934
4480,2025-09-14 06:33:52.586000,4254,VILLAGER,False,1,3,0,False,1935
4481,2025-09-14 06:33:52.690000,21,GANONDORF,False,3,1,0,True,1935
4482,2025-09-14 06:37:25.779000,4254,KIRBY,False,2,3,0,False,1936
4483,2025-09-14 06:37:25.900000,21,GANONDORF,False,3,2,0,True,1936
4484,2025-09-14 07:35:33.238000,23,SAMUS,False,3,1,0,True,1937
4485,2025-09-14 07:35:33.501000,4255,KIRBY,False,1,3,0,False,1937
4486,2025-09-14 07:38:41.530000,23,YOSHI,False,3,2,0,True,1938
4487,2025-09-14 07:38:41.751000,4255,KIRBY,False,2,3,0,False,1938
4488,2025-09-14 07:41:03.089000,23,SAMUS,False,3,1,0,True,1939
4489,2025-09-14 07:41:03.228000,4255,KIRBY,False,1,3,0,False,1939
4490,2025-09-14 07:43:34.134000,23,SAMUS,False,3,0,0,True,1940
4491,2025-09-14 07:43:34.309000,4255,LUCAS,False,0,3,0,False,1940
4492,2025-09-14 07:46:48.453000,23,SAMUS,False,3,0,0,True,1941
4493,2025-09-14 07:46:48.596000,4255,KIRBY,False,0,3,0,False,1941
4494,2025-09-14 07:49:45.345000,23,KING K. ROOL,False,3,1,0,True,1942
4495,2025-09-14 07:49:45.461000,4255,KIRBY,False,1,3,0,False,1942
4496,2025-09-14 07:54:21.372000,23,SAMUS,False,2,3,0,False,1943
4497,2025-09-14 07:54:21.519000,4254,KIRBY,False,3,2,0,True,1943
4498,2025-09-14 07:54:21.653000,4255,STEVE,False,1,3,0,False,1943
4499,2025-09-14 07:58:59.231000,23,SAMUS,False,2,1,0,True,1944
4500,2025-09-14 07:58:59.380000,4255,KIRBY,False,2,2,0,False,1944
4501,2025-09-14 07:58:59.490000,4254,KIRBY,False,2,3,0,False,1944
4502,2025-09-14 08:04:42.765000,23,SAMUS,False,6,1,0,True,1945
4503,2025-09-14 08:04:42.951000,4255,MII GUNNER,False,1,3,0,False,1945
4504,2025-09-14 08:04:43.082000,4254,MR. GAME & WATCH,False,0,3,0,False,1945
4505,2025-09-14 08:10:23.014000,23,SAMUS,False,6,2,0,True,1946
4506,2025-09-14 08:10:23.159000,4255,MII GUNNER,False,1,3,0,False,1946
4507,2025-09-14 08:10:23.318000,4254,KIRBY,False,1,3,0,False,1946
4508,2025-09-14 08:16:51.912000,4254,KIRBY,False,2,2,0,True,1947
4509,2025-09-14 08:16:52.056000,3005,GRENINJA,False,2,3,0,False,1947
4510,2025-09-14 08:28:30.433000,4254,KIRBY,False,0,0,0,True,1948
4511,2025-09-14 08:28:30.626000,3005,GRENINJA,False,0,0,0,False,1948
4269,2025-09-13 21:42:59.591000,21,MR. GAME & WATCH,False,1,2,0,True,1854
4281,2025-09-13 22:08:23.966000,54,MR. GAME & WATCH,False,3,1,0,True,1860
4270,2025-09-13 21:42:59.763000,54,MR. GAME & WATCH,False,2,3,0,False,1854
4512,2025-09-14 23:30:43.345000,39,SORA,False,1,3,0,False,1949
4513,2025-09-14 23:30:43.602000,4254,KIRBY,False,3,1,0,True,1949
4514,2025-09-14 23:34:09.652000,39,DONKEY KONG,False,3,2,0,True,1950
4515,2025-09-14 23:34:09.775000,4254,KIRBY,False,2,3,0,False,1950
4516,2025-09-14 23:36:33.975000,39,DONKEY KONG,False,3,1,0,True,1951
4517,2025-09-14 23:36:34.176000,4254,KIRBY,False,1,3,0,False,1951
4518,2025-09-14 23:39:55.924000,39,SORA,False,3,2,0,True,1952
4519,2025-09-14 23:39:56.068000,4254,KIRBY,False,2,3,0,False,1952
4520,2025-09-14 23:43:23.268000,39,SORA,False,2,2,1,False,1953
4521,2025-09-14 23:43:23.382000,4255,KIRBY,False,2,2,0,True,1953
4522,2025-09-14 23:47:28.592000,39,SORA,False,3,1,0,True,1954
4523,2025-09-14 23:47:28.730000,4255,KIRBY,False,1,3,0,False,1954
6824,2025-11-07 04:16:03.935000,21,INCINEROAR,False,3,2,0,True,2910
9580,2026-01-20 19:36:36.436000,21,GANONDORF,False,2,3,0,False,4115
6862,2025-11-12 01:57:38.114000,104,ZELDA,False,3,2,0,True,2929
6863,2025-11-12 01:57:38.217000,39,DONKEY KONG,False,2,3,0,False,2929
4528,2025-09-15 00:24:16.535000,22,CAPTAIN FALCON,False,1,3,0,False,1956
4529,2025-09-15 00:24:16.747000,50,YOSHI,False,3,3,0,False,1956
4530,2025-09-15 00:24:16.940000,61,FALCO,False,4,2,0,True,1956
4531,2025-09-15 00:24:17.122000,54,JOKER,False,1,2,0,True,1956
4532,2025-09-15 00:29:57.888000,22,CAPTAIN FALCON,False,0,3,0,False,1957
4533,2025-09-15 00:29:58.068000,50,YOSHI,False,0,0,0,False,1957
4534,2025-09-15 00:29:58.294000,61,FALCO,False,0,0,0,True,1957
4535,2025-09-15 00:29:58.458000,54,JOKER,False,0,0,0,True,1957
4573,2025-09-15 01:10:15.450000,3005,GRENINJA,False,0,2,1,False,1965
4582,2025-09-16 06:20:09.255000,39,DONKEY KONG,False,2,3,0,False,1969
4583,2025-09-16 06:20:09.420000,22,ENDERMAN,False,3,2,0,True,1969
4585,2025-09-17 00:57:31.744000,61,FALCO,False,2,3,0,False,1970
4586,2025-09-17 01:01:40.081000,88,YOSHI,False,2,3,0,False,1971
4587,2025-09-17 01:01:40.349000,61,CLOUD,False,3,2,0,True,1971
4588,2025-09-17 01:04:40.702000,88,YOSHI,False,3,1,0,True,1972
4589,2025-09-17 01:04:40.858000,61,FALCO,False,1,3,0,False,1972
4590,2025-09-17 01:09:11.634000,88,YOSHI,False,0,0,0,False,1973
4591,2025-09-17 01:09:11.814000,61,LUCINA,False,0,0,0,True,1973
4592,2025-09-17 01:14:55.773000,88,LINK,False,3,1,0,True,1974
4593,2025-09-17 01:14:55.888000,61,FALCO,False,1,3,0,False,1974
4594,2025-09-17 01:18:23.524000,88,LINK,False,2,3,0,False,1975
4595,2025-09-17 01:18:23.692000,61,FALCO,False,3,2,0,True,1975
4596,2025-09-17 01:21:39.221000,88,LINK,False,3,2,0,True,1976
4597,2025-09-17 01:21:39.393000,61,FALCO,False,2,3,0,False,1976
4598,2025-09-17 01:42:34.228000,50,YOSHI,False,2,3,0,False,1977
4599,2025-09-17 01:42:34.391000,39,DONKEY KONG,False,3,2,0,True,1977
4600,2025-09-17 01:45:50.310000,50,YOSHI,False,2,1,0,True,1978
4601,2025-09-17 01:45:50.573000,39,DONKEY KONG,False,1,3,0,False,1978
4602,2025-09-17 04:48:42.990000,255,STEVE,False,0,2,0,False,1979
4603,2025-09-17 04:48:43.203000,23,SAMUS,False,2,1,0,True,1979
4604,2025-09-17 04:53:09.524000,255,STEVE,False,1,3,0,False,1980
4605,2025-09-17 04:53:09.748000,23,SAMUS,False,3,1,0,True,1980
4606,2025-09-17 04:57:01.634000,255,KING K. ROOL,False,3,3,0,True,1981
4607,2025-09-17 04:57:01.789000,23,SAMUS,False,1,3,0,False,1981
4608,2025-09-17 05:01:04.063000,255,KING K. ROOL,False,3,2,0,True,1982
6826,2025-11-07 04:18:57.882000,21,INCINEROAR,False,2,3,0,False,2911
4610,2025-09-17 05:04:01.067000,255,KING K. ROOL,False,1,3,0,False,1983
6827,2025-11-07 04:18:58.002000,104,ZELDA,False,3,2,0,True,2911
4612,2025-09-17 05:08:38.696000,255,KING K. ROOL,False,2,3,0,False,1984
6864,2025-11-12 02:00:08.787000,104,SAMUS,False,3,0,0,True,2930
6865,2025-11-12 02:00:08.999000,39,DONKEY KONG,False,1,3,0,False,2930
4615,2025-09-18 01:22:16.054000,21,MR. GAME & WATCH,False,3,2,0,True,1985
4616,2025-09-18 01:26:05.931000,21,MR. GAME & WATCH,False,3,2,0,True,1986
6888,2025-11-12 22:46:21.607000,104,KING DEDEDE,False,2,3,0,False,2942
6889,2025-11-12 22:46:21.738000,38,GANONDORF,False,3,2,0,True,2942
4619,2025-09-18 01:29:32.277000,21,MR. GAME & WATCH,False,3,1,0,True,1987
6902,2025-11-12 23:17:32.662000,21,INCINEROAR,False,3,1,0,True,2949
4621,2025-09-18 01:32:53.339000,21,ZELDA,False,3,1,0,True,1988
9581,2026-01-20 19:36:36.436000,54,DONKEY KONG,False,3,2,0,True,4115
4623,2025-09-18 01:50:28.226000,21,INCINEROAR,False,3,1,0,True,1989
6910,2025-11-12 23:32:24.296000,21,INCINEROAR,False,2,2,0,False,2953
4625,2025-09-18 01:53:42.276000,21,INCINEROAR,False,3,2,0,True,1990
4627,2025-09-18 01:57:40.720000,21,DONKEY KONG,False,3,2,0,True,1991
4628,2025-09-18 05:19:52.598000,22,CAPTAIN FALCON,False,3,1,0,True,1992
4629,2025-09-18 05:19:52.843000,23,SAMUS,False,1,3,0,False,1992
4630,2025-09-18 05:22:49.928000,22,CAPTAIN FALCON,False,2,1,0,True,1993
4631,2025-09-18 05:22:50.117000,23,SAMUS,False,1,2,1,False,1993
4632,2025-09-18 05:27:19.457000,22,CAPTAIN FALCON,False,3,2,0,True,1994
4633,2025-09-18 05:27:19.637000,23,SAMUS,False,2,3,0,False,1994
4634,2025-09-18 05:35:29.838000,22,DONKEY KONG,False,2,3,0,False,1995
4635,2025-09-18 05:35:30.009000,23,SAMUS,False,3,2,0,True,1995
4636,2025-09-18 05:39:26.429000,22,ENDERMAN,False,4,2,0,True,1996
4637,2025-09-18 05:39:26.598000,23,SAMUS,False,1,3,0,False,1996
4638,2025-09-18 05:39:26.796000,3849,PIRANHA PLANT,False,1,3,0,False,1996
4639,2025-09-18 05:44:17.887000,22,CAPTAIN FALCON,False,5,2,0,True,1997
4640,2025-09-18 05:44:18.023000,23,SAMUS,False,2,3,0,False,1997
4641,2025-09-18 05:44:18.224000,3849,PIRANHA PLANT,False,0,0,0,False,1997
4642,2025-09-18 06:29:05.812000,39,DONKEY KONG,False,3,1,0,True,1998
4643,2025-09-18 06:29:06.054000,23,SAMUS,False,1,3,0,False,1998
4644,2025-09-18 06:31:25.584000,39,DONKEY KONG,False,3,1,0,True,1999
4645,2025-09-18 06:31:25.808000,23,SAMUS,False,1,3,0,False,1999
4646,2025-09-18 06:36:44.183000,39,SORA,False,3,2,0,True,2000
4647,2025-09-18 06:36:44.371000,23,SAMUS,False,2,3,0,False,2000
4648,2025-09-18 07:12:45.739000,39,DONKEY KONG,False,2,0,0,True,2001
4649,2025-09-18 07:12:45.932000,23,SAMUS,False,0,3,0,False,2001
4650,2025-09-18 07:16:11.507000,23,SAMUS,False,2,3,0,False,2002
4651,2025-09-18 07:16:11.622000,39,DONKEY KONG,False,3,2,0,True,2002
4652,2025-09-18 07:19:23.470000,23,SAMUS,False,1,3,0,False,2003
4653,2025-09-18 07:19:23.676000,39,DONKEY KONG,False,3,1,0,True,2003
4654,2025-09-18 22:25:57.220000,39,SORA,False,2,3,0,False,2004
4655,2025-09-18 22:25:57.447000,3849,PIRANHA PLANT,False,2,2,0,True,2004
4656,2025-09-18 22:29:03.304000,39,DONKEY KONG,False,3,1,0,True,2005
4657,2025-09-18 22:29:03.484000,3849,PIRANHA PLANT,False,1,3,0,False,2005
4658,2025-09-18 22:31:13.004000,39,DONKEY KONG,False,3,1,0,True,2006
4660,2025-09-18 22:34:28.245000,39,DONKEY KONG,False,3,2,0,True,2007
4661,2025-09-18 22:34:28.410000,3849,PIRANHA PLANT,False,2,3,0,False,2007
4662,2025-09-18 22:39:16.663000,39,DONKEY KONG,False,3,2,0,True,2008
4663,2025-09-18 22:39:16.867000,3849,PIRANHA PLANT,False,2,3,0,False,2008
4664,2025-09-18 23:40:09.968000,22,ZOMBIE,False,3,2,0,True,2009
4665,2025-09-18 23:40:10.230000,50,YOSHI,False,2,3,0,False,2009
4666,2025-09-18 23:46:23.384000,50,YOSHI,False,3,1,0,True,2010
4667,2025-09-18 23:46:23.583000,22,CAPTAIN FALCON,False,2,3,0,False,2010
4668,2025-09-19 00:20:13.054000,50,YOSHI,False,2,1,0,True,2011
4670,2025-09-19 00:26:24.282000,50,YOSHI,False,3,1,0,True,2012
4672,2025-09-19 00:31:36.747000,22,CAPTAIN FALCON,False,2,2,0,False,2013
4673,2025-09-19 00:31:36.946000,4484,PIKACHU,False,2,2,0,True,2013
4674,2025-09-19 00:36:23.199000,4484,CORRIN,False,3,2,0,True,2014
4676,2025-09-19 00:38:44.465000,22,ENDERMAN,False,3,0,0,True,2015
4677,2025-09-19 00:38:44.623000,4484,CORRIN,False,0,3,0,False,2015
4678,2025-09-19 00:45:56.748000,77,JOKER,False,1,3,0,False,2016
4679,2025-09-19 00:45:56.918000,4484,PALUTENA,False,3,1,0,True,2016
4680,2025-09-19 00:51:04.139000,77,JOKER,False,2,3,0,False,2017
4681,2025-09-19 00:51:04.274000,4484,PALUTENA,False,3,2,0,True,2017
4682,2025-09-19 01:06:01.915000,88,YOSHI,False,0,3,0,False,2018
4683,2025-09-19 01:06:02.115000,104,SAMUS,False,3,1,0,True,2018
4684,2025-09-19 01:09:59.678000,88,LUCAS,False,1,1,0,True,2019
4685,2025-09-19 01:09:59.821000,104,KING DEDEDE,False,0,0,0,True,2019
4617,2025-09-18 01:26:06.104000,3849,PIRANHA PLANT,False,0,0,0,False,1986
4659,2025-09-18 22:31:13.195000,3849,PIRANHA PLANT,False,0,0,0,False,2006
4669,2025-09-19 00:20:13.266000,4484,PALUTENA,False,0,0,0,False,2011
4671,2025-09-19 00:26:24.457000,4484,YOUNG LINK,False,0,0,0,False,2012
4675,2025-09-19 00:36:23.374000,22,CAPTAIN FALCON,False,0,0,0,False,2014
4686,2025-09-19 01:09:59.959000,4484,RIDLEY,False,0,3,0,False,2019
4687,2025-09-19 01:10:00.093000,22,ENDERMAN,False,0,3,0,False,2019
4688,2025-09-19 01:12:35.201000,88,IKE,False,1,1,0,True,2020
4689,2025-09-19 01:12:35.330000,104,SAMUS,False,5,0,0,True,2020
4690,2025-09-19 01:12:35.513000,4484,RIDLEY,False,0,3,0,False,2020
4691,2025-09-19 01:12:35.644000,22,CAPTAIN FALCON,False,0,3,0,False,2020
4692,2025-09-19 01:16:25.842000,88,GANONDORF,False,1,2,0,False,2021
4693,2025-09-19 01:16:25.950000,104,GANONDORF,False,2,4,0,False,2021
4694,2025-09-19 01:16:26.063000,4484,PALUTENA,False,4,1,0,True,2021
4695,2025-09-19 01:16:26.185000,22,CAPTAIN FALCON,False,2,2,0,True,2021
4696,2025-09-19 01:19:57.923000,88,GANONDORF,False,0,3,1,False,2022
4697,2025-09-19 01:19:58.062000,104,GANONDORF,False,3,2,0,False,2022
4698,2025-09-19 01:19:58.181000,4484,PALUTENA,False,1,2,0,True,2022
4699,2025-09-19 01:19:58.295000,22,CAPTAIN FALCON,False,3,2,0,True,2022
4700,2025-09-19 01:23:56.647000,88,IKE,False,2,2,0,True,2023
4701,2025-09-19 01:23:56.812000,104,KING DEDEDE,False,4,1,1,True,2023
4702,2025-09-19 01:23:56.930000,4484,PALUTENA,False,0,2,0,False,2023
4703,2025-09-19 01:23:57.072000,22,CAPTAIN FALCON,False,0,2,0,False,2023
4704,2025-09-19 01:35:02.738000,88,YOSHI,False,0,1,0,True,2024
4705,2025-09-19 01:35:02.961000,104,SAMUS,False,6,1,0,True,2024
4706,2025-09-19 01:35:03.140000,4484,CAPTAIN FALCON,False,0,3,0,False,2024
4707,2025-09-19 01:35:03.303000,22,CAPTAIN FALCON,False,0,3,0,False,2024
4708,2025-09-19 01:38:04.138000,88,LUCAS,False,3,1,1,True,2025
4709,2025-09-19 01:38:04.313000,104,SAMUS,False,3,1,0,True,2025
4710,2025-09-19 01:38:04.478000,4484,PALUTENA,False,1,2,0,False,2025
4711,2025-09-19 01:38:04.687000,22,ENDERMAN,False,0,2,0,False,2025
4712,2025-09-19 01:41:25.848000,88,LUCAS,False,5,2,1,True,2026
4713,2025-09-19 01:41:25.980000,104,SAMUS,False,1,1,1,True,2026
4714,2025-09-19 01:41:26.108000,22,ENDERMAN,False,0,0,0,False,2026
4715,2025-09-19 01:45:29.492000,88,LUCAS,False,0,1,0,True,2027
4716,2025-09-19 01:45:29.629000,104,ZELDA,False,4,3,0,True,2027
4717,2025-09-19 01:45:29.759000,4484,WOLF,False,1,3,1,False,2027
4718,2025-09-19 01:45:29.917000,22,BYLETH,False,3,3,1,False,2027
4719,2025-09-19 01:50:55.858000,88,LUCAS,False,0,4,0,False,2028
4720,2025-09-19 01:50:55.973000,4484,WOLF,False,2,1,0,True,2028
4721,2025-09-19 01:50:56.120000,50,YOSHI,False,2,2,0,False,2028
4722,2025-09-19 01:50:56.220000,22,ENDERMAN,False,3,1,0,True,2028
4723,2025-09-19 01:56:12.509000,88,YOSHI,False,3,1,2,True,2029
4724,2025-09-19 01:56:12.691000,4484,WOLF,False,4,2,0,True,2029
4725,2025-09-19 01:56:12.840000,50,YOSHI,False,1,3,0,True,2029
4726,2025-09-19 01:56:12.992000,22,ENDERMAN,False,1,3,0,False,2029
4727,2025-09-19 01:56:13.123000,23,SAMUS,False,0,3,0,False,2029
4728,2025-09-19 01:56:13.267000,39,SORA,False,1,2,1,False,2029
4729,2025-09-19 02:01:43.879000,88,YOSHI,False,5,2,0,True,2030
4730,2025-09-19 02:01:44.044000,4484,WARIO,False,2,2,0,True,2030
4731,2025-09-19 02:01:44.137000,50,YOSHI,False,2,3,1,True,2030
4732,2025-09-19 02:01:44.219000,22,CAPTAIN FALCON,False,2,4,1,False,2030
4733,2025-09-19 02:01:44.325000,23,SAMUS,False,2,2,0,False,2030
4734,2025-09-19 02:01:44.469000,39,SORA,False,5,3,0,False,2030
4735,2025-09-19 02:06:27.202000,88,YOSHI,False,1,1,1,True,2031
4736,2025-09-19 02:06:27.387000,4484,ROY,False,3,1,0,True,2031
4737,2025-09-19 02:06:27.551000,50,YOSHI,False,4,2,0,True,2031
4738,2025-09-19 02:06:27.741000,23,SAMUS,False,1,3,1,False,2031
4739,2025-09-19 02:06:27.912000,39,DONKEY KONG,False,1,3,0,False,2031
6828,2025-11-07 04:24:50.631000,21,INCINEROAR,False,3,1,0,True,2912
4741,2025-09-19 02:10:56.845000,22,CAPTAIN FALCON,False,3,1,0,True,2032
4743,2025-09-19 02:14:57.679000,22,CAPTAIN FALCON,False,0,3,0,False,2033
4744,2025-09-19 02:16:41.666000,22,CAPTAIN FALCON,False,3,0,0,True,2034
4745,2025-09-19 02:16:41.802000,4484,ROY,False,0,2,0,False,2034
4746,2025-09-19 02:22:57.927000,22,CAPTAIN FALCON,False,3,2,0,True,2035
4747,2025-09-19 02:22:58.051000,77,JOKER,False,2,3,0,False,2035
4748,2025-09-19 02:27:34.517000,54,JOKER,False,0,0,0,True,2036
4749,2025-09-19 02:27:34.664000,22,CAPTAIN FALCON,False,0,0,0,False,2036
4750,2025-09-19 02:32:01.647000,21,MR. GAME & WATCH,False,2,3,0,False,2037
4751,2025-09-19 02:32:01.777000,54,JOKER,False,3,2,0,True,2037
4752,2025-09-19 02:35:20.772000,77,JOKER,False,1,3,0,False,2038
4753,2025-09-19 02:35:20.864000,4484,WOLF,False,3,1,0,True,2038
4754,2025-09-19 02:39:16.255000,22,CAPTAIN FALCON,False,1,3,0,False,2039
4755,2025-09-19 02:39:16.358000,4484,WOLF,False,3,1,0,True,2039
4756,2025-09-19 02:43:26.013000,77,JOKER,False,2,3,0,False,2040
4757,2025-09-19 02:43:26.159000,4484,WARIO,False,3,2,0,True,2040
4758,2025-09-19 03:15:55.784000,22,ENDERMAN,False,3,2,0,True,2041
4759,2025-09-19 03:15:55.969000,50,YOSHI,False,2,3,0,False,2041
4760,2025-09-19 03:21:15.890000,3849,PIRANHA PLANT,False,2,2,0,False,2042
4761,2025-09-19 03:21:16.026000,23,SAMUS,False,2,2,0,False,2042
4762,2025-09-19 03:21:16.137000,50,YOSHI,False,3,2,1,True,2042
4763,2025-09-19 03:21:16.264000,22,CAPTAIN FALCON,False,3,2,0,True,2042
4764,2025-09-19 03:25:40.861000,3849,PIRANHA PLANT,False,0,3,1,False,2043
4765,2025-09-19 03:25:41.056000,23,SAMUS,False,3,3,0,False,2043
4766,2025-09-19 03:25:41.192000,50,YOSHI,False,3,2,0,True,2043
4767,2025-09-19 03:25:41.299000,22,CAPTAIN FALCON,False,2,2,1,True,2043
4768,2025-09-19 03:30:01.224000,255,KING K. ROOL,False,1,2,1,False,2044
4769,2025-09-19 03:30:01.383000,23,SAMUS,False,3,4,0,False,2044
4770,2025-09-19 03:30:01.571000,50,YOSHI,False,1,2,0,True,2044
4771,2025-09-19 03:30:01.724000,22,CAPTAIN FALCON,False,4,2,1,True,2044
4772,2025-09-19 03:36:01.423000,255,KING K. ROOL,False,4,3,0,False,2045
4773,2025-09-19 03:36:01.594000,23,SAMUS,False,1,3,0,False,2045
4774,2025-09-19 03:36:01.738000,50,YOSHI,False,3,2,0,True,2045
4775,2025-09-19 03:36:01.883000,22,CAPTAIN FALCON,False,3,3,0,True,2045
4776,2025-09-19 03:40:51.658000,255,KING K. ROOL,False,2,2,1,False,2046
4777,2025-09-19 03:40:51.870000,23,SAMUS,False,2,2,0,True,2046
4778,2025-09-19 03:40:52.022000,50,YOSHI,False,2,1,0,True,2046
4742,2025-09-19 02:14:57.526000,4484,ROY,False,0,0,0,True,2033
4779,2025-09-19 03:40:52.159000,22,CAPTAIN FALCON,False,1,2,0,False,2046
4780,2025-09-19 03:45:26.137000,255,KING K. ROOL,False,1,4,0,False,2047
4781,2025-09-19 03:45:26.327000,23,SAMUS,False,2,2,2,True,2047
4782,2025-09-19 03:45:26.463000,50,YOSHI,False,4,2,1,True,2047
4783,2025-09-19 03:45:26.622000,22,CAPTAIN FALCON,False,0,2,0,False,2047
4784,2025-09-19 03:49:59.813000,255,KING K. ROOL,False,3,2,0,True,2048
4785,2025-09-19 03:49:59.973000,23,SAMUS,False,2,3,1,False,2048
4786,2025-09-19 03:50:00.195000,50,YOSHI,False,2,3,0,False,2048
4787,2025-09-19 03:50:00.379000,22,ENDERMAN,False,2,2,0,True,2048
4788,2025-09-19 03:58:43.892000,255,KING K. ROOL,False,3,4,0,False,2049
4789,2025-09-19 03:58:44.019000,23,SAMUS,False,2,2,0,True,2049
4790,2025-09-19 03:58:44.162000,50,YOSHI,False,3,2,0,True,2049
4791,2025-09-19 03:58:44.288000,22,CAPTAIN FALCON,False,1,2,1,False,2049
4792,2025-09-19 04:03:30.563000,255,KING K. ROOL,False,2,3,0,False,2050
4793,2025-09-19 04:03:30.717000,23,SAMUS,False,2,2,0,True,2050
4794,2025-09-19 04:03:30.948000,50,YOSHI,False,2,1,2,True,2050
4795,2025-09-19 04:03:31.109000,22,CAPTAIN FALCON,False,2,3,0,False,2050
4796,2025-09-19 04:06:54.758000,255,KING K. ROOL,False,2,2,0,True,2051
4797,2025-09-19 04:06:54.909000,23,SAMUS,False,2,3,1,False,2051
4798,2025-09-19 04:06:55.059000,50,YOSHI,False,1,3,0,False,2051
4799,2025-09-19 04:06:55.181000,22,ENDERMAN,False,3,1,0,True,2051
4800,2025-09-19 04:11:12.245000,255,KING K. ROOL,False,1,3,1,False,2052
4801,2025-09-19 04:11:12.401000,50,YOSHI,False,1,3,0,False,2052
4802,2025-09-19 04:11:12.525000,22,ENDERMAN,False,5,1,0,True,2052
4803,2025-09-19 04:11:12.660000,3849,PIRANHA PLANT,False,0,1,0,True,2052
4804,2025-09-19 04:15:49.470000,255,KING K. ROOL,False,3,3,0,True,2053
4805,2025-09-19 04:15:49.627000,50,YOSHI,False,3,1,0,True,2053
4806,2025-09-19 04:15:49.761000,22,CAPTAIN FALCON,False,2,3,0,False,2053
4807,2025-09-19 04:15:49.900000,3849,PIRANHA PLANT,False,2,3,0,False,2053
4808,2025-09-19 04:22:30.735000,255,KING K. ROOL,False,4,2,2,True,2054
4809,2025-09-19 04:22:30.890000,50,YOSHI,False,2,2,1,True,2054
4810,2025-09-19 04:22:31.009000,22,CAPTAIN FALCON,False,0,3,0,False,2054
4811,2025-09-19 04:22:31.140000,3849,PIRANHA PLANT,False,0,3,0,False,2054
4812,2025-09-19 04:29:31.043000,23,SAMUS,False,0,3,0,False,2055
4813,2025-09-19 04:29:31.196000,255,KING K. ROOL,False,2,2,2,True,2055
4814,2025-09-19 04:29:31.366000,77,JOKER,False,1,2,0,False,2055
4815,2025-09-19 04:29:31.489000,22,ENDERMAN,False,5,2,0,True,2055
4816,2025-09-19 04:29:31.609000,3849,PIRANHA PLANT,False,1,2,1,False,2055
4817,2025-09-19 04:32:18.809000,77,JOKER,False,1,3,0,False,2056
4818,2025-09-19 04:32:18.926000,3849,PIRANHA PLANT,False,3,1,0,True,2056
4819,2025-09-19 04:38:06.635000,77,JOKER,False,3,2,0,True,2057
4820,2025-09-19 04:38:06.789000,3849,PIRANHA PLANT,False,2,3,0,False,2057
4626,2025-09-18 01:57:40.573000,3849,PIRANHA PLANT,False,2,3,0,False,1991
4624,2025-09-18 01:53:42.093000,3849,PIRANHA PLANT,False,2,3,0,False,1990
4622,2025-09-18 01:50:28.082000,3849,PIRANHA PLANT,False,1,3,0,False,1989
4620,2025-09-18 01:32:53.207000,3849,PIRANHA PLANT,False,1,3,0,False,1988
4618,2025-09-18 01:29:32.126000,3849,PIRANHA PLANT,False,1,3,0,False,1987
4614,2025-09-18 01:22:15.811000,3849,PIRANHA PLANT,False,2,3,0,False,1985
4613,2025-09-17 05:08:38.794000,3849,PIRANHA PLANT,False,2,2,0,True,1984
4611,2025-09-17 05:04:01.206000,3849,PIRANHA PLANT,False,3,1,0,True,1983
4609,2025-09-17 05:01:04.297000,3849,PIRANHA PLANT,False,2,3,0,False,1982
4561,2025-09-15 00:59:31.353000,61,FALCO,False,3,2,2,True,1963
4821,2025-09-20 00:27:16.900000,38,JOKER,False,3,3,0,True,2058
4822,2025-09-20 00:27:17.199000,4254,KIRBY,False,0,3,0,False,2058
4823,2025-09-20 00:30:54.445000,38,JOKER,False,3,0,0,True,2059
4824,2025-09-20 00:30:54.626000,77,JOKER,False,0,3,0,False,2059
4825,2025-09-20 00:34:37.083000,4484,PALUTENA,False,3,1,0,True,2060
4826,2025-09-20 00:34:37.291000,77,JOKER,False,1,3,0,False,2060
4827,2025-09-20 00:38:24.281000,4484,CORRIN,False,0,3,0,False,2061
4828,2025-09-20 00:38:24.475000,4639,ENDERMAN,False,3,1,0,True,2061
4829,2025-09-20 00:41:02.828000,4639,LITTLE MAC,False,3,1,0,True,2062
4830,2025-09-20 00:41:02.996000,4484,PALUTENA,False,1,3,0,False,2062
4831,2025-09-20 00:44:11.842000,3849,PIRANHA PLANT,False,0,3,0,False,2063
4832,2025-09-20 00:44:11.971000,4639,ENDERMAN,False,3,0,0,True,2063
4833,2025-09-20 00:48:43.092000,21,MR. GAME & WATCH,False,3,2,0,True,2064
9582,2026-01-20 19:39:23.803000,21,GANONDORF,False,3,1,0,True,4116
4835,2025-09-20 00:52:22.756000,21,MR. GAME & WATCH,False,2,2,0,True,2065
4836,2025-09-20 00:52:22.875000,4639,LITTLE MAC,False,2,2,0,False,2065
4837,2025-09-20 00:54:53.370000,21,MR. GAME & WATCH,False,3,1,0,True,2066
4838,2025-09-20 00:54:53.547000,4639,LITTLE MAC,False,1,3,0,False,2066
4839,2025-09-20 00:59:27.727000,21,MR. GAME & WATCH,False,3,2,0,True,2067
4840,2025-09-20 00:59:27.898000,4639,ENDERMAN,False,2,3,0,False,2067
4841,2025-09-20 01:03:10.216000,21,MR. GAME & WATCH,False,1,3,0,False,2068
4842,2025-09-20 01:03:10.395000,4639,ENDERMAN,False,3,1,0,True,2068
4843,2025-09-20 01:07:32.582000,21,MR. GAME & WATCH,False,3,2,0,True,2069
4844,2025-09-20 01:07:32.727000,4484,WOLF,False,2,3,0,False,2069
4845,2025-09-20 01:12:47.909000,21,MR. GAME & WATCH,False,2,2,0,False,2070
6866,2025-11-12 02:03:25.509000,104,SAMUS,False,3,0,0,True,2931
4847,2025-09-20 01:16:28.487000,21,MR. GAME & WATCH,False,0,3,0,False,2071
4848,2025-09-20 01:16:28.625000,4639,ENDERMAN,False,3,1,0,True,2071
4849,2025-09-20 01:21:25.885000,21,ZELDA,False,2,3,0,False,2072
4850,2025-09-20 01:21:26.073000,4639,ENDERMAN,False,3,2,0,True,2072
4851,2025-09-20 01:26:40.198000,21,ZELDA,False,3,2,0,True,2073
4852,2025-09-20 01:26:40.354000,4639,ENDERMAN,False,2,3,0,False,2073
4853,2025-09-20 02:02:07.262000,21,ZELDA,False,2,2,0,True,2074
4854,2025-09-20 02:02:07.501000,4639,ENDERMAN,False,2,3,0,False,2074
4855,2025-09-20 02:05:32.555000,4639,ENDERMAN,False,3,1,0,True,2075
4857,2025-09-20 02:08:50.455000,21,DONKEY KONG,False,1,3,0,False,2076
4858,2025-09-20 02:08:50.700000,4639,ENDERMAN,False,3,1,0,True,2076
4846,2025-09-20 01:12:48.024000,4639,ENDERMAN,False,2,2,0,True,2070
4859,2025-09-20 02:13:02.973000,21,DONKEY KONG,False,2,2,0,False,2077
4860,2025-09-20 02:13:03.128000,4639,ENDERMAN,False,2,2,0,True,2077
4861,2025-09-20 02:15:38.594000,21,MR. GAME & WATCH,False,3,1,0,True,2078
4862,2025-09-20 02:15:38.753000,4639,LITTLE MAC,False,1,3,0,False,2078
4863,2025-09-20 02:20:41.357000,21,MR. GAME & WATCH,False,2,3,0,False,2079
4864,2025-09-20 02:20:41.464000,4639,MIN MIN,False,3,2,0,True,2079
4865,2025-09-20 02:24:15.015000,21,MR. GAME & WATCH,False,2,1,0,True,2080
4866,2025-09-20 02:24:15.158000,4639,MIN MIN,False,1,2,0,False,2080
4867,2025-09-20 02:28:42.648000,21,MR. GAME & WATCH,False,2,1,0,True,2081
4868,2025-09-20 02:28:42.767000,4639,MIN MIN,False,2,3,0,False,2081
4869,2025-09-20 02:30:52.916000,21,MR. GAME & WATCH,False,2,2,0,True,2082
4870,2025-09-20 02:30:53.083000,4639,ENDERMAN,False,2,3,0,False,2082
4871,2025-09-20 02:35:39.226000,21,MR. GAME & WATCH,False,2,3,0,False,2083
4872,2025-09-20 02:35:39.364000,4639,ENDERMAN,False,3,2,0,True,2083
4873,2025-09-20 02:39:57.583000,21,MR. GAME & WATCH,False,2,2,0,False,2084
4874,2025-09-20 02:39:57.719000,4639,STEVE,False,2,2,0,True,2084
4875,2025-09-20 02:45:29.251000,4639,ENDERMAN,False,3,2,0,True,2085
4876,2025-09-20 02:45:29.469000,21,MR. GAME & WATCH,False,2,3,0,False,2085
4877,2025-09-20 02:49:34.354000,21,MR. GAME & WATCH,False,2,2,0,True,2086
4878,2025-09-20 02:49:34.486000,4639,ENDERMAN,False,2,3,0,False,2086
4879,2025-09-20 02:53:29.234000,21,MR. GAME & WATCH,False,2,3,0,False,2087
4880,2025-09-20 02:53:29.373000,4639,ENDERMAN,False,3,2,0,True,2087
4881,2025-09-20 02:58:30.505000,21,MR. GAME & WATCH,False,2,3,0,False,2088
4882,2025-09-20 02:58:30.711000,4639,ENDERMAN,False,3,2,0,True,2088
4883,2025-09-20 03:07:44.292000,21,MR. GAME & WATCH,False,2,2,0,True,2089
4884,2025-09-20 03:07:44.468000,4639,ENDERMAN,False,2,3,0,False,2089
4885,2025-09-20 03:12:27.240000,21,MR. GAME & WATCH,False,0,3,0,False,2090
4886,2025-09-20 03:12:27.368000,4639,ENDERMAN,False,3,1,0,True,2090
4887,2025-09-20 03:16:07.951000,21,ZELDA,False,0,0,0,False,2091
4888,2025-09-20 03:16:08.144000,4639,ENDERMAN,False,3,1,0,True,2091
4889,2025-09-20 03:20:18.566000,21,ZELDA,False,3,2,0,True,2092
4890,2025-09-20 03:20:18.697000,4639,ENDERMAN,False,2,3,0,False,2092
4891,2025-09-20 03:23:20.722000,21,ZELDA,False,3,2,0,True,2093
4892,2025-09-20 03:23:20.847000,4639,ENDERMAN,False,2,3,0,False,2093
4893,2025-09-20 03:28:07.093000,21,ZELDA,False,2,3,0,False,2094
4894,2025-09-20 03:28:07.244000,4639,ENDERMAN,False,3,2,0,True,2094
4895,2025-09-20 03:30:31.188000,4639,ENDERMAN,False,2,1,0,True,2095
4896,2025-09-20 03:30:31.352000,39,DONKEY KONG,False,0,2,0,False,2095
4897,2025-09-20 03:34:17.078000,39,DONKEY KONG,False,1,3,0,False,2096
4898,2025-09-20 03:34:17.211000,4639,ENDERMAN,False,2,1,0,True,2096
4899,2025-09-20 03:38:37.263000,4639,ENDERMAN,False,3,2,0,True,2097
6830,2025-11-07 04:33:03.411000,21,INCINEROAR,False,3,2,0,True,2913
4901,2025-09-20 03:42:21.647000,4639,ENDERMAN,False,2,2,0,True,2098
4902,2025-09-20 03:42:21.784000,21,MR. GAME & WATCH,False,2,3,2,False,2098
4903,2025-09-20 03:58:36.880000,3005,GRENINJA,False,3,1,0,True,2099
6831,2025-11-07 04:33:03.551000,39,DONKEY KONG,False,2,3,0,False,2913
4905,2025-09-20 04:07:09.536000,3005,GRENINJA,False,1,2,0,False,2100
4906,2025-09-20 04:07:09.790000,50,YOSHI,False,0,3,0,False,2100
4907,2025-09-20 04:07:09.899000,22,ENDERMAN,False,2,3,0,False,2100
4908,2025-09-20 04:07:10.019000,23,SAMUS,False,4,3,0,False,2100
4909,2025-09-20 04:07:10.196000,255,KING K. ROOL,False,1,3,0,False,2100
4910,2025-09-20 04:07:10.335000,88,LUCAS,False,6,2,0,True,2100
4911,2025-09-20 04:11:46.206000,50,YOSHI,False,3,3,1,False,2101
4912,2025-09-20 04:11:46.421000,22,ENDERMAN,False,2,3,0,False,2101
4913,2025-09-20 04:11:46.594000,23,SAMUS,False,2,1,0,True,2101
4914,2025-09-20 04:11:46.734000,255,KING K. ROOL,False,2,2,0,True,2101
4915,2025-09-20 04:11:46.926000,88,LUCAS,False,2,1,0,True,2101
4916,2025-09-20 04:17:16.664000,3005,GRENINJA,False,2,3,0,False,2102
4917,2025-09-20 04:17:16.851000,50,YOSHI,False,0,3,0,False,2102
4918,2025-09-20 04:17:17.032000,22,CAPTAIN FALCON,False,2,3,2,False,2102
4919,2025-09-20 04:17:17.178000,23,SAMUS,False,3,1,1,True,2102
4920,2025-09-20 04:17:17.313000,255,KING K. ROOL,False,0,2,1,True,2102
4921,2025-09-20 04:17:17.501000,88,CAPTAIN FALCON,False,1,2,0,True,2102
4922,2025-09-20 04:25:00.165000,3005,GRENINJA,False,3,3,0,False,2103
4923,2025-09-20 04:25:00.298000,50,YOSHI,False,3,2,0,True,2103
4924,2025-09-20 04:25:00.428000,22,CAPTAIN FALCON,False,6,3,0,False,2103
4925,2025-09-20 04:25:00.585000,23,SAMUS,False,2,3,0,False,2103
4926,2025-09-20 04:25:00.730000,255,KING K. ROOL,False,0,3,0,False,2103
4927,2025-09-20 04:25:00.824000,88,CAPTAIN FALCON,False,1,3,0,False,2103
4928,2025-09-20 04:32:22.507000,3005,GRENINJA,False,1,3,0,False,2104
4929,2025-09-20 04:32:22.643000,50,YOSHI,False,2,3,0,False,2104
4930,2025-09-20 04:32:22.782000,22,GANONDORF,False,2,3,0,False,2104
4931,2025-09-20 04:32:22.947000,23,SAMUS,False,2,3,0,False,2104
4932,2025-09-20 04:32:23.123000,255,KING K. ROOL,False,4,3,0,False,2104
4933,2025-09-20 04:32:23.323000,88,IKE,False,6,2,0,True,2104
4934,2025-09-20 04:38:11.913000,3005,GRENINJA,False,3,2,1,False,2105
4935,2025-09-20 04:38:12.053000,50,YOSHI,False,1,3,0,False,2105
4936,2025-09-20 04:38:12.252000,22,CAPTAIN FALCON,False,2,2,0,True,2105
4937,2025-09-20 04:38:12.410000,23,SAMUS,False,2,3,0,False,2105
4938,2025-09-20 04:38:12.529000,255,KING K. ROOL,False,2,2,0,False,2105
4939,2025-09-20 04:38:12.663000,88,IKE,False,3,1,1,True,2105
4940,2025-09-20 04:43:51.752000,3005,GRENINJA,False,0,2,1,False,2106
4941,2025-09-20 04:43:51.954000,50,YOSHI,False,2,3,1,False,2106
4942,2025-09-20 04:43:52.148000,22,CAPTAIN FALCON,False,0,4,1,False,2106
4943,2025-09-20 04:43:52.303000,255,KING K. ROOL,False,3,3,0,True,2106
4944,2025-09-20 04:43:52.443000,88,IKE,False,3,1,2,True,2106
4945,2025-09-20 04:49:27.318000,3005,GRENINJA,False,0,3,0,False,2107
4946,2025-09-20 04:49:27.452000,50,YOSHI,False,4,3,1,False,2107
4947,2025-09-20 04:49:27.576000,22,CAPTAIN FALCON,False,1,3,1,False,2107
4948,2025-09-20 04:49:27.736000,23,SAMUS,False,1,1,1,True,2107
4949,2025-09-20 04:49:27.867000,255,KING K. ROOL,False,1,3,0,True,2107
4950,2025-09-20 04:49:28.032000,88,IKE,False,5,2,0,True,2107
4951,2025-09-20 04:56:01.420000,3005,GRENINJA,False,1,3,0,True,2108
4952,2025-09-20 04:56:01.601000,22,CAPTAIN FALCON,False,1,1,1,True,2108
4953,2025-09-20 04:56:01.765000,23,SAMUS,False,1,2,0,False,2108
6832,2025-11-07 04:36:06.543000,21,INCINEROAR,False,2,3,0,False,2914
4955,2025-09-20 04:58:40.170000,3005,GRENINJA,False,0,2,0,False,2109
4956,2025-09-20 04:58:40.313000,22,CAPTAIN FALCON,False,3,1,0,True,2109
4957,2025-09-20 04:58:40.435000,23,SAMUS,False,2,1,1,True,2109
4958,2025-09-20 04:58:40.527000,255,KING K. ROOL,False,1,4,1,False,2109
4959,2025-09-20 05:01:56.111000,3005,GRENINJA,False,0,3,0,False,2110
4960,2025-09-20 05:01:56.252000,22,CAPTAIN FALCON,False,2,2,0,True,2110
4961,2025-09-20 05:01:56.401000,23,SAMUS,False,3,1,0,True,2110
4962,2025-09-20 05:01:56.612000,255,KING K. ROOL,False,3,3,1,False,2110
4963,2025-09-20 05:05:52.276000,3005,GRENINJA,False,0,3,0,False,2111
4964,2025-09-20 05:05:52.453000,22,CAPTAIN FALCON,False,3,1,0,True,2111
4965,2025-09-20 05:05:52.587000,23,SAMUS,False,3,1,0,True,2111
4966,2025-09-20 05:05:52.759000,255,KING K. ROOL,False,2,3,0,False,2111
4967,2025-09-20 05:11:12.843000,3005,GRENINJA,False,0,3,0,True,2112
4968,2025-09-20 05:11:13.037000,22,CAPTAIN FALCON,False,0,3,1,False,2112
4969,2025-09-20 05:11:13.180000,23,SAMUS,False,2,2,0,False,2112
4970,2025-09-20 05:11:13.310000,255,KING K. ROOL,False,5,2,2,True,2112
4971,2025-09-20 05:16:00.650000,3005,GRENINJA,False,0,3,0,False,2113
4972,2025-09-20 05:16:00.816000,22,CAPTAIN FALCON,False,3,3,2,True,2113
4973,2025-09-20 05:16:00.970000,23,SAMUS,False,1,3,0,False,2113
4974,2025-09-20 05:16:01.121000,255,KING K. ROOL,False,3,2,2,True,2113
4975,2025-09-20 05:19:48.776000,22,BYLETH,False,2,2,3,False,2114
4976,2025-09-20 05:19:48.902000,255,KING K. ROOL,False,3,3,0,True,2114
4977,2025-09-20 05:26:04.287000,22,CAPTAIN FALCON,False,4,2,0,True,2115
4978,2025-09-20 05:26:04.445000,23,SAMUS,False,2,3,0,False,2115
4979,2025-09-20 05:26:04.579000,255,KING K. ROOL,False,5,3,0,False,2115
4980,2025-09-20 05:26:04.753000,3005,GRENINJA,False,0,3,0,False,2115
4981,2025-09-20 05:31:15.207000,3005,GRENINJA,False,3,3,0,False,2116
4982,2025-09-20 05:31:15.338000,22,CAPTAIN FALCON,False,1,3,0,False,2116
4983,2025-09-20 05:31:15.473000,23,SAMUS,False,5,2,0,True,2116
4984,2025-09-20 05:31:15.616000,255,KING K. ROOL,False,2,3,0,False,2116
4985,2025-09-20 06:54:02.165000,4255,KIRBY,False,3,2,0,True,2117
4986,2025-09-20 06:54:02.428000,3005,GRENINJA,False,2,3,0,False,2117
4987,2025-09-20 07:10:20.152000,4255,KIRBY,False,0,1,0,False,2118
4988,2025-09-20 07:10:20.390000,3005,GRENINJA,False,1,0,0,True,2118
4989,2025-09-20 07:19:59.915000,4255,KIRBY,False,3,2,0,True,2119
4990,2025-09-20 07:20:00.081000,3005,GRENINJA,False,2,3,0,False,2119
4991,2025-09-20 07:30:25.975000,4255,KIRBY,False,2,3,0,False,2120
4992,2025-09-20 07:30:26.104000,3005,GRENINJA,False,3,2,0,True,2120
4993,2025-09-20 07:37:11.375000,4255,KIRBY,False,1,3,0,False,2121
4994,2025-09-20 07:37:11.503000,23,SAMUS,False,3,1,0,True,2121
4995,2025-09-20 07:40:12.283000,4255,KIRBY,False,2,3,0,False,2122
4996,2025-09-20 07:40:12.399000,23,SAMUS,False,3,2,0,True,2122
4997,2025-09-20 11:44:33.148000,3005,GRENINJA,False,2,3,0,False,2123
4998,2025-09-20 11:44:33.473000,4255,NESS,False,3,2,0,True,2123
4999,2025-09-20 11:54:39.373000,3005,GRENINJA,False,2,3,0,False,2124
5000,2025-09-20 11:54:39.519000,4255,NESS,False,3,2,0,True,2124
5001,2025-09-20 19:43:12.376000,452,CLOUD,False,0,3,0,False,2125
5002,2025-09-20 19:43:12.628000,4813,LUIGI,False,3,0,0,True,2125
5003,2025-09-20 19:51:55.518000,452,CLOUD,False,0,3,0,False,2126
6833,2025-11-07 04:36:06.685000,39,SORA,False,3,2,0,True,2914
5005,2025-09-20 19:55:47.645000,4813,LUIGI,False,3,0,0,True,2127
5006,2025-09-20 19:55:47.817000,3005,GRENINJA,False,0,3,0,False,2127
5007,2025-09-20 20:02:13.640000,3005,GRENINJA,False,0,3,0,False,2128
5008,2025-09-20 20:02:13.808000,4813,KING DEDEDE,False,3,1,0,True,2128
5009,2025-09-20 20:06:02.493000,3005,GRENINJA,False,1,3,0,False,2129
5010,2025-09-20 20:06:02.652000,4813,JOKER,False,3,1,0,True,2129
5011,2025-09-20 21:19:35.026000,3005,GRENINJA,False,3,2,0,True,2130
5012,2025-09-20 21:19:35.270000,452,META KNIGHT,False,2,3,0,False,2130
5013,2025-09-20 21:22:58.392000,3005,GRENINJA,False,3,0,0,True,2131
5014,2025-09-20 21:22:58.635000,452,META KNIGHT,False,0,3,0,False,2131
5015,2025-09-20 21:35:58.033000,3005,GRENINJA,False,3,2,0,True,2132
5016,2025-09-20 21:35:58.212000,4827,META KNIGHT,False,2,3,0,False,2132
5017,2025-09-20 21:50:16.604000,3005,GRENINJA,False,3,2,0,True,2133
5018,2025-09-20 21:50:16.767000,4827,META KNIGHT,False,2,3,0,False,2133
5019,2025-09-20 21:55:50.903000,3005,GRENINJA,False,3,1,0,True,2134
5020,2025-09-20 21:55:51.053000,4831,WOLF,False,1,3,0,False,2134
6867,2025-11-12 02:03:25.724000,39,DONKEY KONG,False,0,3,0,False,2931
6890,2025-11-12 22:49:43.531000,21,INCINEROAR,False,2,2,0,True,2943
6891,2025-11-12 22:49:43.655000,38,GANONDORF,False,2,3,0,False,2943
5024,2025-09-20 22:56:37.119000,4813,KAZUYA,False,2,3,0,False,2136
5025,2025-09-21 00:43:02.741000,3005,GRENINJA,False,0,3,0,False,2137
5026,2025-09-21 00:43:03.030000,22,CAPTAIN FALCON,False,3,0,0,True,2137
5027,2025-09-21 00:46:09.537000,3005,GRENINJA,False,0,3,0,False,2138
5028,2025-09-21 00:46:09.683000,22,CAPTAIN FALCON,False,3,0,0,True,2138
5029,2025-09-21 00:48:52.441000,3005,GRENINJA,False,0,3,0,False,2139
5030,2025-09-21 00:48:52.565000,22,CAPTAIN FALCON,False,3,0,0,True,2139
5031,2025-09-21 00:55:04.749000,22,ENDERMAN,False,2,3,0,False,2140
5032,2025-09-21 00:55:04.936000,4484,WOLF,False,5,2,0,True,2140
5033,2025-09-21 00:55:05.090000,3005,GRENINJA,False,0,3,0,False,2140
5034,2025-09-21 00:59:48.210000,22,ENDERMAN,False,2,2,0,False,2141
5035,2025-09-21 00:59:48.367000,4484,WOLF,False,2,1,0,True,2141
5036,2025-09-21 00:59:48.601000,3005,GRENINJA,False,2,2,0,False,2141
5037,2025-09-21 01:05:28.085000,22,ENDERMAN,False,2,1,0,True,2142
5038,2025-09-21 01:05:28.235000,4484,WOLF,False,2,3,0,False,2142
5039,2025-09-21 01:05:28.347000,3005,GRENINJA,False,3,3,0,False,2142
5040,2025-09-21 01:09:54.688000,22,CAPTAIN FALCON,False,5,2,0,True,2143
5041,2025-09-21 01:09:54.886000,3005,GRENINJA,False,2,3,0,False,2143
6834,2025-11-07 04:40:05.459000,21,INCINEROAR,False,3,1,0,True,2915
5043,2025-09-21 01:14:23.006000,22,CAPTAIN FALCON,False,1,3,0,False,2144
5044,2025-09-21 01:14:23.168000,4484,CAPTAIN FALCON,False,3,1,0,True,2144
5045,2025-09-21 01:14:23.354000,3005,GRENINJA,False,2,3,0,False,2144
5046,2025-09-21 01:17:37.312000,22,CAPTAIN FALCON,False,2,1,0,True,2145
5047,2025-09-21 01:17:37.443000,4484,CAPTAIN FALCON,False,1,2,0,False,2145
5048,2025-09-21 01:22:21.114000,22,BYLETH,False,2,2,0,False,2146
5049,2025-09-21 01:22:21.241000,4484,CAPTAIN FALCON,False,2,2,0,True,2146
5050,2025-09-21 01:25:35.488000,22,ENDERMAN,False,3,2,0,True,2147
5051,2025-09-21 01:25:35.654000,4484,CAPTAIN FALCON,False,2,3,0,False,2147
5052,2025-09-21 01:29:47.462000,22,ENDERMAN,False,2,1,0,True,2148
5053,2025-09-21 01:29:47.620000,4484,CAPTAIN FALCON,False,1,2,0,False,2148
5054,2025-09-21 01:33:57.726000,4484,CAPTAIN FALCON,False,3,2,0,True,2149
5055,2025-09-21 01:33:57.900000,22,IKE,False,2,3,0,False,2149
5056,2025-09-21 01:38:43.793000,22,CLOUD,False,2,3,0,False,2150
5057,2025-09-21 01:38:43.918000,4484,YOUNG LINK,False,3,2,0,True,2150
5058,2025-09-21 01:43:27.441000,22,MARIO,False,1,3,0,False,2151
5059,2025-09-21 01:43:27.545000,23,SAMUS,False,3,1,0,True,2151
5060,2025-09-21 02:15:10.051000,4484,WARIO,False,3,2,0,True,2152
5061,2025-09-21 02:15:10.249000,678,HERO,False,3,3,0,False,2152
5062,2025-09-21 02:15:10.448000,22,CAPTAIN FALCON,False,1,3,0,False,2152
5063,2025-09-21 02:21:06.538000,22,ENDERMAN,False,2,1,0,True,2153
5064,2025-09-21 02:21:06.706000,678,HERO,False,4,3,0,False,2153
5065,2025-09-21 02:21:06.825000,4484,WARIO,False,0,2,0,False,2153
5066,2025-09-21 02:25:38.134000,22,ENDERMAN,False,2,3,1,False,2154
5067,2025-09-21 02:25:38.268000,678,HERO,False,3,1,0,True,2154
6835,2025-11-07 04:40:05.565000,23,SAMUS,False,0,3,0,False,2915
5069,2025-09-21 02:25:38.505000,3005,GRENINJA,False,1,3,0,False,2154
5070,2025-09-21 02:30:03.825000,22,ENDERMAN,False,3,3,1,False,2155
5071,2025-09-21 02:30:04.061000,678,HERO,False,1,2,0,True,2155
5072,2025-09-21 02:30:04.212000,4484,WARIO,False,2,2,0,True,2155
5073,2025-09-21 02:30:04.354000,3005,GRENINJA,False,1,3,0,False,2155
5074,2025-09-21 02:34:57.467000,22,CAPTAIN FALCON,False,2,3,0,False,2156
5075,2025-09-21 02:34:57.728000,678,HERO,False,3,2,0,True,2156
5076,2025-09-21 02:34:57.920000,4484,WARIO,False,3,1,0,True,2156
5077,2025-09-21 02:34:58.072000,3005,GRENINJA,False,1,3,0,False,2156
5078,2025-09-21 02:41:19.028000,22,ENDERMAN,False,2,2,0,False,2157
5079,2025-09-21 02:41:19.153000,678,HERO,False,2,1,0,True,2157
5080,2025-09-21 02:41:19.296000,4484,ROY,False,4,3,0,True,2157
5081,2025-09-21 02:41:19.433000,3005,GRENINJA,False,1,3,0,False,2157
5082,2025-09-21 02:48:30.844000,22,ENDERMAN,False,5,2,0,True,2158
5083,2025-09-21 02:48:31.005000,4484,FALCO,False,0,2,0,False,2158
5084,2025-09-21 02:48:31.154000,3005,GRENINJA,False,3,3,0,False,2158
6868,2025-11-12 02:06:11.193000,39,DONKEY KONG,False,2,2,0,True,2932
9583,2026-01-20 19:39:23.803000,54,LINK,False,1,3,0,False,4116
5089,2025-09-21 02:57:16.186000,22,CAPTAIN FALCON,False,2,2,0,True,2160
5090,2025-09-21 02:57:16.327000,23,SAMUS,False,2,1,0,True,2160
5091,2025-09-21 02:57:16.496000,4484,PALUTENA,False,2,2,0,False,2160
5092,2025-09-21 02:57:16.654000,3005,GRENINJA,False,0,3,1,False,2160
5093,2025-09-21 03:04:08.078000,3005,GRENINJA,False,3,2,0,True,2161
5094,2025-09-21 03:04:08.255000,4484,PALUTENA,False,5,3,0,False,2161
5095,2025-09-21 03:04:08.387000,23,SAMUS,False,2,3,0,False,2161
5096,2025-09-21 03:04:08.527000,255,R.O.B.,False,0,3,0,False,2161
5097,2025-09-21 03:04:08.664000,22,CAPTAIN FALCON,False,3,3,0,False,2161
5098,2025-09-21 03:09:32.030000,22,GANONDORF,False,5,3,0,False,2162
5099,2025-09-21 03:09:32.189000,23,SAMUS,False,3,3,0,False,2162
5100,2025-09-21 03:09:32.357000,4484,RIDLEY,False,6,2,0,True,2162
5101,2025-09-21 03:09:32.516000,3005,GRENINJA,False,0,3,0,False,2162
5102,2025-09-21 03:09:32.629000,678,R.O.B.,False,1,3,0,False,2162
5103,2025-09-21 06:32:26.180000,23,SAMUS,False,4,1,0,True,2163
5104,2025-09-21 06:32:26.446000,3005,GRENINJA,False,1,3,0,False,2163
5105,2025-09-21 06:32:26.698000,255,KING K. ROOL,False,2,3,0,False,2163
5106,2025-09-21 06:32:27.025000,22,CAPTAIN FALCON,False,2,2,0,True,2163
5107,2025-09-21 06:36:12.077000,23,SAMUS,False,2,1,1,True,2164
5108,2025-09-21 06:36:12.310000,3005,GRENINJA,False,2,3,0,False,2164
5109,2025-09-21 06:36:12.483000,255,KING K. ROOL,False,0,3,1,False,2164
5110,2025-09-21 06:36:12.633000,22,CAPTAIN FALCON,False,3,2,0,True,2164
5111,2025-09-21 06:39:54.595000,23,SAMUS,False,3,1,0,True,2165
5112,2025-09-21 06:39:54.706000,3005,GRENINJA,False,1,3,1,False,2165
5113,2025-09-21 06:39:54.799000,255,KING K. ROOL,False,3,3,0,False,2165
5114,2025-09-21 06:39:54.911000,22,CAPTAIN FALCON,False,2,3,0,True,2165
5115,2025-09-21 23:47:14.010000,3005,GRENINJA,False,3,3,0,False,2166
5116,2025-09-21 23:47:14.275000,4255,NESS,False,3,3,0,True,2166
5117,2025-09-21 23:55:34.688000,3005,GRENINJA,False,3,3,0,True,2167
5118,2025-09-21 23:55:34.922000,4255,NESS,False,2,3,0,False,2167
5119,2025-09-22 00:03:39.886000,4484,WOLF,False,3,2,0,True,2168
5120,2025-09-22 00:03:40.102000,54,JOKER,False,2,3,0,False,2168
5121,2025-09-22 00:07:34.297000,4484,WOLF,False,0,0,0,False,2169
5122,2025-09-22 00:07:34.427000,54,JOKER,False,0,0,0,True,2169
5123,2025-09-22 00:13:05.237000,54,DONKEY KONG,False,3,2,0,True,2170
5124,2025-09-22 00:13:05.342000,4484,WOLF,False,2,3,0,False,2170
5125,2025-09-22 00:19:00.382000,21,MR. GAME & WATCH,False,3,2,0,True,2171
5126,2025-09-22 00:19:00.553000,54,MR. GAME & WATCH,False,2,3,0,False,2171
5127,2025-09-22 00:24:52.737000,21,MR. GAME & WATCH,False,3,2,0,True,2172
5128,2025-09-22 00:24:52.874000,4484,WOLF,False,2,3,0,False,2172
5129,2025-09-22 00:28:31.268000,21,MR. GAME & WATCH,False,3,2,0,True,2173
5068,2025-09-21 02:25:38.385000,4484,WARIO,False,2,1,0,True,2154
5086,2025-09-21 02:52:46.146000,4484,PALUTENA,False,0,0,0,False,2159
5130,2025-09-22 00:28:31.405000,4484,POKÉMON TRAINER,False,2,3,0,False,2173
5131,2025-09-22 00:33:14.840000,21,MR. GAME & WATCH,False,3,2,0,True,2174
5132,2025-09-22 00:33:15.016000,4484,POKÉMON TRAINER,False,2,3,0,False,2174
5133,2025-09-22 00:36:40.266000,21,MR. GAME & WATCH,False,3,0,0,True,2175
5134,2025-09-22 00:36:40.430000,3005,GRENINJA,False,0,3,0,False,2175
5135,2025-09-22 00:40:11.116000,21,MR. GAME & WATCH,False,3,1,0,True,2176
5136,2025-09-22 00:40:11.219000,3005,POKÉMON TRAINER,False,0,3,0,False,2176
5137,2025-09-22 00:43:10.792000,4484,POKEMON TRAINER,False,0,0,0,True,2177
5138,2025-09-22 00:43:10.918000,3005,GRENINJA,False,0,3,0,False,2177
5139,2025-09-22 00:46:07.239000,4484,POKÉMON TRAINER,False,2,1,0,True,2178
5140,2025-09-22 00:46:07.394000,3005,GRENINJA,False,1,3,0,False,2178
5141,2025-09-22 00:50:46.955000,4484,POKÉMON TRAINER,False,2,3,0,True,2179
5142,2025-09-22 00:50:47.084000,3005,GRENINJA,False,3,2,0,False,2179
5143,2025-09-22 01:15:47.196000,54,KING K. ROOL,False,3,2,0,True,2180
5144,2025-09-22 01:15:47.424000,4484,POKEMON TRAINER,False,2,3,0,False,2180
5145,2025-09-22 01:18:43.009000,54,STEVE,False,3,1,0,True,2181
5146,2025-09-22 01:18:43.169000,4484,POKÉMON TRAINER,False,1,2,0,False,2181
5147,2025-09-22 01:26:03.217000,54,MR. GAME & WATCH,False,2,2,0,False,2182
5148,2025-09-22 01:26:03.341000,4484,CAPTAIN FALCON,False,2,2,0,True,2182
5149,2025-09-22 01:31:05.595000,54,MR. GAME & WATCH,False,2,3,0,False,2183
5150,2025-09-22 01:31:05.762000,4484,CAPTAIN FALCON,False,3,2,0,True,2183
5151,2025-09-22 01:35:13.998000,54,WOLF,False,2,3,0,False,2184
5152,2025-09-22 01:35:14.100000,4484,CAPTAIN FALCON,False,3,2,0,True,2184
5153,2025-09-22 01:38:59.294000,54,INCINEROAR,False,3,1,0,True,2185
5154,2025-09-22 01:38:59.457000,4484,CAPTAIN FALCON,False,1,3,0,False,2185
5155,2025-09-22 01:49:05.418000,21,MR. GAME & WATCH,False,3,2,0,True,2186
5156,2025-09-22 01:49:05.556000,4484,CAPTAIN FALCON,False,2,3,0,False,2186
5157,2025-09-22 01:53:28.992000,21,MR. GAME & WATCH,False,3,1,0,True,2187
6836,2025-11-07 04:43:16.142000,21,INCINEROAR,False,3,2,0,True,2916
5159,2025-09-22 01:55:57.794000,21,MR. GAME & WATCH,False,2,0,0,True,2188
5160,2025-09-22 01:55:57.951000,4484,CAPTAIN FALCON,False,0,2,0,False,2188
5161,2025-09-22 02:27:28.526000,50,YOSHI,False,1,3,0,False,2189
5162,2025-09-22 02:27:28.789000,54,STEVE,False,2,1,0,True,2189
5163,2025-09-22 02:32:03.751000,21,MR. GAME & WATCH,False,3,1,0,True,2190
5164,2025-09-22 02:32:03.864000,54,MR. GAME & WATCH,False,1,3,0,False,2190
5165,2025-09-22 02:38:12.540000,21,MR. GAME & WATCH,False,3,2,0,True,2191
5166,2025-09-22 02:38:12.745000,4484,CAPTAIN FALCON,False,2,3,0,False,2191
5167,2025-09-22 02:42:03.553000,21,INCINEROAR,False,0,3,0,False,2192
5168,2025-09-22 02:42:03.708000,54,INCINEROAR,False,3,1,0,True,2192
5169,2025-09-22 02:46:23.747000,21,MR. GAME & WATCH,False,3,1,0,True,2193
5170,2025-09-22 02:46:23.953000,54,MR. GAME & WATCH,False,0,3,0,False,2193
5171,2025-09-22 02:50:04.240000,21,ZELDA,False,3,1,0,True,2194
5172,2025-09-22 02:50:04.432000,54,BOWSER,False,1,3,0,False,2194
5173,2025-09-22 02:54:26.379000,21,MR. GAME & WATCH,False,3,2,0,True,2195
5174,2025-09-22 02:54:26.569000,50,YOSHI,False,2,3,0,False,2195
5175,2025-09-22 02:58:25.364000,21,MR. GAME & WATCH,False,3,2,0,True,2196
5177,2025-09-22 03:03:17.662000,21,MR. GAME & WATCH,False,2,3,0,False,2197
5178,2025-09-22 03:03:17.813000,54,ENDERMAN,False,3,2,0,True,2197
5179,2025-09-22 03:10:33.772000,21,MR. GAME & WATCH,False,2,2,0,True,2198
5180,2025-09-22 03:10:33.939000,54,STEVE,False,2,3,0,False,2198
5181,2025-09-22 03:14:06.641000,21,MR. GAME & WATCH,False,0,3,0,False,2199
5182,2025-09-22 03:14:06.829000,50,YOSHI,False,3,1,0,True,2199
5183,2025-09-22 03:18:36.006000,21,MR. GAME & WATCH,False,3,1,0,True,2200
5184,2025-09-22 03:18:36.182000,50,YOSHI,False,0,3,0,False,2200
5185,2025-09-22 03:22:56.437000,22,ENDERMAN,False,2,2,0,True,2201
5186,2025-09-22 03:22:56.575000,50,YOSHI,False,2,3,0,False,2201
5187,2025-09-22 03:32:19.174000,22,CAPTAIN FALCON,False,2,2,0,True,2202
5188,2025-09-22 03:32:19.348000,4484,PIKACHU,False,2,2,0,False,2202
5189,2025-09-22 03:36:15.979000,22,LITTLE MAC,False,3,2,0,True,2203
5190,2025-09-22 03:36:16.151000,4484,PALUTENA,False,0,3,0,False,2203
5191,2025-09-22 03:40:07.075000,22,DONKEY KONG,False,2,2,1,False,2204
5192,2025-09-22 03:40:07.207000,4484,WOLF,False,2,2,0,True,2204
5193,2025-09-22 03:43:03.873000,22,DONKEY KONG,False,1,3,0,False,2205
5194,2025-09-22 03:43:04.008000,4484,WOLF,False,3,1,0,True,2205
5195,2025-09-22 03:46:07.579000,22,GANONDORF,False,2,3,0,False,2206
5196,2025-09-22 03:46:07.769000,4484,WOLF,False,3,2,0,True,2206
5197,2025-09-22 03:48:57.420000,22,GANONDORF,False,3,1,0,True,2207
5198,2025-09-22 03:48:57.568000,4484,WOLF,False,1,3,0,False,2207
5199,2025-09-22 03:54:04.579000,22,CAPTAIN FALCON,False,2,2,0,False,2208
5200,2025-09-22 03:54:04.692000,4484,LUCARIO,False,1,2,0,False,2208
5201,2025-09-22 03:54:04.800000,23,SAMUS,False,5,2,0,True,2208
5202,2025-09-22 03:59:47.858000,22,LITTLE MAC,False,0,3,0,False,2209
5203,2025-09-22 03:59:47.988000,4484,POKÉMON TRAINER,False,3,3,0,False,2209
5204,2025-09-22 03:59:48.156000,23,SAMUS,False,3,3,0,True,2209
5205,2025-09-22 04:04:39.919000,22,SEPHIROTH,False,3,2,0,True,2210
5206,2025-09-22 04:04:40.169000,23,SAMUS,False,2,3,0,False,2210
5176,2025-09-22 02:58:25.498000,54,ENDERMAN,False,0,0,0,False,2196
5207,2025-09-22 04:10:43.133000,22,LITTLE MAC,False,2,3,0,False,2211
5208,2025-09-22 04:10:43.257000,23,SAMUS,False,3,2,0,True,2211
5209,2025-09-22 04:14:24.495000,22,CAPTAIN FALCON,False,3,1,0,True,2212
5210,2025-09-22 04:14:24.604000,4255,NESS,False,1,3,0,False,2212
5211,2025-09-22 04:18:02.919000,22,CAPTAIN FALCON,False,3,1,0,True,2213
5212,2025-09-22 04:18:03.079000,4255,KIRBY,False,0,2,0,False,2213
5158,2025-09-22 01:53:29.263000,4484,CAPTAIN FALCON,False,0,0,0,False,2187
4094,2025-09-11 03:28:07.459000,50,YOSHI,False,0,0,0,False,1804
4134,2025-09-11 04:10:17.750000,50,YOSHI,False,0,0,0,False,1813
4206,2025-09-11 05:51:26.769000,39,SORA,False,0,0,0,False,1827
4194,2025-09-11 05:39:19.037000,39,DONKEY KONG,False,0,0,0,False,1824
6837,2025-11-07 04:43:16.308000,104,ZELDA,False,2,3,0,False,2916
6870,2025-11-12 03:34:27.957000,39,DONKEY KONG,False,2,1,0,True,2933
4526,2025-09-15 00:19:50.240000,50,YOSHI,False,0,0,0,False,1955
4527,2025-09-15 00:19:50.538000,22,CAPTAIN FALCON,False,0,0,0,False,1955
4524,2025-09-15 00:19:49.466000,61,FALCO,False,0,0,0,True,1955
4525,2025-09-15 00:19:49.819000,54,JOKER,False,0,0,0,True,1955
4553,2025-09-15 00:49:12.820000,54,JOKER,False,0,0,0,False,1961
4562,2025-09-15 00:59:31.530000,54,STEVE,False,0,0,0,True,1963
4740,2025-09-19 02:10:56.694000,4484,PALUTENA,False,0,0,0,False,2032
4834,2025-09-20 00:48:43.263000,4484,POKEMON TRAINER,False,0,0,0,False,2064
4856,2025-09-20 02:05:32.733000,21,ZELDA,False,0,0,0,False,2075
4900,2025-09-20 03:38:37.391000,21,MR. GAME & WATCH,False,1,3,0,False,2097
4904,2025-09-20 03:58:37.011000,4255,JIGGLYPUFF,False,0,0,0,False,2099
4954,2025-09-20 04:56:01.977000,255,KING K. ROOL,False,0,0,0,False,2108
5004,2025-09-20 19:51:55.766000,255,KING K. ROOL,False,0,0,0,True,2126
5042,2025-09-21 01:09:55.014000,4484,WOLF,False,0,0,0,False,2143
5087,2025-09-21 02:52:46.298000,3005,GRENINJA,False,0,0,0,False,2159
5085,2025-09-21 02:52:45.995000,22,CAPTAIN FALCON,False,2,1,0,True,2159
5088,2025-09-21 02:52:46.433000,23,SAMUS,False,0,0,0,True,2159
5213,2025-09-19 23:20:02.747000,4639,ENDERMAN,False,3,2,0,True,2214
5214,2025-09-19 23:20:02.747000,21,MR. GAME & WATCH,False,2,3,0,False,2214
5215,2025-09-19 23:24:02.747000,21,MR. GAME & WATCH,False,2,3,0,False,2215
5216,2025-09-19 23:24:02.747000,4639,ENDERMAN,False,3,2,0,True,2215
5223,2025-09-19 23:40:02.747000,38,GANONDORF,False,3,3,0,True,2219
5224,2025-09-19 23:40:02.747000,4639,ENDERMAN,False,2,2,0,False,2219
5231,2025-09-19 23:52:02.747000,38,LUCINA,False,3,2,0,True,2223
5222,2025-09-19 23:36:02.747000,38,JOKER,False,3,2,0,True,2218
5230,2025-09-19 23:48:02.747000,38,LUCINA,False,2,3,0,False,2222
5221,2025-09-19 23:36:02.747000,4639,ENDERMAN,False,2,3,0,False,2218
5229,2025-09-19 23:48:02.747000,4639,ENDERMAN,False,3,2,0,True,2222
5220,2025-09-19 23:32:02.747000,4639,ENDERMAN,False,2,3,0,False,2217
5226,2025-09-19 23:40:02.747000,38,GANONDORF,False,2,3,0,False,2220
5219,2025-09-19 23:32:02.747000,38,JOKER,False,3,2,0,True,2217
5227,2025-09-19 23:44:02.747000,38,GANONDORF,False,2,3,0,False,2221
5218,2025-09-19 23:28:02.747000,38,JOKER,False,3,2,0,True,2216
5228,2025-09-19 23:44:02.747000,4639,ENDERMAN,False,3,2,0,True,2221
5217,2025-09-19 23:28:02.747000,4639,ENDERMAN,False,2,3,0,False,2216
5225,2025-09-19 23:40:02.747000,4639,ENDERMAN,False,2,2,0,True,2220
5232,2025-09-19 23:52:02.747000,4639,ENDERMAN,False,2,2,0,False,2223
5233,2025-09-19 23:48:02.747000,38,LUCINA,False,2,3,0,False,2224
5234,2025-09-19 23:48:02.747000,4639,ENDERMAN,False,3,2,0,True,2224
5235,2025-09-19 23:52:02.747000,4639,ENDERMAN,False,3,2,0,True,2225
5236,2025-09-19 23:52:02.747000,21,ZELDA,False,2,3,0,False,2225
5237,2025-09-19 23:56:02.747000,21,ZELDA,False,2,3,0,False,2226
5238,2025-09-19 23:56:02.747000,4639,ENDERMAN,False,3,2,0,True,2226
5240,2025-09-20 00:00:02.747000,50,YOSHI,False,3,1,0,True,2227
5239,2025-09-20 00:00:02.747000,4639,ENDERMAN,False,1,3,0,False,2227
5242,2025-09-20 00:04:02.747000,4639,ENDERMAN,False,2,3,0,False,2228
5241,2025-09-20 00:04:02.747000,50,YOSHI,False,3,2,0,True,2228
5243,2025-09-20 00:08:02.747000,4639,ENDERMAN,False,3,2,0,True,2229
5244,2025-09-20 00:08:02.747000,50,YOSHI,False,2,3,0,False,2229
5245,2025-09-20 00:08:02.747000,50,YOSHI,False,2,3,0,False,2230
5246,2025-09-20 00:08:02.747000,38,JOKER,False,3,2,0,True,2230
5247,2025-09-23 02:19:39.172000,21,MR. GAME & WATCH,False,2,2,0,True,2242
5248,2025-09-23 02:19:39.458000,50,YOSHI,False,2,3,0,False,2242
5249,2025-09-23 02:22:03.673000,21,MR. GAME & WATCH,False,2,0,0,True,2243
5250,2025-09-23 02:22:03.964000,50,YOSHI,False,0,2,1,False,2243
5251,2025-09-23 02:26:04.662000,21,MR. GAME & WATCH,False,3,1,0,True,2244
5252,2025-09-23 02:26:04.866000,50,YOSHI,False,1,3,0,False,2244
5253,2025-09-23 02:30:46.244000,21,MR. GAME & WATCH,False,3,2,0,True,2245
5254,2025-09-23 02:30:46.390000,50,YOSHI,False,2,3,0,False,2245
5255,2025-09-23 02:36:04.719000,21,MR. GAME & WATCH,False,2,3,0,False,2246
5256,2025-09-23 02:36:04.933000,39,DONKEY KONG,False,3,2,0,True,2246
5257,2025-09-23 02:39:37.326000,21,MR. GAME & WATCH,False,3,2,0,True,2247
5258,2025-09-23 02:39:37.438000,39,DONKEY KONG,False,2,3,0,False,2247
5259,2025-09-23 02:33:37.438000,39,DONKEY KONG,False,2,3,0,False,2248
5260,2025-09-23 02:33:37.326000,21,MR. GAME & WATCH,False,3,2,0,True,2248
5261,2025-09-23 02:43:37.438000,39,DONKEY KONG,False,2,3,0,False,2249
5262,2025-09-23 02:43:37.326000,21,MR. GAME & WATCH,False,3,2,0,True,2249
5263,2025-09-23 06:50:21.508000,255,KING K. ROOL,False,3,2,1,True,2250
5264,2025-09-23 06:50:21.773000,22,CAPTAIN FALCON,False,3,3,0,True,2250
5265,2025-09-23 06:50:21.969000,4484,POKÉMON TRAINER,False,1,2,0,False,2250
5266,2025-09-23 06:50:22.173000,23,SAMUS,False,2,2,0,False,2250
5267,2025-09-23 06:54:06.275000,255,KING K. ROOL,False,2,2,0,True,2251
5268,2025-09-23 06:54:06.486000,22,CAPTAIN FALCON,False,2,2,0,True,2251
5269,2025-09-23 06:54:06.639000,4484,WOLF,False,2,3,0,False,2251
5270,2025-09-23 06:54:06.776000,23,SAMUS,False,2,3,0,False,2251
5271,2025-09-23 06:59:29.676000,255,KING K. ROOL,False,2,3,0,True,2252
5272,2025-09-23 06:59:29.822000,22,CAPTAIN FALCON,False,3,3,0,True,2252
5273,2025-09-23 06:59:29.950000,23,SAMUS,False,2,3,0,False,2252
5274,2025-09-23 07:02:30.609000,255,KING K. ROOL,False,3,2,0,True,2253
5275,2025-09-23 07:02:30.786000,22,ENDERMAN,False,1,1,0,True,2253
5277,2025-09-23 07:02:31.090000,23,SAMUS,False,2,3,0,False,2253
5278,2025-09-23 07:05:58.611000,255,KING K. ROOL,False,1,2,0,True,2254
5279,2025-09-23 07:05:58.806000,22,ENDERMAN,False,3,0,0,True,2254
5280,2025-09-23 07:05:58.957000,4484,YOUNG LINK,False,5,3,0,False,2254
5281,2025-09-23 07:05:59.115000,23,SAMUS,False,1,3,0,False,2254
5282,2025-09-23 07:11:01.575000,255,KING K. ROOL,False,1,3,0,False,2255
5284,2025-09-23 07:11:01.869000,4484,RIDLEY,False,3,2,0,True,2255
5285,2025-09-23 07:11:02.004000,23,SAMUS,False,1,2,0,True,2255
5286,2025-09-23 07:15:16.103000,255,KING K. ROOL,False,2,2,1,False,2256
5287,2025-09-23 07:15:16.266000,22,ENDERMAN,False,2,3,0,False,2256
5288,2025-09-23 07:15:16.396000,4484,RIDLEY,False,2,2,0,True,2256
5289,2025-09-23 07:15:16.491000,23,SAMUS,False,1,1,0,True,2256
5290,2025-09-23 07:19:35.452000,255,KING K. ROOL,False,2,3,1,False,2257
5291,2025-09-23 07:19:35.586000,22,STEVE,False,2,2,0,False,2257
6838,2025-11-11 19:14:53.045000,21,INCINEROAR,False,3,3,0,True,2917
5293,2025-09-23 07:19:35.899000,23,SAMUS,False,2,1,1,True,2257
5294,2025-09-23 07:25:04.607000,255,KING K. ROOL,False,3,3,0,False,2258
6839,2025-11-11 19:14:53.277000,39,DONKEY KONG,False,1,3,0,False,2917
6871,2025-11-12 03:34:28.141000,23,SAMUS,False,1,2,0,False,2933
5297,2025-09-23 07:25:04.981000,23,SAMUS,False,2,1,0,True,2258
5298,2025-09-23 07:28:50.746000,255,KING K. ROOL,False,0,3,0,False,2259
5299,2025-09-23 07:28:50.868000,22,CAPTAIN FALCON,False,2,3,1,False,2259
5300,2025-09-23 07:28:50.975000,4484,RIDLEY,False,1,1,1,True,2259
5301,2025-09-23 07:28:51.087000,23,SAMUS,False,2,2,0,True,2259
5302,2025-09-23 07:33:26.936000,255,KING K. ROOL,False,2,4,0,False,2260
5303,2025-09-23 07:33:27.030000,22,ENDERMAN,False,2,2,0,False,2260
5304,2025-09-23 07:33:27.165000,4484,RIDLEY,False,2,2,0,True,2260
5305,2025-09-23 07:33:27.279000,23,SAMUS,False,3,1,0,True,2260
5306,2025-09-23 07:37:50.054000,255,KING K. ROOL,False,2,2,0,True,2261
5307,2025-09-23 07:37:50.212000,22,ZOMBIE,False,1,2,0,True,2261
5308,2025-09-23 07:37:50.372000,4484,RIDLEY,False,2,2,0,False,2261
5309,2025-09-23 07:37:50.527000,23,SAMUS,False,1,3,1,False,2261
5310,2025-09-23 07:42:26.878000,255,KING K. ROOL,False,0,2,0,True,2262
5311,2025-09-23 07:42:27.045000,22,ZOMBIE,False,3,1,1,True,2262
5312,2025-09-23 07:42:27.239000,4484,RIDLEY,False,0,2,0,False,2262
5313,2025-09-23 07:42:27.369000,23,SAMUS,False,1,2,1,False,2262
5314,2025-09-23 07:47:49.398000,255,KING K. ROOL,False,3,3,0,False,2263
5315,2025-09-23 07:47:49.563000,22,ENDERMAN,False,0,3,0,False,2263
5316,2025-09-23 07:47:49.702000,4484,PALUTENA,False,3,1,0,True,2263
5317,2025-09-23 07:47:49.854000,23,SAMUS,False,1,2,0,True,2263
5318,2025-09-23 07:51:43.239000,255,KING K. ROOL,False,4,2,1,True,2264
5319,2025-09-23 07:51:43.378000,22,FALCON,False,1,2,0,True,2264
5320,2025-09-23 07:51:43.529000,23,SAMUS,False,2,3,0,False,2264
5321,2025-09-23 07:56:21.081000,255,KING K. ROOL,False,2,3,0,False,2265
5322,2025-09-23 07:56:21.225000,22,CAPTAIN FALCON,False,3,3,1,False,2265
5323,2025-09-23 07:56:21.358000,4484,PALUTENA,False,2,2,0,True,2265
5324,2025-09-23 07:56:21.494000,23,SAMUS,False,1,2,0,True,2265
5325,2025-09-23 08:01:30.547000,255,KING K. ROOL,False,2,3,0,True,2266
5326,2025-09-23 08:01:30.660000,22,CAPTAIN FALCON,False,3,2,0,True,2266
6892,2025-11-12 22:53:44.974000,21,INCINEROAR,False,3,2,0,True,2944
5328,2025-09-23 08:01:30.904000,23,SAMUS,False,4,3,0,False,2266
5329,2025-09-23 08:05:14.949000,255,KING K. ROOL,False,1,2,0,True,2267
5330,2025-09-23 08:05:15.085000,22,ENDERMAN,False,3,1,0,True,2267
6893,2025-11-12 22:53:45.092000,38,GANONDORF,False,2,3,0,False,2944
5332,2025-09-23 08:05:15.330000,23,SAMUS,False,1,2,0,False,2267
5333,2025-09-23 08:09:22.750000,255,KING K. ROOL,False,3,3,0,True,2268
5334,2025-09-23 08:09:22.847000,22,ZOMBIE,False,1,1,1,True,2268
5335,2025-09-23 08:09:22.980000,4484,RIDLEY,False,2,2,0,False,2268
5336,2025-09-23 08:09:23.087000,23,SAMUS,False,2,2,1,False,2268
5337,2025-09-23 08:12:43.241000,255,KING K. ROOL,False,2,4,0,False,2269
5338,2025-09-23 08:12:43.384000,22,ENDERMAN,False,2,2,0,False,2269
5339,2025-09-23 08:12:43.529000,4484,RIDLEY,False,4,2,1,True,2269
5340,2025-09-23 08:12:43.672000,23,SAMUS,False,2,2,0,True,2269
5341,2025-09-23 08:16:53.345000,255,KING K. ROOL,False,2,3,0,False,2270
5342,2025-09-23 08:16:53.480000,22,ENDERMAN,False,2,3,0,False,2270
5343,2025-09-23 08:16:53.639000,4484,RIDLEY,False,2,2,0,True,2270
5344,2025-09-23 08:16:53.775000,23,SAMUS,False,4,2,0,True,2270
5345,2025-09-23 08:22:35.549000,255,KING K. ROOL,False,1,3,0,False,2271
5346,2025-09-23 08:22:35.675000,22,ENDERMAN,False,2,2,1,False,2271
5348,2025-09-23 08:22:35.912000,23,SAMUS,False,1,2,0,True,2271
5349,2025-09-23 08:27:40.275000,255,KING K. ROOL,False,3,2,0,True,2272
5350,2025-09-23 08:27:40.405000,22,ENDERMAN,False,3,1,1,True,2272
5351,2025-09-23 08:27:40.527000,4484,RIDLEY,False,1,3,0,False,2272
5352,2025-09-23 08:27:40.667000,23,SAMUS,False,0,3,0,False,2272
5353,2025-09-23 08:32:26.698000,255,KING K. ROOL,False,4,1,0,True,2273
5354,2025-09-23 08:32:26.839000,22,CAPTAIN FALCON,False,0,3,0,False,2273
5355,2025-09-23 08:32:26.997000,23,SAMUS,False,2,2,0,False,2273
5360,2025-09-24 00:57:32.826000,104,ZELDA,False,3,2,0,True,2275
5361,2025-09-24 01:01:15.183000,21,ZELDA,False,3,2,0,True,2276
5362,2025-09-24 01:01:15.353000,104,ZELDA,False,2,3,0,False,2276
5363,2025-09-24 01:04:24.793000,104,ZELDA,False,3,2,0,True,2277
5365,2025-09-24 01:07:21.662000,21,ZELDA,False,3,2,0,True,2278
5366,2025-09-24 01:07:21.829000,104,ZELDA,False,2,3,0,False,2278
5367,2025-09-24 01:11:39.012000,21,ZELDA,False,3,2,0,True,2279
5369,2025-09-24 01:16:09.223000,38,JOKER,False,3,2,0,True,2280
5371,2025-09-24 01:27:32.221000,104,SAMUS,False,0,3,0,False,2281
5372,2025-09-24 01:27:32.366000,38,JOKER,False,3,0,0,True,2281
5373,2025-09-24 01:31:31.007000,1112,NESS,False,2,3,0,False,2282
5374,2025-09-24 01:31:31.178000,104,ZELDA,False,3,2,0,True,2282
5375,2025-09-24 01:35:15.047000,1112,NESS,False,1,3,0,False,2283
5376,2025-09-24 01:35:15.232000,104,KING DEDEDE,False,3,1,0,True,2283
5364,2025-09-24 01:04:24.934000,21,ZELDA,False,0,0,0,False,2277
5357,2025-09-23 08:43:18.587000,22,DONKEY KONG,False,0,0,0,False,2274
5358,2025-09-23 08:43:18.732000,23,SAMUS,False,0,0,0,False,2274
5356,2025-09-23 08:43:18.405000,255,KING K. ROOL,False,0,0,0,True,2274
5347,2025-09-23 08:22:35.794000,4484,RIDLEY,False,2,0,1,True,2271
5331,2025-09-23 08:05:15.210000,4484,RIDLEY,False,0,0,0,False,2267
5295,2025-09-23 07:25:04.750000,4484,RIDLEY,False,0,0,0,False,2258
5377,2025-09-24 01:38:19.285000,1112,NESS,False,3,2,0,True,2284
5378,2025-09-24 01:38:19.474000,104,GANONDORF,False,2,3,0,False,2284
5379,2025-09-24 01:41:33.627000,1112,NESS,False,1,3,0,False,2285
5380,2025-09-24 01:41:33.739000,104,KING DEDEDE,False,3,1,0,True,2285
5381,2025-09-24 01:45:18.629000,1112,NESS,False,2,3,0,False,2286
5382,2025-09-24 01:45:18.815000,104,KING DEDEDE,False,3,2,0,True,2286
5383,2025-09-24 01:49:07.167000,1112,NESS,False,2,3,0,False,2287
5384,2025-09-24 01:49:07.322000,104,KING DEDEDE,False,3,2,0,True,2287
5370,2025-09-24 01:16:09.370000,104,ZELDA,False,0,0,0,False,2280
5368,2025-09-24 01:11:39.156000,104,ZELDA,False,3,3,0,False,2279
5359,2025-09-24 00:57:32.625000,21,ZELDA,False,0,0,0,False,2275
5385,2025-09-24 01:55:26.807000,1112,NESS,False,1,3,0,False,2288
5386,2025-09-24 01:55:26.967000,104,KING DEDEDE,False,3,1,0,True,2288
5387,2025-09-24 01:59:48.713000,1112,NESS,False,2,3,0,False,2289
5388,2025-09-24 01:59:48.849000,104,GANONDORF,False,3,2,0,True,2289
5389,2025-09-24 04:16:12.592000,22,ENDERMAN,False,2,1,1,True,2290
5390,2025-09-24 04:16:12.796000,4484,RIDLEY,False,0,2,0,True,2290
5391,2025-09-24 04:16:13.022000,38,JOKER,False,2,2,0,False,2290
5392,2025-09-24 04:20:00.891000,22,ENDERMAN,False,2,1,1,True,2291
5393,2025-09-24 04:20:01.097000,4484,PALUTENA,False,1,3,0,True,2291
5394,2025-09-24 04:20:01.260000,38,JOKER,False,3,3,0,False,2291
5395,2025-09-24 04:24:23.220000,22,ENDERMAN,False,0,2,0,False,2292
5396,2025-09-24 04:24:23.381000,4484,CAPTAIN FALCON,False,1,4,2,False,2292
5397,2025-09-24 04:24:23.607000,38,JOKER,False,4,1,0,True,2292
5398,2025-09-24 04:57:57.120000,22,CAPTAIN FALCON,False,3,2,1,True,2293
5399,2025-09-24 04:57:57.332000,255,KING K. ROOL,False,1,3,0,False,2293
5400,2025-09-24 04:57:57.530000,38,GANONDORF,False,6,2,1,True,2293
5401,2025-09-24 04:57:57.706000,23,SAMUS,False,2,2,0,False,2293
5402,2025-09-24 04:57:57.867000,2821,ZOMBIE,False,0,2,0,True,2293
5403,2025-09-24 04:57:58.083000,5176,KING K. ROOL,False,1,4,0,False,2293
5404,2025-09-24 05:03:40.132000,22,ENDERMAN,False,3,2,0,True,2294
5405,2025-09-24 05:03:40.381000,255,KING K. ROOL,False,3,1,0,True,2294
5406,2025-09-24 05:03:40.571000,23,SAMUS,False,2,2,0,False,2294
5407,2025-09-24 05:03:40.801000,2821,ZOMBIE,False,2,4,0,False,2294
5408,2025-09-24 05:08:29.119000,22,CAPTAIN FALCON,False,2,1,1,True,2295
5409,2025-09-24 05:08:29.288000,255,KING K. ROOL,False,2,2,0,True,2295
5410,2025-09-24 05:08:29.411000,23,SAMUS,False,1,3,0,False,2295
5411,2025-09-24 05:08:29.565000,2821,ZOMBIE,False,2,3,1,False,2295
5412,2025-09-24 05:13:09.130000,22,CAPTAIN FALCON,False,2,3,0,False,2296
5413,2025-09-24 05:13:09.292000,2821,ZOMBIE,False,3,2,0,True,2296
5414,2025-09-24 05:22:29.459000,23,SAMUS,False,2,3,0,False,2297
5415,2025-09-24 05:22:29.628000,2821,ZOMBIE,False,3,2,0,True,2297
5416,2025-09-24 05:27:37.832000,23,SAMUS,False,2,2,0,True,2298
5417,2025-09-24 05:27:37.968000,2821,ZOMBIE,False,2,3,0,False,2298
5418,2025-09-24 05:31:47.242000,255,KING K. ROOL,False,0,2,0,False,2299
5419,2025-09-24 05:31:47.354000,2821,ZOMBIE,False,3,2,0,True,2299
5420,2025-09-24 05:35:57.083000,255,KING K. ROOL,False,1,3,0,False,2300
5421,2025-09-24 05:35:57.306000,2821,ZOMBIE,False,3,1,0,True,2300
5422,2025-09-24 05:38:42.935000,22,CAPTAIN FALCON,False,3,0,0,True,2301
5423,2025-09-24 05:38:43.075000,2821,ZOMBIE,False,0,3,0,False,2301
5424,2025-09-24 05:43:28.995000,22,CAPTAIN FALCON,False,2,2,0,False,2302
5425,2025-09-24 05:43:29.104000,2821,ZOMBIE,False,3,2,0,True,2302
5426,2025-09-24 05:48:53.470000,22,CAPTAIN FALCON,False,2,3,0,False,2303
5427,2025-09-24 05:48:53.614000,2821,ZOMBIE,False,2,2,0,True,2303
5428,2025-09-24 05:53:19.085000,4484,POKÉMON TRAINER,False,2,2,0,True,2304
5429,2025-09-24 05:53:19.249000,2821,ZOMBIE,False,2,3,0,False,2304
5430,2025-09-24 06:01:27.038000,2821,ZOMBIE,False,1,3,0,False,2305
5431,2025-09-24 06:01:27.262000,22,CAPTAIN FALCON,False,3,1,0,True,2305
5432,2025-09-24 06:06:26.740000,21,MR. GAME & WATCH,False,3,1,0,True,2306
5434,2025-09-24 06:11:25.198000,21,ZELDA,False,3,1,0,True,2307
5435,2025-09-24 06:11:25.318000,2821,ZOMBIE,False,1,3,0,False,2307
5436,2025-09-24 06:15:51.515000,38,JOKER,False,3,1,0,True,2308
5437,2025-09-24 06:15:51.746000,2821,ZOMBIE,False,0,0,0,False,2308
5438,2025-09-24 06:24:57.402000,4484,WOLF,False,2,1,0,True,2309
5439,2025-09-24 06:24:57.527000,255,KING K. ROOL,False,1,2,0,False,2309
5441,2025-09-24 06:28:31.748000,4484,WOLF,False,0,3,0,False,2310
5440,2025-09-24 06:28:31.624000,255,KING K. ROOL,False,0,0,0,True,2310
5442,2025-09-24 06:31:30.360000,255,KING K. ROOL,False,3,1,0,True,2311
5444,2025-09-24 06:36:47.851000,255,KING K. ROOL,False,3,2,0,True,2312
5445,2025-09-24 06:36:48.028000,4484,WOLF,False,2,3,0,False,2312
5443,2025-09-24 06:31:30.534000,4484,WOLF,False,0,0,0,False,2311
5446,2025-09-24 06:41:30.653000,4484,WOLF,False,2,0,0,True,2313
5447,2025-09-24 06:41:30.827000,23,SAMUS,False,0,3,0,False,2313
5448,2025-09-24 07:30:27.131000,23,SAMUS,False,3,2,0,True,2314
5449,2025-09-24 07:30:27.311000,39,SORA,False,2,3,0,False,2314
5450,2025-09-24 07:30:55.680000,39,DONKEY KONG,False,3,1,0,True,2315
5451,2025-09-24 07:30:55.804000,23,SAMUS,False,1,3,0,False,2315
5452,2025-09-24 07:34:56.118000,23,SAMUS,False,3,1,0,True,2316
5453,2025-09-24 07:34:56.245000,39,DONKEY KONG,False,1,3,0,False,2316
5454,2025-09-24 07:37:05.140000,39,DONKEY KONG,False,3,1,0,True,2317
5455,2025-09-24 07:37:05.294000,23,SAMUS,False,1,3,0,False,2317
5433,2025-09-24 06:06:26.927000,2821,STEVE,False,0,3,0,False,2306
5457,2025-09-25 00:57:41.323000,50,YOSHI,False,2,3,0,False,2318
5458,2025-09-25 01:00:53.224000,50,YOSHI,False,0,0,0,False,2319
5459,2025-09-25 01:00:53.479000,104,ZELDA,False,0,0,0,True,2319
5460,2025-09-25 01:05:09.101000,50,YOSHI,False,2,3,0,False,2320
5461,2025-09-25 01:05:09.211000,104,ZELDA,False,3,2,0,True,2320
5462,2025-09-25 01:10:57.957000,50,YOSHI,False,2,2,0,False,2321
5463,2025-09-25 01:10:58.138000,3005,GRENINJA,False,1,3,0,False,2321
5464,2025-09-25 01:10:58.296000,104,ZELDA,False,3,1,0,True,2321
5465,2025-09-25 01:10:58.416000,255,KING K. ROOL,False,2,3,0,False,2321
5466,2025-09-25 01:15:44.714000,104,SAMUS,False,4,2,0,True,2322
5467,2025-09-25 01:15:44.865000,255,KING K. ROOL,False,2,3,0,False,2322
5468,2025-09-25 01:15:45.013000,50,YOSHI,False,0,3,0,False,2322
5469,2025-09-25 01:18:12.290000,104,KING DEDEDE,False,3,2,0,True,2323
5470,2025-09-25 01:18:12.428000,3005,GRENINJA,False,0,3,0,False,2323
5471,2025-09-25 01:18:12.575000,255,KING K. ROOL,False,3,3,0,False,2323
5472,2025-09-25 01:22:01.897000,104,SAMUS,False,1,3,0,False,2324
5473,2025-09-25 01:22:02.051000,3005,GRENINJA,False,0,3,0,False,2324
5474,2025-09-25 01:22:02.209000,255,KING K. ROOL,False,2,2,1,True,2324
5475,2025-09-25 01:22:02.335000,22,ENDERMAN,False,4,1,1,True,2324
5476,2025-09-25 01:45:06.703000,39,SORA,False,3,3,1,False,2325
5477,2025-09-25 01:45:06.938000,3005,GRENINJA,False,0,3,1,False,2325
5478,2025-09-25 01:45:07.284000,255,KING K. ROOL,False,3,3,0,True,2325
5479,2025-09-25 01:45:07.525000,22,CAPTAIN FALCON,False,3,3,0,True,2325
5480,2025-09-25 01:48:57.447000,39,SORA,False,1,2,0,False,2326
5481,2025-09-25 01:48:57.624000,3005,GRENINJA,False,0,2,1,False,2326
5482,2025-09-25 01:48:57.792000,255,KING K. ROOL,False,4,2,1,True,2326
5483,2025-09-25 01:48:57.950000,22,CAPTAIN FALCON,False,1,2,1,True,2326
5484,2025-09-25 01:53:35.001000,39,DONKEY KONG,False,2,3,0,True,2327
5485,2025-09-25 01:53:35.157000,3005,GRENINJA,False,1,3,1,False,2327
5486,2025-09-25 01:53:35.301000,255,KING K. ROOL,False,3,3,0,False,2327
5487,2025-09-25 01:53:35.476000,22,ENDERMAN,False,3,2,1,True,2327
5488,2025-09-25 01:59:11.098000,39,DONKEY KONG,False,3,2,0,True,2328
5489,2025-09-25 01:59:11.303000,255,KING K. ROOL,False,2,3,0,False,2328
5490,2025-09-25 02:03:50.223000,39,DONKEY KONG,False,3,2,0,True,2329
5491,2025-09-25 02:03:50.377000,22,ENDERMAN,False,2,3,0,False,2329
5492,2025-09-25 02:06:35.684000,39,DONKEY KONG,False,3,2,0,True,2330
5493,2025-09-25 02:06:35.868000,255,KING K. ROOL,False,2,3,0,False,2330
5494,2025-09-25 02:10:03.915000,39,DONKEY KONG,False,1,2,1,False,2331
5495,2025-09-25 02:10:04.056000,88,LINK,False,2,1,1,True,2331
5496,2025-09-25 02:16:56.430000,50,YOSHI,False,4,2,0,True,2332
5497,2025-09-25 02:16:56.526000,88,LUCAS,False,2,2,0,False,2332
5498,2025-09-25 02:16:56.618000,255,KING K. ROOL,False,1,3,0,False,2332
5499,2025-09-25 02:16:56.745000,22,CAPTAIN FALCON,False,2,3,0,False,2332
5500,2025-09-25 02:21:53.774000,50,YOSHI,False,0,0,0,True,2333
5501,2025-09-25 02:21:53.921000,88,LUCAS,False,3,3,0,False,2333
5502,2025-09-25 02:21:54.065000,22,CAPTAIN FALCON,False,2,3,0,False,2333
5503,2025-09-25 02:26:38.731000,50,YOSHI,False,4,2,0,True,2334
5504,2025-09-25 02:26:38.865000,88,IKE,False,3,3,0,False,2334
5505,2025-09-25 02:26:39.026000,22,CAPTAIN FALCON,False,1,3,0,False,2334
5506,2025-09-25 02:30:37.149000,88,ISABELLE,False,4,1,0,True,2335
5507,2025-09-25 02:30:37.299000,22,CAPTAIN FALCON,False,2,3,0,False,2335
6840,2025-11-11 19:17:01.818000,21,INCINEROAR,False,3,1,0,True,2918
5509,2025-09-25 02:36:09.837000,88,MEGA MAN,False,4,2,0,True,2336
5510,2025-09-25 02:36:09.992000,50,DIDDY KONG,False,3,3,0,False,2336
5511,2025-09-25 02:36:10.138000,22,LUCINA,False,1,3,0,False,2336
5512,2025-09-25 02:41:09.660000,88,BYLETH,False,6,2,0,True,2337
5513,2025-09-25 02:41:09.881000,22,ENDERMAN,False,0,3,0,False,2337
5514,2025-09-25 02:41:10.041000,50,WOLF,False,2,3,0,False,2337
5515,2025-09-25 02:45:17.635000,88,BYLETH,False,1,2,0,False,2338
5516,2025-09-25 02:45:17.816000,22,CAPTAIN FALCON,False,4,2,0,True,2338
5517,2025-09-25 02:45:17.952000,50,WOLF,False,2,2,0,False,2338
5518,2025-09-25 02:49:30.914000,4484,CAPTAIN FALCON,False,1,3,0,False,2339
5519,2025-09-25 02:49:31.040000,88,YOSHI,False,2,2,0,True,2339
5520,2025-09-25 02:49:31.189000,22,CAPTAIN FALCON,False,2,3,0,False,2339
5521,2025-09-25 02:49:31.354000,50,YOSHI,False,4,1,0,True,2339
5522,2025-09-25 02:54:06.433000,4484,RIDLEY,False,2,2,0,True,2340
5523,2025-09-25 02:54:06.589000,88,YOSHI,False,4,3,0,False,2340
5524,2025-09-25 02:54:06.708000,22,ENDERMAN,False,2,2,0,True,2340
5525,2025-09-25 02:54:06.810000,50,YOSHI,False,1,3,0,False,2340
5526,2025-09-25 02:58:39.590000,4484,RIDLEY,False,1,2,0,False,2341
5527,2025-09-25 02:58:39.789000,88,YOSHI,False,3,2,0,True,2341
5528,2025-09-25 02:58:40.006000,22,ENDERMAN,False,0,3,0,False,2341
5529,2025-09-25 02:58:40.146000,50,YOSHI,False,2,1,1,True,2341
5530,2025-09-25 03:04:33.122000,4484,PALUTENA,False,2,2,0,False,2342
5531,2025-09-25 03:04:33.254000,88,LUCAS,False,3,2,0,True,2342
5532,2025-09-25 03:04:33.401000,22,ZOMBIE,False,2,3,0,False,2342
5533,2025-09-25 03:04:33.532000,50,YOSHI,False,3,3,0,True,2342
5534,2025-09-25 03:09:30.519000,4484,PALUTENA,False,2,3,1,True,2343
5535,2025-09-25 03:09:30.642000,88,TOON LINK,False,1,3,0,False,2343
5536,2025-09-25 03:09:30.727000,22,ENDERMAN,False,4,2,0,True,2343
5537,2025-09-25 03:09:30.820000,50,YOSHI,False,2,3,0,False,2343
5538,2025-09-25 03:15:09.327000,4484,PALUTENA,False,2,1,0,True,2344
5539,2025-09-25 03:15:09.525000,88,IKE,False,4,3,0,False,2344
5540,2025-09-25 03:15:09.740000,22,CAPTAIN FALCON,False,1,3,0,True,2344
5541,2025-09-25 03:15:09.926000,50,YOSHI,False,2,2,2,False,2344
5542,2025-09-25 03:19:49.864000,4484,PALUTENA,False,3,2,0,True,2345
5543,2025-09-25 03:19:49.996000,88,LINK,False,3,2,0,False,2345
5544,2025-09-25 03:19:50.127000,22,CAPTAIN FALCON,False,2,3,0,False,2345
5545,2025-09-25 03:19:50.260000,50,YOSHI,False,1,3,0,False,2345
5546,2025-09-25 03:25:11.533000,4484,PALUTENA,False,3,3,0,False,2346
5547,2025-09-25 03:25:11.695000,88,LINK,False,4,3,0,False,2346
6841,2025-11-11 19:17:01.950000,39,DONKEY KONG,False,1,3,0,False,2918
5549,2025-09-25 03:25:11.961000,50,HERO,False,6,2,0,True,2346
5550,2025-09-25 03:30:06.085000,4484,PALUTENA,False,2,2,0,True,2347
5551,2025-09-25 03:30:06.216000,88,LINK,False,4,3,0,False,2347
5552,2025-09-25 03:30:06.363000,22,CAPTAIN FALCON,False,1,3,0,False,2347
5553,2025-09-25 03:30:06.499000,50,HERO,False,2,2,0,False,2347
5554,2025-09-25 03:35:05.041000,4484,PALUTENA,False,2,2,0,False,2348
5555,2025-09-25 03:35:05.249000,88,LINK,False,2,2,0,True,2348
5556,2025-09-25 03:35:05.366000,22,CAPTAIN FALCON,False,0,3,0,False,2348
5557,2025-09-25 03:35:05.503000,50,HERO,False,5,3,0,False,2348
5558,2025-09-25 03:39:58.285000,4484,PALUTENA,False,3,1,0,True,2349
5559,2025-09-25 03:39:58.390000,88,BOWSER,False,2,2,0,False,2349
5560,2025-09-25 03:39:58.501000,22,CAPTAIN FALCON,False,0,2,0,False,2349
5561,2025-09-25 03:39:58.619000,50,YOSHI,False,2,2,0,False,2349
5562,2025-09-25 03:44:26.622000,4484,PALUTENA,False,0,2,0,False,2350
5563,2025-09-25 03:44:26.797000,88,BOWSER,False,4,3,0,False,2350
5564,2025-09-25 03:44:26.942000,22,CAPTAIN FALCON,False,1,3,0,False,2350
5565,2025-09-25 03:44:27.100000,50,YOSHI,False,6,2,0,True,2350
5566,2025-09-25 03:48:36.084000,88,BOWSER,False,5,2,0,True,2351
5567,2025-09-25 03:48:36.229000,4484,PALUTENA,False,0,2,0,False,2351
5568,2025-09-25 03:48:36.367000,50,YOSHI,False,3,3,0,False,2351
5569,2025-09-25 03:48:36.476000,22,GANONDORF,False,1,3,0,False,2351
5570,2025-09-25 03:53:49.512000,4484,PALUTENA,False,2,2,0,True,2352
5571,2025-09-25 03:53:49.655000,88,IKE,False,2,3,0,False,2352
5572,2025-09-25 03:53:49.790000,22,GANONDORF,False,2,3,0,False,2352
5573,2025-09-25 03:53:49.895000,50,HERO,False,5,3,0,False,2352
5574,2025-09-25 03:58:46.957000,4484,PALUTENA,False,3,3,0,True,2353
5575,2025-09-25 03:58:47.095000,22,CAPTAIN FALCON,False,3,3,0,False,2353
5576,2025-09-25 04:02:43.171000,4484,PALUTENA,False,2,3,0,False,2354
5577,2025-09-25 04:02:43.276000,22,CAPTAIN FALCON,False,3,2,0,True,2354
5578,2025-09-25 04:07:52.295000,4484,PALUTENA,False,2,3,0,False,2355
5579,2025-09-25 04:07:52.456000,22,ENDERMAN,False,3,2,0,True,2355
5580,2025-09-25 04:10:37.471000,4484,PALUTENA,False,1,3,0,False,2356
5581,2025-09-25 04:10:37.590000,22,STEVE,False,3,1,0,True,2356
5582,2025-09-25 04:15:15.513000,4484,RIDLEY,False,2,2,0,True,2357
5583,2025-09-25 04:15:15.638000,22,ENDERMAN,False,2,3,0,False,2357
5584,2025-09-25 04:18:09.339000,4484,RIDLEY,False,1,3,0,False,2358
5585,2025-09-25 04:18:09.570000,22,STEVE,False,3,1,0,True,2358
5586,2025-09-25 04:21:28.270000,4484,KING K. ROOL,False,0,3,0,False,2359
5587,2025-09-25 04:21:28.473000,22,ENDERMAN,False,3,1,0,True,2359
5588,2025-09-25 04:25:13.603000,4484,KING K. ROOL,False,0,3,0,False,2360
5589,2025-09-25 04:25:13.822000,22,ENDERMAN,False,3,1,0,True,2360
5590,2025-09-25 04:30:49.264000,4484,SEPHIROTH,False,4,2,0,True,2361
5591,2025-09-25 04:30:49.411000,255,KING K. ROOL,False,1,3,0,False,2361
5592,2025-09-25 04:30:49.545000,22,ENDERMAN,False,3,3,0,False,2361
5593,2025-09-25 04:34:58.735000,4484,SEPHIROTH,False,2,2,0,False,2362
5594,2025-09-25 04:34:58.866000,255,KING K. ROOL,False,4,1,0,True,2362
5595,2025-09-25 04:34:59.019000,22,CAPTAIN FALCON,False,1,3,0,False,2362
5596,2025-09-25 04:39:43.039000,4484,CORRIN,False,2,2,0,True,2363
5597,2025-09-25 04:39:43.172000,255,KING K. ROOL,False,3,3,0,False,2363
5598,2025-09-25 04:39:43.286000,22,BYLETH,False,3,3,0,False,2363
5599,2025-10-04 07:57:36.926000,22,MR. GAME & WATCH,False,1,0,3,False,2364
5600,2025-10-04 07:57:37.111000,21,JOKER,False,0,1,0,True,2364
5601,2025-10-04 12:30:25.515000,38,BOWSER,False,2,2,0,True,2365
5602,2025-10-04 12:30:25.728000,21,MR. GAME & WATCH,False,2,2,0,False,2365
5603,2025-10-04 12:32:53.448000,38,BOWSER,False,3,0,0,True,2366
5604,2025-10-04 12:32:53.592000,21,MR. GAME & WATCH,False,0,3,0,False,2366
5605,2025-10-04 12:35:12.261000,38,BOWSER,False,2,2,0,False,2367
5606,2025-10-04 12:35:12.357000,21,ZELDA,False,2,2,0,True,2367
5607,2025-10-04 12:38:05.952000,38,BOWSER,False,3,2,0,True,2368
5608,2025-10-04 12:38:06.053000,21,ZELDA,False,2,3,0,False,2368
5609,2025-10-04 12:42:22.025000,38,JOKER,False,0,0,0,True,2369
5610,2025-10-04 12:42:22.095000,21,FALCO,False,0,0,0,False,2369
5611,2025-10-04 12:45:13.278000,38,JOKER,False,3,2,0,True,2370
5612,2025-10-04 12:45:13.377000,21,MR. GAME & WATCH,False,2,3,0,False,2370
5613,2025-10-04 12:48:28.327000,38,JOKER,False,3,0,0,True,2371
5614,2025-10-04 12:48:28.402000,21,MR. GAME & WATCH,False,0,3,0,False,2371
5615,2025-10-06 00:29:15.519000,50,YOSHI,False,3,2,0,True,2372
5616,2025-10-06 00:29:15.684000,22,CAPTAIN FALCON,False,2,3,0,False,2372
5617,2025-10-06 00:33:26.551000,50,YOSHI,False,3,2,0,True,2373
5618,2025-10-06 00:33:26.751000,22,CAPTAIN FALCON,False,0,3,0,False,2373
5619,2025-10-06 00:37:03.568000,50,YOSHI,False,3,2,0,True,2374
5620,2025-10-06 00:37:03.707000,22,CAPTAIN FALCON,False,2,3,0,False,2374
5621,2025-10-06 00:45:07.681000,50,YOSHI,False,2,2,0,True,2375
5622,2025-10-06 00:45:07.834000,22,ZOMBIE,False,2,3,0,False,2375
5623,2025-10-06 00:49:15.024000,50,YOSHI,False,3,2,0,True,2376
5624,2025-10-06 00:49:15.134000,22,ENDERMAN,False,2,3,0,False,2376
6842,2025-11-11 19:20:11.150000,21,INCINEROAR,False,3,1,0,True,2919
6843,2025-11-11 19:20:11.284000,39,DONKEY KONG,False,1,3,0,False,2919
6872,2025-11-12 22:16:47.193000,38,GANONDORF,False,2,2,0,True,2934
9584,2026-01-20 19:42:32.869000,21,GANONDORF,False,3,2,0,True,4117
6894,2025-11-12 22:56:34.053000,21,INCINEROAR,False,2,2,0,False,2945
6895,2025-11-12 22:56:34.180000,104,KING DEDEDE,False,3,2,0,True,2945
5631,2025-10-06 02:25:47.509000,21,MR. GAME & WATCH,False,3,3,0,False,2380
5632,2025-10-06 02:25:47.685000,54,KING K. ROOL,False,3,3,0,True,2380
5633,2025-10-06 02:28:09.088000,21,MR. GAME & WATCH,False,3,1,0,True,2381
5634,2025-10-06 02:28:09.254000,54,GANONDORF,False,1,3,0,False,2381
5635,2025-10-06 02:33:51.560000,21,MR. GAME & WATCH,False,2,2,0,True,2382
5636,2025-10-06 02:33:51.704000,54,STEVE,False,2,3,0,False,2382
5637,2025-10-06 02:37:20.285000,21,MR. GAME & WATCH,False,3,1,0,True,2383
5638,2025-10-06 02:37:20.415000,54,JOKER,False,1,3,0,False,2383
5639,2025-10-06 02:42:15.968000,4484,PALUTENA,False,3,2,0,True,2384
5640,2025-10-06 02:42:16.118000,50,YOSHI,False,2,3,0,False,2384
5641,2025-10-06 02:50:48.537000,4484,PALUTENA,False,1,3,0,False,2385
5642,2025-10-06 02:50:48.664000,54,JOKER,False,3,1,0,True,2385
5643,2025-10-06 02:56:02.656000,4484,PALUTENA,False,3,1,0,True,2386
5644,2025-10-06 02:56:02.759000,54,JOKER,False,0,3,0,False,2386
5645,2025-10-06 03:00:58.057000,4484,PALUTENA,False,3,2,0,True,2387
5646,2025-10-06 03:00:58.207000,54,JOKER,False,2,3,0,False,2387
6904,2025-11-12 23:19:43.969000,21,INCINEROAR,False,2,2,0,False,2950
6905,2025-11-12 23:19:44.091000,104,SAMUS,False,2,2,0,True,2950
5649,2025-10-07 01:52:54.487000,21,MR. GAME & WATCH,False,3,2,0,True,2389
5650,2025-10-07 01:52:54.655000,104,ZELDA,False,2,3,0,False,2389
5651,2025-10-07 01:55:54.239000,21,ZELDA,False,3,1,0,True,2390
5652,2025-10-07 01:55:54.378000,104,ZELDA,False,0,3,0,False,2390
5653,2025-10-07 01:58:41.215000,21,ZELDA,False,3,2,0,True,2391
5654,2025-10-07 01:58:41.412000,104,ZELDA,False,2,3,0,False,2391
5655,2025-10-07 02:00:44.800000,21,ZELDA,False,3,1,0,True,2392
5656,2025-10-07 02:00:44.910000,104,ZELDA,False,0,3,0,False,2392
5657,2025-10-07 02:04:42.721000,21,DONKEY KONG,False,3,2,0,True,2393
5658,2025-10-07 02:04:42.885000,104,ZELDA,False,0,3,0,False,2393
5659,2025-10-07 02:09:41.674000,21,DONKEY KONG,False,2,3,0,False,2394
5660,2025-10-07 02:09:41.787000,104,KING DEDEDE,False,3,2,0,True,2394
5661,2025-10-07 02:12:56.634000,21,DONKEY KONG,False,3,2,0,True,2395
5662,2025-10-07 02:12:56.760000,104,KING DEDEDE,False,2,3,0,False,2395
5663,2025-10-07 02:15:33.118000,21,DONKEY KONG,False,2,3,0,False,2396
5664,2025-10-07 02:15:33.280000,104,KING DEDEDE,False,3,2,0,True,2396
5665,2025-10-07 02:18:16.848000,21,DONKEY KONG,False,3,3,0,False,2397
5666,2025-10-07 02:18:17.022000,104,KING DEDEDE,False,3,3,0,True,2397
6844,2025-11-11 19:23:07.786000,21,INCINEROAR,False,2,2,0,True,2920
5668,2025-10-07 02:21:12.599000,104,KING DEDEDE,False,2,1,0,True,2398
5669,2025-10-07 02:25:11.649000,21,DONKEY KONG,False,0,0,0,False,2399
5670,2025-10-07 02:25:11.764000,104,KING DEDEDE,False,2,2,0,True,2399
5671,2025-10-07 02:28:35.361000,21,DONKEY KONG,False,2,3,0,False,2400
5672,2025-10-07 02:28:35.446000,104,KING DEDEDE,False,3,2,0,True,2400
5673,2025-10-07 02:31:36.298000,104,ZELDA,False,3,2,0,True,2401
5674,2025-10-07 02:31:36.417000,21,ZELDA,False,2,3,0,False,2401
6845,2025-11-11 19:23:07.896000,39,DONKEY KONG,False,2,3,0,False,2920
6874,2025-11-12 22:19:09.169000,21,INCINEROAR,False,1,3,0,False,2935
6875,2025-11-12 22:19:09.297000,38,GANONDORF,False,3,1,0,True,2935
6896,2025-11-12 23:02:55.699000,21,INCINEROAR,False,3,1,0,True,2946
6897,2025-11-12 23:02:55.835000,104,KING DEDEDE,False,1,2,0,False,2946
6906,2025-11-12 23:23:37.600000,21,INCINEROAR,False,2,3,0,False,2951
6907,2025-11-12 23:23:37.733000,104,SAMUS,False,3,2,0,True,2951
6911,2025-11-12 23:32:24.464000,104,SAMUS,False,2,2,0,True,2953
5683,2025-10-07 23:27:54.240000,88,LUCAS,False,2,1,0,True,2406
5684,2025-10-07 23:27:54.456000,39,DONKEY KONG,False,1,3,0,False,2406
5685,2025-10-07 23:50:26.460000,88,LUCAS,False,0,3,0,False,2407
5686,2025-10-07 23:50:26.626000,38,JOKER,False,3,0,0,True,2407
5687,2025-10-07 23:52:40.823000,88,LINK,False,1,3,0,False,2408
5688,2025-10-07 23:52:40.954000,38,JOKER,False,3,1,0,True,2408
5689,2025-10-08 00:58:17.006000,39,DONKEY KONG,False,1,3,0,False,2409
5690,2025-10-08 00:58:17.232000,104,KING DEDEDE,False,2,1,0,True,2409
5691,2025-10-08 01:01:21.600000,39,SORA,False,1,3,0,False,2410
5692,2025-10-08 01:01:21.834000,104,KING DEDEDE,False,2,1,0,True,2410
5693,2025-10-08 01:03:41.168000,39,DONKEY KONG,False,3,3,0,True,2411
5694,2025-10-08 01:03:41.330000,104,KING DEDEDE,False,0,3,0,False,2411
5695,2025-10-08 01:06:02.583000,39,DONKEY KONG,False,1,3,0,False,2412
5696,2025-10-08 01:06:02.734000,104,KING DEDEDE,False,3,1,0,True,2412
5697,2025-10-08 01:08:09.011000,39,DONKEY KONG,False,0,3,0,False,2413
5698,2025-10-08 01:08:09.167000,104,KING DEDEDE,False,3,1,0,True,2413
5699,2025-10-08 01:12:23.441000,39,DONKEY KONG,False,2,3,0,False,2414
5700,2025-10-08 01:12:23.613000,104,KING DEDEDE,False,3,2,0,True,2414
5701,2025-10-08 01:15:03.392000,104,KING DEDEDE,False,2,1,0,True,2415
5702,2025-10-08 01:15:03.527000,39,DONKEY KONG,False,1,3,0,False,2415
5703,2025-10-08 01:17:40.045000,39,DONKEY KONG,False,2,3,0,False,2416
5704,2025-10-08 01:17:40.147000,104,KING DEDEDE,False,2,2,0,True,2416
5705,2025-10-08 06:54:14.451000,39,SORA,False,1,3,0,False,2417
5706,2025-10-08 06:54:14.618000,21,MR. GAME & WATCH,False,3,1,0,True,2417
6914,2025-11-12 23:47:24.355000,104,SAMUS,False,3,1,0,True,2955
6915,2025-11-12 23:47:24.471000,38,INCINEROAR,False,0,3,0,False,2955
6918,2025-11-12 23:59:20.571000,21,INCINEROAR,False,0,3,0,False,2957
6919,2025-11-12 23:59:20.723000,38,CAPTAIN FALCON,False,3,1,0,True,2957
5713,2025-10-09 04:52:51.278000,38,CAPTAIN FALCON,False,2,1,0,True,2421
5714,2025-10-09 04:52:51.562000,39,DONKEY KONG,False,1,3,0,False,2421
5715,2025-10-09 04:54:46.672000,38,CAPTAIN FALCON,False,3,1,0,True,2422
5716,2025-10-09 04:54:46.810000,39,DONKEY KONG,False,1,3,0,False,2422
5717,2025-10-09 04:56:48.562000,38,CAPTAIN FALCON,False,3,2,0,True,2423
5718,2025-10-09 04:56:48.690000,39,DONKEY KONG,False,2,3,0,False,2423
5719,2025-10-09 04:59:17.989000,38,GANONDORF,False,3,1,0,True,2424
5720,2025-10-09 04:59:18.105000,39,DONKEY KONG,False,1,3,0,False,2424
5721,2025-10-09 05:01:14.814000,38,GANONDORF,False,2,1,0,True,2425
5722,2025-10-09 05:01:14.926000,39,DONKEY KONG,False,1,2,0,False,2425
5723,2025-10-09 05:02:49.794000,38,GANONDORF,False,2,0,0,True,2426
5724,2025-10-09 05:02:49.926000,39,DONKEY KONG,False,0,2,0,False,2426
5725,2025-10-09 05:04:56.202000,38,GANONDORF,False,3,2,0,True,2427
5726,2025-10-09 05:04:56.313000,39,DONKEY KONG,False,2,3,0,False,2427
5727,2025-10-09 05:06:51.506000,38,GANONDORF,False,2,1,0,True,2428
5728,2025-10-09 05:06:51.631000,39,DONKEY KONG,False,1,2,0,False,2428
5729,2025-10-09 05:09:39.112000,39,DONKEY KONG,False,3,1,0,True,2429
5730,2025-10-09 05:09:39.267000,38,GANONDORF,False,0,3,0,False,2429
5731,2025-10-09 05:12:33.621000,38,CAPTAIN FALCON,False,3,2,0,True,2430
5732,2025-10-09 05:12:33.738000,39,DONKEY KONG,False,2,3,0,False,2430
5733,2025-10-09 05:16:13.804000,38,CAPTAIN FALCON,False,3,2,0,True,2431
5734,2025-10-09 05:16:13.931000,39,DONKEY KONG,False,2,3,0,False,2431
5735,2025-10-09 05:17:45.130000,38,CAPTAIN FALCON,False,3,0,0,True,2432
5736,2025-10-09 05:17:45.251000,39,DONKEY KONG,False,0,3,0,False,2432
5737,2025-10-09 05:19:53.075000,38,GANONDORF,False,3,1,0,True,2433
5738,2025-10-09 05:19:53.227000,39,SORA,False,1,3,0,False,2433
5739,2025-10-09 05:24:17.168000,38,SORA,False,2,2,0,True,2434
5740,2025-10-09 05:24:17.275000,39,LUCINA,False,2,3,0,False,2434
5667,2025-10-07 02:21:12.454000,21,DONKEY KONG,False,0,2,1,False,2398
5741,2025-10-09 05:26:16.884000,38,JOKER,False,2,2,0,True,2435
5742,2025-10-09 05:26:16.994000,39,DONKEY KONG,False,2,3,0,False,2435
5743,2025-10-09 05:31:35.695000,38,JOKER,False,3,1,0,True,2436
5744,2025-10-09 05:31:35.826000,39,DONKEY KONG,False,1,3,0,False,2436
5745,2025-10-09 05:34:32.710000,38,JOKER,False,3,1,0,True,2437
5746,2025-10-09 05:34:32.820000,39,DONKEY KONG,False,0,3,0,False,2437
5747,2025-10-09 05:37:31.485000,38,JOKER,False,2,1,0,True,2438
5748,2025-10-09 05:37:31.626000,39,DONKEY KONG,False,1,2,0,False,2438
5749,2025-10-09 05:39:16.802000,38,JOKER,False,0,0,0,True,2439
5750,2025-10-09 05:39:16.916000,39,DONKEY KONG,False,0,0,0,False,2439
5751,2025-10-09 05:42:05.896000,38,JOKER,False,2,0,0,True,2440
5752,2025-10-09 05:42:05.999000,39,SORA,False,0,3,0,False,2440
5753,2025-10-09 05:45:22.948000,38,INCINEROAR,False,3,2,0,True,2441
5754,2025-10-09 05:45:23.055000,39,DONKEY KONG,False,2,3,0,False,2441
5755,2025-10-09 05:48:49.069000,21,DONKEY KONG,False,3,2,0,True,2442
5756,2025-10-09 05:48:49.173000,38,INCINEROAR,False,2,3,0,False,2442
5757,2025-10-09 05:50:55.667000,38,INCINEROAR,False,2,1,0,True,2443
5758,2025-10-09 05:50:55.787000,39,DONKEY KONG,False,1,3,0,False,2443
5759,2025-10-09 05:52:34.181000,38,INCINEROAR,False,3,1,1,True,2444
5760,2025-10-09 05:52:34.325000,39,DONKEY KONG,False,1,3,0,False,2444
5761,2025-10-09 05:54:06.916000,38,INCINEROAR,False,3,0,0,True,2445
5762,2025-10-09 05:54:07.066000,39,DONKEY KONG,False,0,3,0,False,2445
5763,2025-10-09 05:57:32.369000,38,INCINEROAR,False,3,2,0,True,2446
5764,2025-10-09 05:57:32.512000,39,DONKEY KONG,False,2,3,0,False,2446
5765,2025-10-09 06:00:27.007000,21,MR. GAME & WATCH,False,1,3,0,False,2447
5766,2025-10-09 06:00:27.131000,38,INCINEROAR,False,3,1,0,True,2447
5767,2025-10-09 06:03:40.994000,21,MR. GAME & WATCH,False,1,3,0,False,2448
5768,2025-10-09 06:03:41.140000,38,BOWSER,False,3,1,0,True,2448
5769,2025-10-09 06:05:35.815000,21,ZELDA,False,2,3,0,False,2449
5770,2025-10-09 06:05:35.969000,38,BOWSER,False,3,2,0,True,2449
5771,2025-10-09 06:07:45.900000,21,ZELDA,False,1,3,0,False,2450
5772,2025-10-09 06:07:46.030000,38,BOWSER,False,3,1,0,True,2450
5773,2025-10-09 06:10:59.019000,21,ZELDA,False,1,3,0,False,2451
5774,2025-10-09 06:10:59.174000,38,BOWSER,False,3,1,0,True,2451
5775,2025-10-09 06:13:03.013000,38,BOWSER,False,3,0,0,True,2452
6846,2025-11-11 19:26:44.509000,21,INCINEROAR,False,3,2,0,True,2921
5777,2025-10-09 06:16:34.056000,21,SNAKE,False,1,3,0,False,2453
5778,2025-10-09 06:16:34.169000,38,MARTH,False,0,0,0,True,2453
5779,2025-10-09 06:20:01.368000,21,MR. GAME & WATCH,False,3,2,0,True,2454
5780,2025-10-09 06:20:01.460000,38,MARTH,False,2,3,0,False,2454
5781,2025-10-09 06:23:37.451000,21,MR. GAME & WATCH,False,3,2,0,True,2455
5782,2025-10-09 06:23:37.621000,38,PIRANHA PLANT,False,2,3,0,False,2455
5783,2025-10-09 06:27:25.134000,21,MR. GAME & WATCH,False,1,3,0,False,2456
5784,2025-10-09 06:27:25.247000,38,JOKER,False,2,1,0,True,2456
5785,2025-10-09 06:31:15.305000,21,ZELDA,False,3,2,0,True,2457
5786,2025-10-09 06:31:15.425000,38,BOWSER,False,2,3,0,False,2457
5787,2025-10-09 06:33:40.031000,21,MR. GAME & WATCH,False,2,3,0,False,2458
5788,2025-10-09 06:33:40.188000,38,BOWSER,False,3,2,0,True,2458
5789,2025-10-09 06:35:55.700000,21,MR. GAME & WATCH,False,0,3,0,False,2459
5790,2025-10-09 06:35:55.786000,38,BOWSER,False,3,0,0,True,2459
5791,2025-10-09 06:38:21.664000,21,MR. GAME & WATCH,False,1,3,0,False,2460
5792,2025-10-09 06:38:21.767000,38,BOWSER,False,3,1,0,True,2460
5793,2025-10-10 23:39:12.157000,452,WOLF,False,3,0,0,True,2461
5794,2025-10-10 23:39:12.441000,39,MEGA MAN,False,0,3,0,False,2461
5795,2025-10-10 23:54:29.286000,452,MEWTWO,False,1,3,0,False,2462
5796,2025-10-10 23:54:29.471000,39,KIRBY,False,3,1,0,True,2462
5797,2025-10-11 00:16:20.731000,3007,KAZUYA,False,2,2,0,True,2463
5798,2025-10-11 00:16:20.944000,4484,WARIO,False,2,2,0,False,2463
5799,2025-10-11 00:22:09.969000,4484,WARIO,False,2,2,0,True,2464
5802,2025-10-11 00:24:57.326000,3007,FOX,False,0,3,0,False,2465
5803,2025-10-11 00:26:28.547000,4484,ROY,False,0,0,0,True,2466
5804,2025-10-11 00:26:28.733000,3007,PYRA,False,0,3,0,False,2466
5805,2025-10-11 00:29:58.575000,3007,SEPHIROTH,False,2,2,0,True,2467
5806,2025-10-11 00:29:58.698000,4484,DIDDY KONG,False,2,2,1,False,2467
5808,2025-10-11 00:37:09.281000,3007,CLOUD,False,2,3,0,False,2468
5809,2025-10-12 07:35:52.661000,22,CAPTAIN FALCON,False,2,3,0,False,2469
5810,2025-10-12 07:35:52.856000,39,SORA,False,3,2,0,True,2469
5811,2025-10-12 07:40:11.629000,22,ENDERMAN,False,3,1,0,True,2470
5812,2025-10-12 07:40:11.834000,39,SORA,False,1,3,0,False,2470
5815,2025-10-12 07:46:59.215000,39,DONKEY KONG,False,1,3,0,False,2472
5816,2025-10-12 07:46:59.350000,22,ENDERMAN,False,3,1,0,True,2472
5817,2025-10-12 07:50:55.591000,39,DONKEY KONG,False,3,2,0,True,2473
5818,2025-10-12 07:50:55.691000,22,ENDERMAN,False,2,3,0,False,2473
5819,2025-10-12 07:54:10.726000,39,DONKEY KONG,False,3,1,0,True,2474
5820,2025-10-12 07:54:10.840000,22,ENDERMAN,False,0,3,0,False,2474
5821,2025-10-12 08:02:21.845000,39,DONKEY KONG,False,2,1,0,True,2475
5822,2025-10-12 08:02:22.024000,22,CAPTAIN FALCON,False,0,0,0,False,2475
5823,2025-10-12 08:06:06.222000,39,DONKEY KONG,False,3,2,0,True,2476
5824,2025-10-12 08:06:06.339000,21,MR. GAME & WATCH,False,2,3,0,False,2476
5825,2025-10-12 08:09:36.719000,39,DONKEY KONG,False,2,3,0,False,2477
5826,2025-10-12 08:09:36.812000,21,MR. GAME & WATCH,False,3,2,0,True,2477
5827,2025-10-12 08:13:19.100000,39,DONKEY KONG,False,3,2,0,True,2478
5828,2025-10-12 08:13:19.218000,21,MR. GAME & WATCH,False,2,3,0,False,2478
5829,2025-10-12 08:17:30.813000,39,DONKEY KONG,False,3,1,0,True,2479
5830,2025-10-12 08:17:30.918000,22,CAPTAIN FALCON,False,1,3,0,False,2479
5831,2025-10-12 22:54:16.048000,22,CAPTAIN FALCON,False,2,1,0,True,2480
5807,2025-10-11 00:37:09.159000,4484,PIKACHU,False,0,0,0,True,2468
5800,2025-10-11 00:22:10.153000,3007,FOX,False,0,0,0,False,2464
5801,2025-10-11 00:24:57.170000,4484,NESS,False,3,1,0,True,2465
5776,2025-10-09 06:13:03.106000,21,ZELDA,False,0,3,0,False,2452
5832,2025-10-12 22:54:16.254000,39,DONKEY KONG,False,1,2,1,False,2480
5833,2025-10-12 23:03:37.907000,22,CAPTAIN FALCON,False,2,3,0,False,2481
5834,2025-10-12 23:03:38.048000,39,DONKEY KONG,False,3,2,0,True,2481
5835,2025-10-12 23:06:39.150000,21,ZELDA,False,3,1,0,True,2482
5836,2025-10-12 23:06:39.342000,39,DONKEY KONG,False,1,3,0,False,2482
5837,2025-10-12 23:09:20.263000,21,ZELDA,False,3,1,0,True,2483
5838,2025-10-12 23:09:20.377000,22,CAPTAIN FALCON,False,1,3,0,False,2483
5839,2025-10-12 23:15:20.527000,50,YOSHI,False,2,2,1,False,2484
5840,2025-10-12 23:15:20.653000,21,ZELDA,False,2,2,0,True,2484
5841,2025-10-12 23:20:08.446000,21,MR. GAME & WATCH,False,3,2,0,True,2485
5842,2025-10-12 23:20:08.608000,22,CAPTAIN FALCON,False,2,3,0,False,2485
5843,2025-10-12 23:29:17.282000,50,YOSHI,False,4,2,0,True,2486
5844,2025-10-12 23:29:17.387000,22,CAPTAIN FALCON,False,3,3,0,False,2486
5845,2025-10-12 23:29:17.485000,38,CAPTAIN FALCON,False,1,3,0,False,2486
5846,2025-10-12 23:33:53.605000,50,YOSHI,False,1,3,0,True,2487
5847,2025-10-12 23:33:53.763000,39,SORA,False,4,2,0,True,2487
5848,2025-10-12 23:33:53.920000,22,CAPTAIN FALCON,False,0,4,0,False,2487
5849,2025-10-12 23:33:54.080000,38,GANONDORF,False,4,3,1,False,2487
5850,2025-10-12 23:51:59.086000,21,ZELDA,False,2,3,0,False,2488
5851,2025-10-12 23:51:59.247000,38,BOWSER,False,3,2,0,True,2488
5852,2025-10-12 23:58:52.106000,21,MR. GAME & WATCH,False,3,2,0,True,2489
5853,2025-10-12 23:58:52.298000,38,BOWSER,False,2,3,0,False,2489
5854,2025-10-13 00:01:53.682000,21,MR. GAME & WATCH,False,1,3,0,False,2490
5855,2025-10-13 00:01:53.791000,38,BOWSER,False,3,1,0,True,2490
5856,2025-10-13 00:08:03.209000,21,MR. GAME & WATCH,False,2,3,0,False,2491
5857,2025-10-13 00:08:03.316000,38,BOWSER,False,3,2,0,True,2491
5858,2025-10-14 04:13:17.025000,21,MR. GAME & WATCH,False,3,1,0,True,2492
5859,2025-10-14 04:13:17.214000,39,DONKEY KONG,False,1,3,0,False,2492
5860,2025-10-14 04:17:00.024000,21,MR. GAME & WATCH,False,3,1,0,True,2493
5862,2025-10-14 04:25:10.714000,21,MR. GAME & WATCH,False,3,2,0,True,2494
5863,2025-10-14 04:25:10.892000,39,SORA,False,2,3,0,False,2494
5864,2025-10-14 04:27:25.969000,21,ZELDA,False,2,3,0,False,2495
5865,2025-10-14 04:27:26.105000,39,DONKEY KONG,False,3,2,0,True,2495
5866,2025-10-14 04:30:47.759000,21,ZELDA,False,3,1,0,True,2496
5867,2025-10-14 04:30:47.963000,39,DONKEY KONG,False,1,3,0,False,2496
5868,2025-10-14 04:34:36.060000,21,ZELDA,False,3,2,0,True,2497
5869,2025-10-14 04:34:36.168000,39,DONKEY KONG,False,2,3,0,False,2497
5870,2025-10-14 04:38:19.121000,21,MR. GAME & WATCH,False,3,1,0,True,2498
5871,2025-10-14 04:38:19.302000,39,DONKEY KONG,False,1,3,0,False,2498
5873,2025-10-15 04:56:29.111000,21,MR. GAME & WATCH,False,2,2,0,True,2499
5874,2025-10-15 04:59:39.161000,77,JOKER,False,0,0,0,False,2500
5875,2025-10-15 04:59:39.319000,21,ZELDA,False,0,0,0,True,2500
5876,2025-10-15 05:02:25.913000,77,JOKER,False,0,3,0,False,2501
5877,2025-10-15 05:02:26.021000,21,MR. GAME & WATCH,False,3,0,0,True,2501
5872,2025-10-15 04:56:28.944000,77,JOKER,False,2,2,0,False,2499
5861,2025-10-14 04:17:00.215000,39,DONKEY KONG,False,0,0,0,False,2493
5813,2025-10-12 07:43:46.849000,39,DONKEY KONG,False,0,0,0,True,2471
5814,2025-10-12 07:43:47,22,STEVE,False,0,0,0,False,2471
5878,2025-10-17 00:57:29.316000,21,MR. GAME & WATCH,False,3,2,0,True,2502
5879,2025-10-17 00:57:29.479000,104,ZELDA,False,2,3,0,False,2502
5880,2025-10-17 01:01:02.478000,21,ZELDA,False,3,2,0,True,2503
5881,2025-10-17 01:01:02.662000,104,ZELDA,False,0,3,0,False,2503
5882,2025-10-17 01:04:41.890000,21,ZELDA,False,3,2,0,True,2504
5883,2025-10-17 01:04:42.047000,104,ZELDA,False,1,3,0,False,2504
5884,2025-10-17 01:07:45.072000,21,ZELDA,False,3,2,0,True,2505
5885,2025-10-17 01:07:45.168000,104,ZELDA,False,2,3,0,False,2505
5886,2025-10-17 01:10:25.582000,21,MR. GAME & WATCH,False,3,2,0,True,2506
5887,2025-10-17 01:10:25.690000,104,ZELDA,False,2,3,0,False,2506
5888,2025-10-17 01:13:11.706000,21,MR. GAME & WATCH,False,3,1,0,True,2507
5889,2025-10-17 01:13:11.817000,104,ZELDA,False,1,3,0,False,2507
5890,2025-10-17 01:18:14.634000,21,MR. GAME & WATCH,False,3,2,0,True,2508
5891,2025-10-17 01:18:14.732000,104,ZELDA,False,0,0,0,False,2508
5892,2025-10-17 01:20:58.270000,21,MR. GAME & WATCH,False,3,1,0,True,2509
5893,2025-10-17 01:20:58.358000,104,ZELDA,False,0,3,0,False,2509
5894,2025-10-17 01:25:13.997000,21,MR. GAME & WATCH,False,2,3,0,False,2510
5895,2025-10-17 01:25:14.124000,104,ZELDA,False,3,2,0,True,2510
5896,2025-10-17 01:27:43.624000,21,MR. GAME & WATCH,False,3,1,0,True,2511
5897,2025-10-17 01:27:43.760000,104,ZELDA,False,1,3,0,False,2511
5898,2025-10-17 01:31:16.562000,21,MR. GAME & WATCH,False,3,2,0,True,2512
5899,2025-10-17 01:31:16.673000,104,ZELDA,False,2,3,0,False,2512
5900,2025-10-17 01:36:13.001000,21,MR. GAME & WATCH,False,3,2,0,True,2513
5901,2025-10-17 01:36:13.120000,104,ZELDA,False,2,3,0,False,2513
5902,2025-10-17 01:41:39.964000,21,MR. GAME & WATCH,False,2,3,0,False,2514
5903,2025-10-17 01:41:40.081000,104,ZELDA,False,3,2,0,True,2514
5904,2025-10-17 01:44:28.703000,21,MR. GAME & WATCH,False,0,3,0,False,2515
5905,2025-10-17 01:44:28.803000,104,ZELDA,False,3,1,0,True,2515
5906,2025-10-17 01:48:01.341000,21,MR. GAME & WATCH,False,2,3,0,False,2516
5907,2025-10-17 01:48:01.571000,104,ZELDA,False,3,2,0,True,2516
5908,2025-10-17 23:51:05.964000,104,ZELDA,False,2,1,0,True,2517
5909,2025-10-17 23:51:06.197000,50,YOSHI,False,1,3,0,False,2517
5910,2025-10-18 00:05:08.046000,104,ZELDA,False,0,3,0,False,2518
5911,2025-10-18 00:05:08.267000,21,ZELDA,False,3,1,0,True,2518
5912,2025-10-18 00:08:28.130000,104,ZELDA,False,3,2,0,True,2519
5913,2025-10-18 00:08:28.265000,21,MR. GAME & WATCH,False,2,3,0,False,2519
5914,2025-10-18 00:11:14.012000,104,ZELDA,False,0,3,0,False,2520
5915,2025-10-18 00:11:14.118000,21,MR. GAME & WATCH,False,3,1,0,True,2520
5916,2025-10-18 00:14:49.196000,104,ZELDA,False,2,3,0,False,2521
5917,2025-10-18 00:14:49.348000,21,MR. GAME & WATCH,False,3,2,0,True,2521
5918,2025-10-18 00:18:30.637000,104,ZELDA,False,0,0,0,True,2522
5919,2025-10-18 00:18:30.745000,21,MR. GAME & WATCH,False,2,3,0,False,2522
5920,2025-10-18 00:22:18.169000,38,ZELDA,False,3,0,0,True,2523
5921,2025-10-18 00:22:18.315000,21,MR. GAME & WATCH,False,0,3,0,False,2523
5922,2025-10-18 00:25:27.558000,38,ZELDA,False,3,2,0,True,2524
5923,2025-10-18 00:25:27.711000,21,MR. GAME & WATCH,False,2,3,0,False,2524
5924,2025-10-18 00:31:28.946000,38,ZELDA,False,2,2,0,True,2525
6847,2025-11-11 19:26:44.625000,39,DONKEY KONG,False,2,3,0,False,2921
5926,2025-10-18 00:36:06.286000,38,ZELDA,False,3,2,0,True,2526
5927,2025-10-18 00:36:06.440000,21,ZELDA,False,2,3,0,False,2526
5928,2025-10-18 00:40:33.869000,38,ZELDA,False,2,3,0,False,2527
5929,2025-10-18 00:40:34.065000,21,ZELDA,False,3,2,0,True,2527
5930,2025-10-18 00:42:33.288000,38,CAPTAIN FALCON,False,3,0,0,True,2528
5931,2025-10-18 00:42:33.451000,21,MR. GAME & WATCH,False,0,3,0,False,2528
5932,2025-10-18 00:45:53.775000,38,CAPTAIN FALCON,False,2,3,0,False,2529
5933,2025-10-18 00:45:53.902000,21,MR. GAME & WATCH,False,3,2,0,True,2529
5934,2025-10-18 00:49:39.600000,38,CAPTAIN FALCON,False,3,2,0,True,2530
5935,2025-10-18 00:49:39.762000,21,MR. GAME & WATCH,False,2,3,0,False,2530
5936,2025-10-18 00:53:20.240000,38,CAPTAIN FALCON,False,3,2,0,True,2531
5937,2025-10-18 00:53:20.383000,21,MR. GAME & WATCH,False,2,3,0,False,2531
5938,2025-10-18 00:57:47.599000,38,LUCINA,False,0,0,0,True,2532
5939,2025-10-18 00:57:47.755000,21,MR. GAME & WATCH,False,2,3,0,False,2532
6876,2025-11-12 22:21:56.113000,21,INCINEROAR,False,2,3,0,False,2936
5941,2025-10-18 01:01:42.620000,21,MR. GAME & WATCH,False,2,3,0,False,2533
5942,2025-10-18 01:06:46.333000,38,LUCINA,False,2,3,0,False,2534
5943,2025-10-18 01:06:46.460000,21,MR. GAME & WATCH,False,3,2,0,True,2534
5944,2025-10-18 01:10:08.304000,38,LUCINA,False,3,2,0,True,2535
5945,2025-10-18 01:10:08.400000,21,ZELDA,False,2,3,0,False,2535
5946,2025-10-18 01:14:33.284000,38,LUCINA,False,3,2,0,True,2536
5947,2025-10-18 01:14:33.415000,21,ZELDA,False,2,3,0,False,2536
5948,2025-10-18 01:17:47.670000,38,BOWSER,False,3,2,0,True,2537
5949,2025-10-18 01:17:47.767000,21,ZELDA,False,2,3,0,False,2537
5950,2025-10-18 01:21:30.206000,38,BOWSER,False,3,2,0,True,2538
5951,2025-10-18 01:21:30.359000,21,ZELDA,False,2,3,0,False,2538
5952,2025-10-18 01:24:52.731000,38,BOWSER,False,3,2,0,True,2539
5953,2025-10-18 01:24:52.902000,21,MR. GAME & WATCH,False,2,3,0,False,2539
5954,2025-10-18 01:27:39.770000,38,BOWSER,False,3,1,0,True,2540
5955,2025-10-18 01:27:39.871000,21,MR. GAME & WATCH,False,1,3,0,False,2540
5956,2025-10-18 01:30:56.764000,38,JOKER,False,3,1,0,True,2541
5957,2025-10-18 01:30:56.883000,21,MR. GAME & WATCH,False,1,3,0,False,2541
5958,2025-10-18 01:35:04.241000,38,JOKER,False,0,1,0,True,2542
5959,2025-10-18 01:35:04.368000,21,MR. GAME & WATCH,False,0,3,0,False,2542
5960,2025-10-18 03:12:37.775000,22,CAPTAIN FALCON,False,2,2,0,True,2543
5961,2025-10-18 03:12:37.995000,3758,MYTHRA,False,2,3,0,False,2543
5962,2025-10-18 03:15:52.502000,22,DONKEY KONG,False,3,2,0,True,2544
5963,2025-10-18 03:15:52.666000,3758,MYTHRA,False,2,3,0,False,2544
5964,2025-10-18 03:20:48.353000,22,DONKEY KONG,False,3,2,0,True,2545
5965,2025-10-18 03:20:48.702000,3758,PYRA,False,2,3,0,False,2545
5966,2025-10-18 03:25:49.352000,22,CAPTAIN FALCON,False,1,3,0,False,2546
5967,2025-10-18 03:25:49.485000,3758,PYRA,False,3,3,0,False,2546
5968,2025-10-18 03:25:49.604000,50,YOSHI,False,3,1,0,True,2546
5969,2025-10-18 03:30:41.889000,22,CAPTAIN FALCON,False,1,3,0,False,2547
5970,2025-10-18 03:30:42,50,YOSHI,False,3,1,0,True,2547
5971,2025-10-18 03:33:49.480000,22,ENDERMAN,False,2,1,0,True,2548
5972,2025-10-18 03:33:49.631000,50,YOSHI,False,1,2,1,False,2548
5973,2025-10-18 03:37:36.501000,22,CAPTAIN FALCON,False,2,3,0,False,2549
5974,2025-10-18 03:37:36.601000,50,BOWSER,False,3,2,0,True,2549
5975,2025-10-18 03:40:23.982000,22,CAPTAIN FALCON,False,3,1,0,True,2550
5976,2025-10-18 03:40:24.165000,50,BOWSER,False,0,2,0,False,2550
5977,2025-10-18 03:43:58.449000,22,DONKEY KONG,False,3,2,0,True,2551
5978,2025-10-18 03:43:58.581000,50,BOWSER,False,2,3,0,False,2551
5979,2025-10-18 03:49:09.268000,22,ENDERMAN,False,0,3,0,False,2552
5980,2025-10-18 03:49:09.373000,50,YOSHI,False,3,0,0,True,2552
5981,2025-10-19 00:31:18.789000,22,CAPTAIN FALCON,False,3,2,0,True,2553
5982,2025-10-19 00:31:18.966000,50,YOSHI,False,2,3,0,False,2553
5983,2025-10-19 00:35:06.773000,22,CAPTAIN FALCON,False,2,3,0,False,2554
5984,2025-10-19 00:35:06.943000,50,YOSHI,False,3,2,0,True,2554
5985,2025-10-19 00:38:45.147000,22,DONKEY KONG,False,2,3,0,False,2555
5986,2025-10-19 00:38:45.299000,50,YOSHI,False,3,2,0,True,2555
5987,2025-10-19 00:43:01.104000,22,DONKEY KONG,False,0,3,0,False,2556
5988,2025-10-19 00:43:01.239000,50,YOSHI,False,3,1,0,True,2556
5989,2025-10-19 00:50:08.253000,22,DONKEY KONG,False,2,3,0,False,2557
5990,2025-10-19 00:50:08.397000,50,YOSHI,False,3,2,0,True,2557
5991,2025-10-19 00:53:28.366000,21,MR. GAME & WATCH,False,2,1,0,True,2558
5992,2025-10-19 00:53:28.484000,50,YOSHI,False,1,2,0,False,2558
5993,2025-10-19 00:58:14.486000,21,MR. GAME & WATCH,False,3,1,0,True,2559
5994,2025-10-19 00:58:14.581000,50,YOSHI,False,1,3,0,False,2559
5995,2025-10-19 01:02:43.584000,21,JOKER,False,3,3,0,True,2560
5996,2025-10-19 01:02:43.715000,22,DONKEY KONG,False,1,3,0,False,2560
5997,2025-10-21 01:08:11.524000,21,MR. GAME & WATCH,False,0,0,0,False,2561
5998,2025-10-21 01:08:11.732000,104,ZELDA,False,0,0,0,True,2561
5999,2025-10-21 01:12:03.306000,21,MR. GAME & WATCH,False,3,2,0,True,2562
6001,2025-10-21 01:15:05.916000,21,MR. GAME & WATCH,False,2,3,0,False,2563
6002,2025-10-21 01:15:06.122000,104,ZELDA,False,3,2,0,True,2563
6003,2025-10-21 01:22:22.234000,21,MR. GAME & WATCH,False,3,1,0,True,2564
6004,2025-10-21 01:22:22.353000,104,ZELDA,False,0,3,0,False,2564
6005,2025-10-21 01:26:03.605000,21,ZELDA,False,3,2,0,True,2565
6007,2025-10-21 01:28:54.261000,21,ZELDA,False,3,1,0,True,2566
6008,2025-10-21 01:28:54.382000,104,ZELDA,False,1,3,0,False,2566
6009,2025-10-21 01:31:42.197000,21,MR. GAME & WATCH,False,3,1,0,True,2567
6010,2025-10-21 01:31:42.327000,104,ZELDA,False,1,3,0,False,2567
5940,2025-10-18 01:01:42.498000,38,LUCINA,False,2,2,0,True,2533
5925,2025-10-18 00:31:29.108000,21,ZELDA,False,0,0,0,False,2525
6013,2025-10-21 02:10:02.477000,21,MR. GAME & WATCH,False,3,2,0,True,2569
6014,2025-10-21 02:10:02.696000,104,ZELDA,False,3,3,0,False,2569
6015,2025-10-21 02:13:56.115000,21,MR. GAME & WATCH,False,2,3,0,False,2570
6016,2025-10-21 02:13:56.271000,104,ZELDA,False,3,2,0,True,2570
6017,2025-10-21 02:17:39.121000,21,MR. GAME & WATCH,False,3,2,0,True,2571
6018,2025-10-21 02:17:39.213000,104,ZELDA,False,2,3,0,False,2571
6019,2025-10-21 02:24:51.252000,21,MR. GAME & WATCH,False,6,2,0,True,2572
6020,2025-10-21 02:24:51.409000,5793,KING DEDEDE,False,0,3,0,False,2572
6021,2025-10-21 02:24:51.509000,88,LUCAS,False,2,3,0,False,2572
6022,2025-10-21 02:29:38.179000,21,JOKER,False,6,2,0,True,2573
6023,2025-10-21 02:29:38.299000,5793,CAPTAIN FALCON,False,0,3,0,False,2573
6024,2025-10-21 02:29:38.458000,88,LUCAS,False,2,3,0,False,2573
6025,2025-10-21 02:34:56.120000,21,ZELDA,False,2,3,0,False,2574
6026,2025-10-21 02:34:56.301000,88,LUCAS,False,3,2,0,True,2574
6027,2025-10-21 02:38:42.216000,21,ZELDA,False,2,3,0,False,2575
6028,2025-10-21 02:38:42.423000,88,LUCAS,False,3,2,0,True,2575
6000,2025-10-21 01:12:03.459000,104,ZELDA,False,1,3,0,False,2562
6006,2025-10-21 01:26:03.842000,104,ZELDA,False,0,0,0,False,2565
6033,2025-10-21 01:31:42.327000,104,ZELDA,False,1,3,0,False,2568
6034,2025-10-21 01:31:42.197000,21,MR. GAME & WATCH,False,3,1,0,True,2568
6031,2025-10-21 05:58:32.614000,39,DONKEY KONG,False,2,3,0,False,2579
6032,2025-10-21 05:58:32.773000,21,MR. GAME & WATCH,False,2,2,0,True,2579
6029,2025-10-21 05:50:39.682000,39,DONKEY KONG,False,3,2,0,True,2577
6030,2025-10-21 05:50:39.862000,21,MR. GAME & WATCH,False,2,3,0,False,2577
6041,2025-10-21 02:42:42.423000,88,LUCAS,False,2,3,0,False,2576
6042,2025-10-21 02:42:42.216000,21,ZELDA,False,3,2,0,True,2576
6043,2025-10-21 23:52:29.582000,104,KING DEDEDE,False,3,2,0,True,2580
6045,2025-10-21 23:56:26.497000,104,KING DEDEDE,False,3,0,0,True,2581
6046,2025-10-21 23:56:26.684000,88,LUCAS,False,0,3,0,False,2581
6047,2025-10-21 23:58:59.884000,104,KING DEDEDE,False,3,1,0,True,2582
6049,2025-10-22 00:04:18.704000,104,KING DEDEDE,False,3,2,0,True,2583
6050,2025-10-22 00:04:18.865000,88,LUCAS,False,0,3,0,False,2583
6051,2025-10-22 00:07:56.769000,104,KING DEDEDE,False,2,1,0,True,2584
6052,2025-10-22 00:07:56.890000,88,LUCAS,False,1,2,1,False,2584
6053,2025-10-22 00:12:26.542000,104,KING DEDEDE,False,1,3,0,False,2585
6054,2025-10-22 00:12:26.655000,88,LUCAS,False,3,1,0,True,2585
6055,2025-10-22 00:23:21.444000,104,ZELDA,False,3,2,0,True,2586
6056,2025-10-22 00:23:21.596000,88,LUCAS,False,2,3,0,False,2586
6057,2025-10-22 00:27:29.482000,104,SAMUS,False,0,0,0,True,2587
6058,2025-10-22 00:27:29.688000,88,LINK,False,0,0,0,False,2587
6059,2025-10-22 00:30:13.636000,104,KING DEDEDE,False,2,1,0,True,2588
6060,2025-10-22 00:30:13.739000,88,IKE,False,2,3,0,False,2588
6061,2025-10-22 00:34:31.742000,88,YOSHI,False,3,2,0,True,2589
6063,2025-10-22 00:36:54.429000,104,ZELDA,False,3,0,0,True,2590
6064,2025-10-22 00:36:54.562000,88,LINK,False,0,3,0,False,2590
6065,2025-10-22 00:42:31.283000,104,KING DEDEDE,False,3,3,0,False,2591
6066,2025-10-22 00:42:31.420000,88,LUCAS,False,2,2,0,True,2591
6067,2025-10-22 00:42:31.523000,39,SORA,False,3,3,0,False,2591
6068,2025-10-22 00:47:46.111000,88,ISABELLE,False,0,0,0,True,2592
6069,2025-10-22 00:47:46.223000,104,SAMUS,False,1,3,0,False,2592
6070,2025-10-22 00:47:46.339000,39,SORA,False,0,0,0,False,2592
6071,2025-10-22 00:51:33.021000,104,ZELDA,False,4,2,0,True,2593
6072,2025-10-22 00:51:33.225000,88,LUCAS,False,3,3,0,False,2593
6073,2025-10-22 00:51:33.361000,39,DONKEY KONG,False,2,3,0,False,2593
6074,2025-10-22 00:55:10.447000,104,ZELDA,False,4,2,0,True,2594
6075,2025-10-22 00:55:10.606000,88,IKE,False,2,2,0,False,2594
6076,2025-10-22 00:55:10.726000,39,DONKEY KONG,False,1,3,0,False,2594
6079,2025-10-22 21:38:22.974000,88,LINK,False,3,2,0,True,2596
6080,2025-10-22 21:38:23.204000,104,KING DEDEDE,False,2,3,0,False,2596
6081,2025-10-22 21:46:59.600000,88,LINK,False,3,2,0,True,2597
6083,2025-10-22 21:50:32.244000,88,LINK,False,1,3,0,False,2598
6085,2025-10-22 21:53:04.060000,88,LUCAS,False,1,3,0,False,2599
6086,2025-10-22 21:53:04.185000,104,ZELDA,False,3,1,0,True,2599
6087,2025-10-22 22:07:18.350000,88,LINK,False,2,3,0,False,2600
6088,2025-10-22 22:07:18.468000,104,ZELDA,False,3,2,0,True,2600
6044,2025-10-21 23:52:29.799000,88,LUCAS,False,2,3,0,False,2580
6048,2025-10-21 23:59:00.045000,88,LUCAS,False,0,0,0,False,2582
6062,2025-10-22 00:34:31.934000,104,ZELDA,False,0,0,0,False,2589
6077,2025-10-22 21:30:25.266000,104,KING DEDEDE,False,0,0,0,True,2595
6078,2025-10-22 21:30:25.496000,88,LUCAS,False,0,0,0,False,2595
6082,2025-10-22 21:46:59.723000,104,KING DEDEDE,False,0,0,0,False,2597
6084,2025-10-22 21:50:32.363000,104,ZELDA,False,3,1,0,True,2598
6090,2025-10-22 22:12:22.463000,88,LINK,False,0,0,0,False,2601
6089,2025-10-22 22:12:22.308000,104,ZELDA,False,0,0,0,True,2601
6091,2025-10-22 22:12:22.308000,21,ZELDA,False,2,3,0,False,2602
6092,2025-10-22 22:12:22.463000,88,LINK,False,3,2,0,True,2602
6093,2025-10-22 22:12:22.463000,21,ZELDA,False,3,2,0,True,2603
6094,2025-10-22 22:12:22.308000,88,LINK,False,2,3,0,False,2603
6096,2025-10-22 22:12:22.463000,21,ZELDA,False,3,2,0,True,2604
6097,2025-10-22 22:12:22.308000,88,LINK,False,2,3,0,False,2604
6098,2025-10-22 22:12:22.463000,21,MR. GAME & WATCH,False,3,1,0,True,2605
6095,2025-10-22 22:12:22.308000,88,LINK,False,1,3,0,False,2605
6100,2025-10-22 22:12:22.463000,21,MR. GAME & WATCH,False,3,1,0,True,2606
6099,2025-10-22 22:12:22.308000,88,LINK,False,1,3,0,False,2606
6101,2025-10-24 21:01:26.527000,104,ZELDA,False,2,3,0,False,2607
6102,2025-10-24 21:01:26.770000,21,MR. GAME & WATCH,False,3,2,0,True,2607
6103,2025-10-24 21:03:57.764000,104,ZELDA,False,0,3,0,False,2608
6104,2025-10-24 21:03:57.886000,21,MR. GAME & WATCH,False,3,1,0,True,2608
6105,2025-10-24 21:11:36.432000,104,ZELDA,False,3,2,0,True,2609
6106,2025-10-24 21:11:36.650000,38,ZELDA,False,2,3,0,False,2609
6107,2025-10-24 21:18:22.106000,104,ZELDA,False,3,1,0,True,2610
6108,2025-10-24 21:18:22.303000,21,ZELDA,False,0,3,0,False,2610
6109,2025-10-24 21:21:43.654000,38,LUCARIO,False,0,3,0,False,2611
6110,2025-10-24 21:21:43.763000,21,MR. GAME & WATCH,False,3,0,0,True,2611
6111,2025-10-24 21:25:28.902000,21,MR. GAME & WATCH,False,2,2,0,True,2612
6112,2025-10-24 21:25:29.032000,38,LUCARIO,False,0,0,0,False,2612
6113,2025-10-24 21:29:34.861000,38,CAPTAIN FALCON,False,3,2,0,True,2613
6114,2025-10-24 21:29:34.994000,21,MR. GAME & WATCH,False,2,3,0,False,2613
6115,2025-10-24 21:34:35.736000,38,CAPTAIN FALCON,False,2,3,0,False,2614
6116,2025-10-24 21:34:35.919000,21,MR. GAME & WATCH,False,3,2,0,True,2614
6117,2025-10-24 21:38:09.917000,38,CAPTAIN FALCON,False,3,2,0,True,2615
6118,2025-10-24 21:38:10.027000,21,MR. GAME & WATCH,False,2,3,0,False,2615
6119,2025-10-24 21:42:38.722000,38,CAPTAIN FALCON,False,0,2,0,False,2616
6120,2025-10-24 21:42:38.840000,21,MR. GAME & WATCH,False,2,0,0,True,2616
6121,2025-10-24 21:47:19.291000,38,CAPTAIN FALCON,False,3,2,0,True,2617
6122,2025-10-24 21:47:19.448000,21,MR. GAME & WATCH,False,2,3,0,False,2617
6123,2025-10-24 21:50:50.808000,38,CAPTAIN FALCON,False,3,1,0,True,2618
6124,2025-10-24 21:50:50.929000,21,MR. GAME & WATCH,False,1,3,0,False,2618
6848,2025-11-11 19:29:44.091000,21,INCINEROAR,False,3,1,0,True,2922
6849,2025-11-11 19:29:44.231000,39,DONKEY KONG,False,0,3,0,False,2922
6127,2025-10-24 21:56:01.761000,38,CAPTAIN FALCON,False,3,1,0,True,2620
6128,2025-10-24 21:56:01.943000,21,ZELDA,False,1,3,0,False,2620
6129,2025-10-24 22:02:03.439000,38,CAPTAIN FALCON,False,2,2,0,True,2621
6130,2025-10-24 22:02:03.575000,21,MR. GAME & WATCH,False,2,3,0,False,2621
6131,2025-10-24 22:05:21.102000,38,CAPTAIN FALCON,False,3,2,0,True,2622
6132,2025-10-24 22:05:21.231000,21,MR. GAME & WATCH,False,2,3,0,False,2622
6133,2025-10-24 22:08:57.439000,38,CAPTAIN FALCON,False,3,2,0,True,2623
6134,2025-10-24 22:08:57.556000,21,MR. GAME & WATCH,False,2,3,0,False,2623
6135,2025-10-24 22:17:05.627000,38,CAPTAIN FALCON,False,2,2,0,True,2624
6136,2025-10-24 22:17:05.862000,21,MR. GAME & WATCH,False,2,2,0,False,2624
6137,2025-10-24 22:20:02.995000,38,CAPTAIN FALCON,False,2,1,0,True,2625
6138,2025-10-24 22:20:03.124000,21,MR. GAME & WATCH,False,1,2,0,False,2625
6139,2025-10-24 22:23:42.949000,38,CAPTAIN FALCON,False,3,2,0,True,2626
6140,2025-10-24 22:23:43.110000,21,MR. GAME & WATCH,False,2,3,0,False,2626
6141,2025-10-24 22:30:28.273000,38,CAPTAIN FALCON,False,2,3,0,False,2627
6142,2025-10-24 22:30:28.400000,21,MR. GAME & WATCH,False,3,2,0,True,2627
6143,2025-10-24 22:33:57.535000,21,MR. GAME & WATCH,False,3,2,0,True,2628
6144,2025-10-24 22:33:57.658000,38,CAPTAIN FALCON,False,2,3,0,False,2628
9585,2026-01-20 19:42:32.869000,54,DONKEY KONG,False,2,3,0,False,4117
6146,2025-10-26 01:47:08.584000,54,STEVE,False,3,2,0,True,2629
6147,2025-10-26 01:56:37.565000,88,LINK,False,0,0,0,False,2630
6148,2025-10-26 01:56:37.789000,54,JOKER,False,0,0,0,True,2630
6149,2025-10-27 02:44:58.093000,678,DARK PIT,False,0,0,0,True,2631
6150,2025-10-27 02:44:58.381000,1112,NESS,False,1,3,0,False,2631
6151,2025-10-28 05:30:44.917000,4255,NESS,False,2,3,0,False,2632
6152,2025-10-28 05:30:45.114000,5793,CAPTAIN FALCON,False,3,2,0,True,2632
6153,2025-10-28 05:34:37.119000,4255,KIRBY,False,1,3,0,False,2633
6154,2025-10-28 05:34:37.273000,5793,KING DEDEDE,False,3,1,0,True,2633
9624,2026-01-21 17:17:10.250000,9157,R.O.B.,False,2,3,0,False,4132
6156,2025-10-28 05:43:04.659000,5793,GANONDORF,False,3,3,0,False,2634
6157,2025-10-28 05:43:04.839000,4255,NESS,False,2,2,0,False,2634
6158,2025-10-28 05:53:01.756000,4255,NESS,False,3,1,0,True,2635
9625,2026-01-21 17:17:10.250000,104,ISABELLE,False,3,2,0,True,4132
6160,2025-10-28 06:02:43.391000,4255,NESS,False,3,2,0,True,2636
6161,2025-10-28 06:02:43.480000,5793,ROY,False,2,2,0,False,2636
9651,2026-01-23 01:41:21.697000,104,ZELDA,False,6,1,2,True,4142
6163,2025-10-28 06:08:57.417000,4255,NESS,False,3,3,0,False,2637
6164,2025-10-28 06:08:57.577000,5793,CAPTAIN FALCON,False,1,3,0,False,2637
9652,2026-01-23 01:41:21.785000,2586,SNAKE,False,0,3,0,False,4142
6166,2025-10-28 06:14:46.530000,4255,NESS,False,2,3,0,False,2638
6167,2025-10-28 06:14:46.698000,5793,CAPTAIN FALCON,False,1,3,0,False,2638
9653,2026-01-23 01:41:21.885000,9157,SEPHIROTH,False,1,3,0,False,4142
6169,2025-10-29 05:14:34.780000,4255,GANONDORF,False,2,3,0,False,2639
9654,2026-01-23 01:41:22.019000,3007,CAPTAIN FALCON,False,0,3,0,True,4142
6171,2025-10-29 05:21:52.340000,4255,IKE,False,3,1,0,True,2640
9678,2026-01-23 02:24:47.134000,23,SAMUS,False,2,3,0,False,4150
6173,2025-10-29 05:26:31.126000,5793,DR. MARIO,False,3,1,0,True,2641
9679,2026-01-23 02:24:47.226000,9373,CAPTAIN FALCON,False,0,0,0,True,4150
6175,2025-10-29 05:30:25.871000,5793,INCINEROAR,False,3,1,0,True,2642
9680,2026-01-23 02:24:47.320000,104,KING DEDEDE,False,5,2,3,True,4150
6177,2025-10-29 05:33:55.958000,5793,GRENINJA,False,2,3,0,False,2643
9681,2026-01-23 02:24:47.408000,9157,CORRIN,False,0,3,0,True,4150
6179,2025-10-29 05:37:45.726000,5793,RIDLEY,False,2,3,0,False,2644
9682,2026-01-23 02:24:47.479000,3657,SEPHIROTH,False,1,1,1,True,4150
6181,2025-10-29 05:46:22.542000,5793,WOLF,False,0,2,1,False,2645
9703,2026-01-23 02:52:06.597000,104,KING DEDEDE,False,7,2,0,True,4155
6183,2025-10-30 06:19:55.351000,5793,KAZUYA,False,3,1,0,True,2646
6184,2025-10-30 06:19:55.581000,4255,NESS,False,1,3,0,False,2646
6185,2025-10-30 06:26:25.578000,5793,KEN,False,0,2,1,False,2647
6186,2025-10-30 06:26:25.745000,4255,NESS,False,2,0,0,True,2647
6187,2025-10-30 06:34:30.239000,5793,LUCINA,False,2,3,0,False,2648
6188,2025-10-30 06:34:30.386000,4255,NESS,False,3,2,0,True,2648
6189,2025-10-30 06:42:07.053000,5793,PEACH,False,2,3,0,False,2649
6190,2025-10-30 06:42:07.206000,4255,NESS,False,3,2,0,True,2649
6191,2025-10-30 06:49:33.670000,5793,KING DEDEDE,False,2,3,0,False,2650
6192,2025-10-30 06:49:33.818000,4255,NESS,False,3,2,0,True,2650
6195,2025-10-30 07:06:22.937000,23,SAMUS,False,3,3,0,True,2652
6196,2025-10-30 07:06:23.095000,5793,CAPTAIN FALCON,False,1,3,0,False,2652
6197,2025-10-30 07:18:40.497000,38,JOKER,False,3,2,0,True,2653
6145,2025-10-26 01:47:08.363000,88,LINK,False,0,0,0,False,2629
6125,2025-10-24 21:53:37.936000,38,CAPTAIN FALCON,False,0,0,0,True,2619
6198,2025-10-30 07:18:40.637000,5793,CAPTAIN FALCON,False,1,3,0,False,2653
6199,2025-10-30 07:18:40.743000,23,SAMUS,False,2,3,0,False,2653
6850,2025-11-11 19:33:25.840000,21,INCINEROAR,False,1,3,0,False,2923
6851,2025-11-11 19:33:26.015000,104,KING DEDEDE,False,3,1,0,True,2923
6202,2025-10-30 07:23:35.279000,5793,RIDLEY,False,1,3,0,False,2654
6877,2025-11-12 22:21:56.219000,38,GANONDORF,False,3,2,0,True,2936
6204,2025-10-30 07:25:40.877000,23,SAMUS,False,0,3,0,False,2655
6205,2025-10-30 07:31:32.297000,38,CAPTAIN FALCON,False,3,2,0,True,2656
6206,2025-10-30 07:31:32.454000,5793,KING DEDEDE,False,2,3,0,False,2656
6207,2025-10-30 07:31:32.622000,23,SAMUS,False,3,3,0,False,2656
6208,2025-10-30 07:35:49.081000,38,DR. MARIO,False,3,3,0,False,2657
6209,2025-10-30 07:35:49.224000,5793,OLIMAR,False,1,3,0,False,2657
6210,2025-10-30 07:35:49.349000,23,SAMUS,False,3,1,0,True,2657
6211,2025-10-30 07:38:20.600000,38,BOWSER,False,6,1,1,True,2658
6212,2025-10-30 07:38:20.748000,23,SAMUS,False,1,3,0,False,2658
6213,2025-10-30 07:38:20.874000,5793,CAPTAIN FALCON,False,0,2,0,False,2658
6214,2025-10-30 07:42:18.285000,38,CAPTAIN FALCON,False,1,3,0,False,2659
6215,2025-10-30 07:42:18.387000,5793,GANONDORF,False,2,2,0,False,2659
6216,2025-10-30 07:42:18.506000,23,SAMUS,False,3,2,0,True,2659
6217,2025-10-30 07:45:38.514000,38,CAPTAIN FALCON,False,2,2,1,False,2660
6218,2025-10-30 07:45:38.650000,5793,GANONDORF,False,4,2,0,True,2660
6219,2025-10-30 07:45:38.754000,23,SAMUS,False,1,3,0,False,2660
6220,2025-10-30 07:56:43.611000,38,JOKER,False,4,3,0,False,2661
6221,2025-10-30 07:56:43.808000,5793,GANONDORF,False,1,3,0,False,2661
6222,2025-10-30 07:56:43.924000,23,SAMUS,False,4,3,0,True,2661
6223,2025-10-31 03:19:36.741000,4255,MARIO,False,0,3,0,False,2662
6224,2025-10-31 03:19:36.925000,5793,GANONDORF,False,3,0,0,True,2662
6225,2025-10-31 03:29:15.839000,4255,NESS,False,2,1,0,True,2663
6226,2025-10-31 03:29:16.048000,5793,CAPTAIN FALCON,False,0,0,0,False,2663
6227,2025-10-31 03:34:25.222000,4255,NESS,False,1,3,0,False,2664
6228,2025-10-31 03:34:25.363000,5793,GANONDORF,False,2,3,0,False,2664
6229,2025-10-31 03:34:25.493000,88,LINK,False,3,2,0,True,2664
6230,2025-10-31 03:34:25.631000,39,SORA,False,2,3,0,False,2664
6231,2025-10-31 03:39:37.822000,88,LUCAS,False,5,2,0,True,2665
6232,2025-10-31 03:39:37.965000,39,SORA,False,2,3,0,False,2665
6233,2025-10-31 03:39:38.108000,4255,NESS,False,2,2,1,False,2665
6234,2025-10-31 03:39:38.235000,5793,DONKEY KONG,False,1,3,0,False,2665
6235,2025-10-31 03:43:45.569000,39,SORA,False,5,2,0,True,2666
6236,2025-10-31 03:43:45.782000,5793,GANONDORF,False,5,3,0,False,2666
6237,2025-10-31 03:43:46.069000,4255,NESS,False,0,3,0,False,2666
6239,2025-10-31 03:46:23.282000,88,IKE,False,3,1,0,True,2667
6240,2025-10-31 03:46:23.391000,5793,GANONDORF,False,5,3,0,False,2667
6241,2025-10-31 03:46:23.518000,39,SORA,False,0,3,0,False,2667
6242,2025-10-31 03:46:23.634000,4255,NESS,False,0,3,0,False,2667
6243,2025-10-31 03:57:28.643000,39,SORA,False,5,3,0,True,2668
6247,2025-10-31 03:57:29.084000,38,JOKER,False,1,3,0,False,2668
6248,2025-10-31 04:02:27.449000,5793,GANONDORF,False,4,3,0,False,2669
6249,2025-10-31 04:02:27.577000,88,YOSHI,False,4,2,0,True,2669
6250,2025-10-31 04:02:27.677000,39,SORA,False,0,2,0,False,2669
6251,2025-10-31 04:02:27.782000,38,JOKER,False,3,3,0,False,2669
6252,2025-10-31 04:07:30.753000,21,MR. GAME & WATCH,False,2,2,0,True,2670
6253,2025-10-31 04:07:30.878000,88,YOSHI,False,2,3,0,False,2670
6254,2025-10-31 04:07:31.042000,38,JOKER,False,2,2,0,False,2670
6255,2025-10-31 04:07:31.152000,4255,KIRBY,False,1,3,0,False,2670
6256,2025-10-31 04:07:31.294000,5793,GANONDORF,False,0,2,0,False,2670
6257,2025-10-31 04:12:13.292000,4255,NESS,False,2,2,0,False,2671
6258,2025-10-31 04:12:13.449000,5793,KING DEDEDE,False,2,2,0,False,2671
6259,2025-10-31 04:12:13.566000,88,YOSHI,False,6,3,0,False,2671
6260,2025-10-31 04:12:13.745000,38,BOWSER,False,7,2,0,True,2671
6261,2025-10-31 04:12:13.908000,21,MR. GAME & WATCH,False,0,3,0,False,2671
6262,2025-10-31 04:16:45.727000,5793,GANONDORF,False,1,3,0,False,2672
6263,2025-10-31 04:16:45.866000,88,YOSHI,False,3,3,0,False,2672
6264,2025-10-31 04:16:45.986000,38,BOWSER,False,4,2,0,True,2672
6265,2025-10-31 04:16:46.156000,21,ZELDA,False,3,3,0,False,2672
6266,2025-10-31 04:21:03.222000,5793,IKE,False,3,3,0,False,2673
6267,2025-10-31 04:21:03.303000,88,YOSHI,False,4,2,0,True,2673
6268,2025-10-31 04:21:03.459000,38,BOWSER,False,3,3,0,False,2673
6269,2025-10-31 04:21:03.573000,21,INCINEROAR,False,3,3,0,False,2673
6270,2025-10-31 04:25:23.621000,88,YOSHI,False,6,2,0,True,2674
6271,2025-10-31 04:25:23.791000,5793,WII FIT TRAINER,False,1,3,0,False,2674
6272,2025-10-31 04:25:23.926000,21,INCINEROAR,False,3,3,0,False,2674
6273,2025-10-31 04:25:24.061000,38,GANONDORF,False,1,3,0,False,2674
6274,2025-10-31 04:30:02.367000,5793,ISABELLE,False,0,3,0,False,2675
6275,2025-10-31 04:30:02.492000,88,YOSHI,False,4,1,0,True,2675
6276,2025-10-31 04:30:02.612000,38,ROY,False,2,3,0,False,2675
6277,2025-10-31 04:30:02.767000,21,INCINEROAR,False,2,2,0,False,2675
6278,2025-10-31 04:33:41.268000,5793,ICE CLIMBERS,False,1,3,0,False,2676
6279,2025-10-31 04:33:41.393000,88,YOSHI,False,3,1,0,True,2676
6280,2025-10-31 04:33:41.579000,38,BOWSER,False,2,3,0,False,2676
6281,2025-10-31 04:33:41.767000,21,INCINEROAR,False,4,3,0,False,2676
6282,2025-10-31 04:37:48.092000,5793,GANONDORF,False,0,3,0,False,2677
6283,2025-10-31 04:37:48.203000,88,YOSHI,False,1,1,0,True,2677
6284,2025-10-31 04:37:48.331000,38,JOKER,False,5,3,0,False,2677
6285,2025-10-31 04:37:48.445000,21,INCINEROAR,False,4,3,0,False,2677
6286,2025-10-31 04:41:58.625000,5793,GANONDORF,False,0,3,0,False,2678
6287,2025-10-31 04:41:58.793000,88,YOSHI,False,4,1,0,True,2678
6288,2025-10-31 04:41:58.924000,38,JOKER,False,3,3,0,False,2678
6289,2025-10-31 04:41:59.067000,21,INCINEROAR,False,1,3,0,False,2678
6238,2025-10-31 03:43:46.288000,88,LUCAS,False,0,0,0,False,2666
6201,2025-10-30 07:23:35.149000,23,SAMUS,False,0,0,0,False,2654
6200,2025-10-30 07:23:34.984000,38,JOKER,False,0,0,0,True,2654
6203,2025-10-30 07:25:40.734000,38,GANONDORF,False,2,0,0,True,2655
6290,2025-10-31 04:47:38.101000,21,INCINEROAR,False,4,2,0,True,2679
6291,2025-10-31 04:47:38.260000,88,YOSHI,False,3,3,0,False,2679
6292,2025-10-31 04:47:38.406000,5793,CAPTAIN FALCON,False,2,2,0,False,2679
6293,2025-10-31 04:47:38.536000,38,JOKER,False,0,3,0,False,2679
6294,2025-10-31 04:50:50.693000,88,YOSHI,False,3,1,0,True,2680
6295,2025-10-31 04:50:50.876000,21,INCINEROAR,False,2,3,0,False,2680
6296,2025-10-31 04:50:51.021000,38,GANONDORF,False,1,3,0,False,2680
6297,2025-10-31 04:50:51.194000,5793,CAPTAIN FALCON,False,2,3,0,False,2680
6298,2025-10-31 04:55:27.881000,5793,IKE,False,2,2,0,False,2681
6299,2025-10-31 04:55:28.015000,88,YOSHI,False,2,3,0,False,2681
6300,2025-10-31 04:55:28.135000,38,JOKER,False,6,1,0,True,2681
6301,2025-10-31 04:55:28.294000,21,MR. GAME & WATCH,False,2,3,0,False,2681
6302,2025-10-31 05:00:50.645000,5793,GANONDORF,False,0,3,0,False,2682
6303,2025-10-31 05:00:50.769000,88,LUCAS,False,3,3,0,False,2682
6304,2025-10-31 05:00:50.903000,38,JOKER,False,6,2,0,True,2682
6305,2025-10-31 05:00:51.043000,21,MR. GAME & WATCH,False,2,3,0,False,2682
6306,2025-10-31 05:07:17.763000,21,MR. GAME & WATCH,False,4,2,0,True,2683
6307,2025-10-31 05:07:17.942000,38,JOKER,False,2,2,0,False,2683
6308,2025-10-31 05:07:18.101000,88,YOSHI,False,3,3,0,False,2683
6309,2025-10-31 05:07:18.241000,5793,SNAKE,False,1,3,0,False,2683
6310,2025-10-31 05:17:39.906000,88,LINK,False,4,3,0,False,2684
6311,2025-10-31 05:17:40.055000,5793,CAPTAIN FALCON,False,3,3,0,False,2684
6312,2025-10-31 05:17:40.191000,38,JOKER,False,2,3,0,False,2684
6313,2025-10-31 05:17:40.315000,21,MR. GAME & WATCH,False,2,2,0,True,2684
6314,2025-10-31 05:24:44.733000,88,LINK,False,3,2,0,True,2685
6315,2025-10-31 05:24:44.889000,5793,CAPTAIN FALCON,False,0,3,0,False,2685
6316,2025-10-31 05:24:45.043000,38,JOKER,False,4,3,0,False,2685
6317,2025-10-31 05:24:45.206000,21,MR. GAME & WATCH,False,2,3,0,False,2685
6318,2025-10-31 05:29:26.019000,88,LINK,False,2,3,0,False,2686
6319,2025-10-31 05:29:26.152000,5793,GANONDORF,False,0,3,0,False,2686
6320,2025-10-31 05:29:26.282000,38,INCINEROAR,False,8,2,0,True,2686
6321,2025-10-31 05:29:26.376000,21,INCINEROAR,False,1,3,0,False,2686
6322,2025-10-31 05:34:04.282000,88,YOSHI,False,3,2,0,True,2687
6323,2025-10-31 05:34:04.442000,5793,RIDLEY,False,0,3,0,False,2687
6324,2025-10-31 05:34:04.572000,38,BOWSER,False,2,2,0,False,2687
6325,2025-10-31 05:34:04.697000,21,INCINEROAR,False,1,3,0,False,2687
6326,2025-10-31 05:39:38.336000,88,YOSHI,False,7,2,0,True,2688
6327,2025-10-31 05:39:38.453000,5793,BOWSER,False,0,3,0,False,2688
6328,2025-10-31 05:39:38.563000,38,DONKEY KONG,False,2,3,0,False,2688
6329,2025-10-31 05:39:38.671000,21,INCINEROAR,False,2,3,0,False,2688
6330,2025-10-31 05:44:04.325000,88,YOSHI,False,2,3,0,False,2689
6331,2025-10-31 05:44:04.506000,5793,STEVE,False,0,3,0,False,2689
6332,2025-10-31 05:44:04.653000,38,DONKEY KONG,False,9,2,0,True,2689
6333,2025-10-31 05:44:04.827000,21,INCINEROAR,False,0,3,0,False,2689
6334,2025-10-31 05:47:38.360000,38,DONKEY KONG,False,4,2,0,True,2690
6335,2025-10-31 05:47:38.503000,88,YOSHI,False,3,3,0,False,2690
6336,2025-10-31 05:47:38.610000,5793,CAPTAIN FALCON,False,0,2,1,False,2690
6337,2025-10-31 05:56:22.946000,88,YOSHI,False,3,2,0,True,2691
6338,2025-10-31 05:56:23.101000,5793,KING DEDEDE,False,4,3,0,False,2691
6339,2025-10-31 05:56:23.232000,38,DONKEY KONG,False,1,3,0,False,2691
6340,2025-10-31 06:17:41.318000,21,MR. GAME & WATCH,False,2,3,0,False,2692
6341,2025-10-31 06:17:41.476000,38,JOKER,False,3,2,0,True,2692
6342,2025-10-31 06:21:20.245000,21,MR. GAME & WATCH,False,3,2,0,True,2693
6343,2025-10-31 06:21:20.386000,38,JOKER,False,2,3,0,False,2693
6344,2025-10-31 06:23:04.223000,38,DONKEY KONG,False,3,1,0,True,2694
6852,2025-11-11 19:37:35.478000,21,INCINEROAR,False,3,1,0,True,2924
6346,2025-10-31 06:26:24.610000,21,INCINEROAR,False,2,3,0,False,2695
6347,2025-10-31 06:26:24.738000,38,DONKEY KONG,False,3,2,0,True,2695
6348,2025-10-31 06:29:07.615000,21,INCINEROAR,False,2,2,0,True,2696
6853,2025-11-11 19:37:35.631000,104,KING DEDEDE,False,1,3,0,False,2924
6350,2025-10-31 06:38:00.593000,21,INCINEROAR,False,0,3,0,False,2697
6351,2025-10-31 06:38:00.705000,38,GANONDORF,False,3,1,0,True,2697
6352,2025-10-31 06:40:17.638000,21,INCINEROAR,False,2,3,0,False,2698
6353,2025-10-31 06:40:17.773000,38,GANONDORF,False,3,2,0,True,2698
6354,2025-10-31 06:44:07.921000,21,INCINEROAR,False,1,3,0,False,2699
6355,2025-10-31 06:44:08.042000,38,GANONDORF,False,3,1,0,True,2699
6356,2025-10-31 06:46:04.026000,21,INCINEROAR,False,0,3,0,False,2700
6357,2025-10-31 06:46:04.144000,38,GANONDORF,False,3,0,0,True,2700
6358,2025-10-31 06:48:09.898000,21,INCINEROAR,False,0,0,0,False,2701
6359,2025-10-31 06:48:09.998000,38,GANONDORF,False,3,2,0,True,2701
6360,2025-10-31 06:49:39.054000,21,INCINEROAR,False,2,3,0,False,2702
6361,2025-10-31 06:49:39.171000,38,GANONDORF,False,3,1,0,True,2702
6362,2025-10-31 06:52:00.879000,21,MR. GAME & WATCH,False,3,2,0,True,2703
6363,2025-10-31 06:52:00.971000,38,GANONDORF,False,2,3,0,False,2703
6364,2025-10-31 06:58:32.720000,38,GANONDORF,False,3,2,0,True,2704
6878,2025-11-12 22:29:21.818000,21,INCINEROAR,False,0,0,0,False,2937
6879,2025-11-12 22:29:21.961000,38,JOKER,False,0,0,0,True,2937
6898,2025-11-12 23:07:44.607000,21,INCINEROAR,False,3,2,0,True,2947
9586,2026-01-20 19:47:04.390000,21,GANONDORF,False,3,2,0,True,4118
6370,2025-10-31 07:18:01.336000,21,MR. GAME & WATCH,False,3,2,0,True,2707
6371,2025-10-31 07:18:01.476000,38,CAPTAIN FALCON,False,2,3,0,False,2707
6373,2025-10-31 07:20:42.696000,38,CAPTAIN FALCON,False,3,2,0,True,2708
6374,2025-10-31 07:24:04.778000,21,MR. GAME & WATCH,False,3,2,0,True,2709
6376,2025-10-31 07:28:17.841000,21,MR. GAME & WATCH,False,2,3,0,False,2710
6377,2025-10-31 07:28:17.953000,38,CAPTAIN FALCON,False,3,2,0,True,2710
6378,2025-10-31 07:32:27.661000,21,MR. GAME & WATCH,False,2,3,0,False,2711
6365,2025-10-31 06:58:32.849000,21,MR. GAME & WATCH,False,3,3,0,False,2704
6349,2025-10-31 06:29:07.761000,38,DONKEY KONG,False,2,3,0,False,2696
6345,2025-10-31 06:23:04.336000,21,MR. GAME & WATCH,False,0,0,0,False,2694
6379,2025-10-31 07:32:27.764000,38,CAPTAIN FALCON,False,3,2,0,True,2711
6380,2025-10-31 07:43:46.056000,21,MR. GAME & WATCH,False,2,3,0,False,2712
6381,2025-10-31 07:43:46.226000,38,CAPTAIN FALCON,False,3,2,0,True,2712
6382,2025-10-31 07:47:45.703000,21,MR. GAME & WATCH,False,3,2,0,True,2713
6383,2025-10-31 07:47:45.803000,38,CAPTAIN FALCON,False,2,3,0,False,2713
6384,2025-10-31 07:49:59.703000,21,MR. GAME & WATCH,False,2,3,0,False,2714
6385,2025-10-31 07:49:59.780000,38,BOWSER,False,2,2,0,True,2714
6386,2025-10-31 07:53:07.128000,21,MR. GAME & WATCH,False,1,3,0,False,2715
6387,2025-10-31 07:53:07.210000,38,BOWSER,False,2,1,0,True,2715
6854,2025-11-11 19:41:51.900000,21,INCINEROAR,False,2,3,0,False,2925
6389,2025-10-31 07:58:16.109000,38,BOWSER,False,2,2,0,True,2716
6855,2025-11-11 19:41:51.991000,104,KING DEDEDE,False,3,2,0,True,2925
6880,2025-11-12 22:33:05.331000,21,INCINEROAR,False,3,2,0,True,2938
6392,2025-10-31 08:07:12.698000,21,MR. GAME & WATCH,False,3,1,0,True,2718
6393,2025-10-31 08:07:12.814000,38,CAPTAIN FALCON,False,0,3,0,False,2718
6394,2025-10-31 08:12:26.410000,21,MR. GAME & WATCH,False,2,2,0,False,2719
6395,2025-10-31 08:12:26.551000,38,CAPTAIN FALCON,False,2,2,0,True,2719
6396,2025-10-31 08:39:51.430000,21,MR. GAME & WATCH,False,0,0,0,False,2720
6397,2025-10-31 08:39:51.631000,38,LUCINA,False,0,0,0,True,2720
6398,2025-10-31 08:46:03.252000,38,LUCINA,False,3,1,0,True,2721
6881,2025-11-12 22:33:05.449000,38,JOKER,False,2,3,0,False,2938
6400,2025-10-31 08:49:33.311000,38,LUCINA,False,2,2,0,True,2722
6402,2025-10-31 08:52:21.962000,21,ZELDA,False,2,2,0,False,2723
6403,2025-10-31 08:52:22.067000,38,IKE,False,2,2,0,True,2723
6404,2025-10-31 08:55:53.778000,21,ZELDA,False,2,3,0,False,2724
6405,2025-10-31 08:55:53.869000,38,LUCINA,False,3,2,0,True,2724
6406,2025-10-31 09:03:54.809000,21,ZELDA,False,2,3,0,False,2725
6407,2025-10-31 09:03:54.929000,38,ROY,False,3,2,0,True,2725
6408,2025-10-31 09:07:57.634000,21,ZELDA,False,2,3,0,False,2726
6409,2025-10-31 09:07:57.725000,38,SEPHIROTH,False,3,2,0,True,2726
6410,2025-10-31 09:12:25.902000,38,SEPHIROTH,False,3,2,0,True,2727
6412,2025-10-31 09:16:40.041000,38,JOKER,False,3,2,0,True,2728
6414,2025-10-31 09:24:53.403000,21,ZELDA,False,2,3,0,False,2729
6415,2025-10-31 09:24:53.539000,38,JOKER,False,3,2,0,True,2729
6416,2025-10-31 09:30:03.893000,21,ZELDA,False,3,3,0,False,2730
6417,2025-10-31 09:30:03.985000,38,CLOUD,False,3,2,0,True,2730
6418,2025-10-31 09:42:12.580000,21,MR. GAME & WATCH,False,3,1,0,True,2731
6419,2025-10-31 09:42:12.714000,38,CLOUD,False,0,3,0,False,2731
6420,2025-10-31 09:46:51.775000,21,MR. GAME & WATCH,False,2,3,0,False,2732
6421,2025-10-31 09:46:51.879000,38,CLOUD,False,3,2,0,True,2732
6422,2025-10-31 09:50:23.270000,38,CLOUD,False,3,1,0,True,2733
6423,2025-10-31 09:50:23.382000,21,MR. GAME & WATCH,False,1,3,0,False,2733
6424,2025-10-31 09:55:50.764000,21,MR. GAME & WATCH,False,2,3,0,False,2734
6425,2025-10-31 09:55:50.888000,38,CLOUD,False,3,2,0,True,2734
6426,2025-10-31 09:59:14.774000,21,MR. GAME & WATCH,False,1,3,0,False,2735
6427,2025-10-31 09:59:14.873000,38,CLOUD,False,3,1,0,True,2735
6428,2025-10-31 10:06:14.463000,21,MR. GAME & WATCH,False,2,3,0,False,2736
6429,2025-10-31 10:06:14.563000,38,CLOUD,False,3,2,0,True,2736
6430,2025-10-31 10:09:18.124000,21,MR. GAME & WATCH,False,2,3,0,False,2737
6431,2025-10-31 10:09:18.217000,38,BYLETH,False,3,2,0,True,2737
6432,2025-10-31 10:13:20.975000,21,MR. GAME & WATCH,False,2,3,0,False,2738
6433,2025-10-31 10:13:21.091000,38,BYLETH,False,3,2,0,True,2738
6434,2025-10-31 10:16:56.642000,21,MR. GAME & WATCH,False,3,3,0,True,2739
6435,2025-10-31 10:16:56.762000,38,PIRANHA PLANT,False,3,3,0,False,2739
6436,2025-10-31 10:21:45.445000,21,MR. GAME & WATCH,False,2,3,0,False,2740
6437,2025-10-31 10:21:45.527000,38,PIRANHA PLANT,False,3,2,0,True,2740
6438,2025-10-31 10:26:00.478000,21,MR. GAME & WATCH,False,2,3,0,False,2741
6439,2025-10-31 10:26:00.580000,38,PIRANHA PLANT,False,2,2,0,True,2741
6440,2025-10-31 10:34:37.813000,21,MR. GAME & WATCH,False,2,3,0,False,2742
6441,2025-10-31 10:34:37.955000,38,PIRANHA PLANT,False,3,2,0,True,2742
6442,2025-10-31 10:38:49.174000,21,MR. GAME & WATCH,False,2,3,0,False,2743
6443,2025-10-31 10:38:49.339000,38,PIRANHA PLANT,False,3,2,0,True,2743
6444,2025-10-31 10:41:32.777000,21,MR. GAME & WATCH,False,0,3,0,False,2744
6445,2025-10-31 10:41:32.871000,38,HERO,False,3,0,0,True,2744
6446,2025-10-31 10:50:42.221000,21,MR. GAME & WATCH,False,3,2,0,True,2745
6447,2025-10-31 10:50:42.335000,38,HERO,False,2,3,0,False,2745
6448,2025-10-31 10:59:18.375000,38,PIRANHA PLANT,False,3,2,0,True,2746
6451,2025-10-31 11:03:33.220000,38,PIRANHA PLANT,False,2,2,0,True,2747
6452,2025-10-31 11:08:45.206000,21,MR. GAME & WATCH,False,2,3,0,False,2748
6453,2025-10-31 11:08:45.295000,38,PIRANHA PLANT,False,3,2,0,True,2748
6455,2025-10-31 11:18:29.868000,38,PIRANHA PLANT,False,2,2,0,True,2749
6456,2025-10-31 11:30:15.304000,38,PIRANHA PLANT,False,3,2,0,True,2750
6459,2025-10-31 11:32:27.797000,38,PIRANHA PLANT,False,3,0,0,True,2751
6460,2025-10-31 11:35:12.117000,21,INCINEROAR,False,2,3,0,False,2752
6461,2025-10-31 11:35:12.210000,38,PIRANHA PLANT,False,3,2,0,True,2752
6462,2025-10-31 11:40:06.746000,21,INCINEROAR,False,2,3,0,False,2753
6463,2025-10-31 11:40:06.835000,38,PIRANHA PLANT,False,3,2,0,True,2753
6464,2025-10-31 11:43:49.933000,21,INCINEROAR,False,3,1,0,True,2754
6465,2025-10-31 11:43:50.044000,38,PIRANHA PLANT,False,0,3,0,False,2754
6466,2025-10-31 11:51:54.052000,21,INCINEROAR,False,2,3,0,False,2755
6467,2025-10-31 11:51:54.153000,38,PIRANHA PLANT,False,2,1,0,True,2755
6450,2025-10-31 11:03:33.112000,21,MR. GAME & WATCH,False,0,0,0,False,2747
6413,2025-10-31 09:16:40.157000,21,ZELDA,False,0,0,0,False,2728
6411,2025-10-31 09:12:26.008000,21,ZELDA,False,2,3,0,False,2727
6399,2025-10-31 08:46:03.390000,21,MR. GAME & WATCH,False,0,0,0,False,2721
6390,2025-10-31 08:04:29.860000,38,RIDLEY,False,2,0,0,True,2717
6391,2025-10-31 08:04:30.051000,21,MR. GAME & WATCH,False,0,0,0,False,2717
6388,2025-10-31 07:58:15.993000,21,MR. GAME & WATCH,False,0,0,0,False,2716
6468,2025-10-31 11:56:22.435000,21,INCINEROAR,False,2,3,0,False,2756
6469,2025-10-31 11:56:22.573000,38,PIRANHA PLANT,False,3,2,0,True,2756
6470,2025-10-31 12:04:25.578000,21,INCINEROAR,False,2,3,0,False,2757
6471,2025-10-31 12:04:25.793000,38,DR. MARIO,False,3,2,0,True,2757
6472,2025-10-31 12:06:48.327000,21,INCINEROAR,False,3,1,0,True,2758
6856,2025-11-12 01:48:31.761000,104,KING DEDEDE,False,2,2,0,True,2926
6474,2025-10-31 12:10:41.948000,21,INCINEROAR,False,3,2,0,True,2759
6475,2025-10-31 12:10:42.041000,38,GRENINJA,False,2,3,0,False,2759
6476,2025-10-31 12:13:16.852000,38,STEVE,False,2,1,0,True,2760
6857,2025-11-12 01:48:31.925000,39,SORA,False,2,3,0,False,2926
6478,2025-10-31 12:15:59.166000,38,LUIGI,False,2,1,0,True,2761
6479,2025-10-31 12:15:59.288000,21,INCINEROAR,False,1,2,1,False,2761
6882,2025-11-12 22:36:02.039000,21,INCINEROAR,False,2,3,0,False,2939
6481,2025-10-31 12:20:42.934000,38,LUIGI,False,2,2,0,False,2762
6482,2025-11-01 00:45:51.821000,6235,MARTH,False,1,3,0,False,2763
6483,2025-11-01 00:45:52.029000,5793,GANONDORF,False,5,1,0,True,2763
6484,2025-11-01 00:45:52.190000,6237,DARK SAMUS,False,1,3,0,False,2763
6485,2025-11-01 00:45:52.361000,6238,BAYONETTA,False,5,3,0,False,2763
6486,2025-11-01 00:45:52.540000,6239,LINK,False,1,3,0,False,2763
6487,2025-11-01 00:52:43.444000,6238,KIRBY,False,6,2,0,True,2764
6488,2025-11-01 00:52:43.603000,6237,MARIO,False,3,3,0,False,2764
6489,2025-11-01 00:52:43.833000,6239,LUIGI,False,2,3,0,False,2764
6490,2025-11-01 00:52:43.960000,5793,CAPTAIN FALCON,False,0,3,0,False,2764
6491,2025-11-01 00:52:44.094000,6235,PYRA,False,0,3,0,False,2764
6492,2025-11-01 00:55:45.181000,6235,MYTHRA,False,3,3,0,False,2765
6493,2025-11-01 00:55:45.447000,5793,DUCK HUNT,False,3,3,0,False,2765
6494,2025-11-01 00:55:45.734000,6237,ROSALINA & LUMA,False,1,3,0,False,2765
6495,2025-11-01 00:55:45.920000,6238,YOSHI,False,4,2,0,True,2765
6496,2025-11-01 00:55:46.093000,6239,LUIGI,False,3,2,1,False,2765
6497,2025-11-01 01:02:20.271000,6235,HERO,False,0,3,0,False,2766
6498,2025-11-01 01:02:20.438000,5793,IKE,False,5,1,0,True,2766
6499,2025-11-01 01:02:20.582000,6237,PAC-MAN,False,3,2,1,False,2766
6500,2025-11-01 01:02:20.713000,6238,META KNIGHT,False,2,3,0,False,2766
6501,2025-11-01 01:02:20.840000,6239,LUIGI,False,2,3,0,False,2766
6502,2025-11-01 01:20:56.868000,6235,MYTHRA,False,1,3,0,False,2767
6883,2025-11-12 22:36:02.164000,38,JOKER,False,3,2,0,True,2939
6504,2025-11-01 01:20:57.159000,6237,NESS,False,6,2,0,True,2767
6506,2025-11-01 01:20:57.481000,6239,DARK PIT,False,1,3,0,False,2767
6507,2025-11-01 06:19:16.515000,21,MR. GAME & WATCH,False,1,3,0,False,2768
6508,2025-11-01 06:19:16.701000,38,PIRANHA PLANT,False,3,1,0,True,2768
6509,2025-11-01 06:23:37.930000,21,MR. GAME & WATCH,False,0,0,0,True,2769
6510,2025-11-01 06:23:38.106000,38,PIRANHA PLANT,False,0,0,0,False,2769
6511,2025-11-01 06:26:23.293000,21,MR. GAME & WATCH,False,3,1,0,True,2770
6512,2025-11-01 06:26:23.443000,38,PIRANHA PLANT,False,1,3,0,False,2770
6513,2025-11-01 06:31:37.646000,21,MR. GAME & WATCH,False,2,2,0,True,2771
6514,2025-11-01 06:31:37.777000,38,PIRANHA PLANT,False,2,3,0,False,2771
6515,2025-11-01 06:38:52.165000,21,MR. GAME & WATCH,False,2,3,0,False,2772
6516,2025-11-01 06:38:52.266000,38,PIRANHA PLANT,False,3,2,0,True,2772
6517,2025-11-01 06:46:42.830000,21,MR. GAME & WATCH,False,2,3,0,False,2773
6518,2025-11-01 06:46:43.051000,38,PIRANHA PLANT,False,3,2,0,True,2773
6519,2025-11-01 06:52:48.455000,38,PIRANHA PLANT,False,2,1,0,True,2774
6521,2025-11-01 06:57:51.643000,21,MR. GAME & WATCH,False,3,2,0,True,2775
6523,2025-11-01 07:02:47.558000,21,MR. GAME & WATCH,False,3,2,0,True,2776
6524,2025-11-01 07:02:47.707000,38,PIRANHA PLANT,False,2,3,0,False,2776
6525,2025-11-01 07:06:55.106000,21,MR. GAME & WATCH,False,2,3,0,False,2777
6526,2025-11-01 07:06:55.253000,38,PIRANHA PLANT,False,3,2,0,True,2777
6527,2025-11-01 07:11:48.005000,38,GANONDORF,False,3,2,0,True,2778
6530,2025-11-01 07:17:54.113000,38,CAPTAIN FALCON,False,2,0,0,True,2779
6531,2025-11-01 07:22:02.494000,21,INCINEROAR,False,3,2,0,True,2780
6532,2025-11-01 07:22:02.645000,38,KIRBY,False,2,3,0,False,2780
6533,2025-11-01 07:25:45.785000,21,INCINEROAR,False,1,3,0,False,2781
6534,2025-11-01 07:25:45.879000,38,BANJO & KAZOOIE,False,2,1,0,True,2781
6535,2025-11-01 07:30:48.771000,21,INCINEROAR,False,2,2,0,True,2782
6536,2025-11-01 07:30:48.897000,38,FALCO,False,2,2,0,False,2782
6537,2025-11-01 07:32:48.429000,21,INCINEROAR,False,1,3,0,False,2783
6538,2025-11-01 07:32:48.527000,38,DR. MARIO,False,2,1,0,True,2783
6539,2025-11-02 22:52:29.738000,5793,GANONDORF,False,1,3,0,False,2784
6540,2025-11-02 22:52:29.911000,38,CAPTAIN FALCON,False,3,1,0,True,2784
6541,2025-11-02 22:54:01.288000,5793,CAPTAIN FALCON,False,0,3,0,False,2785
6542,2025-11-02 22:54:01.466000,38,INCINEROAR,False,2,0,0,True,2785
6543,2025-11-03 04:33:47.483000,5793,GANONDORF,False,2,3,0,False,2786
6544,2025-11-03 04:33:47.696000,38,WARIO,False,3,1,0,True,2786
6545,2025-11-03 04:36:24.331000,38,MARTH,False,3,0,0,True,2787
6547,2025-11-03 04:44:05.248000,38,CAPTAIN FALCON,False,3,1,0,True,2788
6549,2025-11-03 04:48:26.159000,38,CAPTAIN FALCON,False,3,1,0,True,2789
6551,2025-11-03 04:51:58.895000,5793,CAPTAIN FALCON,False,3,3,0,False,2790
6552,2025-11-03 04:51:59.077000,38,CAPTAIN FALCON,False,3,1,0,True,2790
6553,2025-11-03 04:53:43.485000,5793,CAPTAIN FALCON,False,0,3,0,False,2791
6554,2025-11-03 04:53:43.609000,38,CAPTAIN FALCON,False,3,0,0,True,2791
6555,2025-11-03 04:56:06.975000,5793,CAPTAIN FALCON,False,0,3,0,False,2792
6556,2025-11-03 04:56:07.116000,38,CAPTAIN FALCON,False,2,0,0,True,2792
6522,2025-11-01 06:57:51.844000,38,PIRANHA PLANT,False,0,0,0,False,2775
6520,2025-11-01 06:52:48.578000,21,MR. GAME & WATCH,False,0,0,0,False,2774
6503,2025-11-01 01:20:57.017000,5793,STEVE,False,0,0,0,False,2767
6505,2025-11-01 01:20:57.309000,5853,PAC-MAN,False,0,0,0,False,2767
6480,2025-10-31 12:20:42.792000,21,INCINEROAR,False,2,2,0,True,2762
6477,2025-10-31 12:13:16.933000,21,INCINEROAR,False,0,0,0,False,2760
6473,2025-10-31 12:06:48.426000,38,PEACH,False,0,0,0,False,2758
6546,2025-11-03 04:36:24.517000,5793,DARK PIT,False,0,0,0,False,2787
6557,2025-11-03 04:58:05.554000,5793,CAPTAIN FALCON,False,0,3,0,False,2793
6558,2025-11-03 04:58:05.669000,38,CAPTAIN FALCON,False,3,0,0,True,2793
6559,2025-11-03 04:59:33.761000,5793,CAPTAIN FALCON,False,0,2,1,False,2794
6560,2025-11-03 04:59:33.870000,38,CAPTAIN FALCON,False,2,0,0,True,2794
6561,2025-11-03 05:02:28.995000,5793,CAPTAIN FALCON,False,0,3,0,False,2795
6562,2025-11-03 05:02:29.124000,38,CAPTAIN FALCON,False,3,0,0,True,2795
9587,2026-01-20 19:47:04.390000,8659,CAPTAIN FALCON,False,2,3,0,False,4118
6564,2025-11-03 05:07:57.631000,38,CAPTAIN FALCON,False,2,0,0,True,2796
6567,2025-11-03 06:35:17.330000,5793,IKE,False,0,3,0,False,2798
6568,2025-11-03 06:35:17.525000,38,CAPTAIN FALCON,False,3,0,0,True,2798
6569,2025-11-03 06:41:10.448000,38,ROY,False,2,1,0,True,2799
6571,2025-11-03 06:43:09.148000,5793,ROY,False,2,3,0,False,2800
6572,2025-11-03 06:43:09.266000,38,DONKEY KONG,False,3,2,0,True,2800
6574,2025-11-03 06:49:25.446000,6235,PYRA,False,0,1,2,False,2801
6577,2025-11-03 06:53:27.179000,6235,MYTHRA,False,0,2,1,False,2802
6578,2025-11-03 07:01:17.208000,5793,ROY,False,0,3,0,False,2803
6579,2025-11-03 07:01:17.357000,38,JOKER,False,2,1,0,False,2803
6580,2025-11-03 07:01:17.507000,6235,PYRA,False,4,1,0,True,2803
6581,2025-11-03 07:02:54.557000,5793,ROY,False,0,3,0,False,2804
6582,2025-11-03 07:02:54.693000,38,GANONDORF,False,2,0,0,True,2804
6583,2025-11-03 07:05:41.145000,38,INCINEROAR,False,3,1,0,True,2805
6585,2025-11-03 07:13:08.175000,5793,CAPTAIN FALCON,False,1,3,0,False,2806
6586,2025-11-03 07:13:08.331000,38,GANONDORF,False,3,1,0,True,2806
6587,2025-11-03 07:27:09.119000,38,GANONDORF,False,3,1,0,True,2807
6588,2025-11-03 07:27:09.235000,5793,CAPTAIN FALCON,False,1,3,0,False,2807
6589,2025-11-03 07:55:40.375000,38,CAPTAIN FALCON,False,3,0,1,True,2808
6590,2025-11-03 07:55:40.583000,5793,CAPTAIN FALCON,False,0,3,0,False,2808
6591,2025-11-03 07:58:26.595000,38,CAPTAIN FALCON,False,3,2,0,True,2809
6592,2025-11-03 07:58:26.762000,5793,CAPTAIN FALCON,False,2,3,0,False,2809
6593,2025-11-03 07:59:59.997000,38,CAPTAIN FALCON,False,3,0,0,True,2810
6594,2025-11-03 08:00:00.138000,5793,CAPTAIN FALCON,False,0,3,0,False,2810
6595,2025-11-03 08:01:53.552000,38,DONKEY KONG,False,3,0,0,True,2811
6596,2025-11-03 08:01:53.713000,5793,CAPTAIN FALCON,False,1,3,0,False,2811
6597,2025-11-03 08:06:27.580000,38,GANONDORF,False,3,0,0,True,2812
6598,2025-11-03 08:06:27.756000,5793,CAPTAIN FALCON,False,0,3,0,False,2812
6599,2025-11-03 08:08:37.445000,38,GANONDORF,False,3,1,0,True,2813
6600,2025-11-03 08:08:37.544000,5793,CAPTAIN FALCON,False,0,2,0,False,2813
6601,2025-11-03 08:10:01.584000,38,CAPTAIN FALCON,False,2,0,0,True,2814
6603,2025-11-03 08:14:42.746000,38,CAPTAIN FALCON,False,3,1,1,True,2815
6604,2025-11-03 08:14:42.917000,5793,CAPTAIN FALCON,False,1,3,0,False,2815
6605,2025-11-03 08:16:30.884000,38,CAPTAIN FALCON,False,3,0,0,True,2816
6606,2025-11-03 08:16:31.004000,5793,CAPTAIN FALCON,False,0,3,0,False,2816
6607,2025-11-03 08:18:40.956000,38,CAPTAIN FALCON,False,2,1,1,True,2817
6608,2025-11-03 08:18:41.053000,5793,CAPTAIN FALCON,False,0,2,1,False,2817
6609,2025-11-03 08:20:51.836000,38,CAPTAIN FALCON,False,2,1,0,True,2818
6610,2025-11-03 08:20:51.951000,5793,CAPTAIN FALCON,False,2,3,0,False,2818
6611,2025-11-03 08:23:41.270000,38,CAPTAIN FALCON,False,2,1,0,True,2819
6612,2025-11-03 08:23:41.379000,5793,CAPTAIN FALCON,False,1,2,0,False,2819
6613,2025-11-03 08:25:53.982000,38,CAPTAIN FALCON,False,0,0,0,True,2820
6614,2025-11-03 08:25:54.086000,5793,CAPTAIN FALCON,False,0,0,0,False,2820
6584,2025-11-03 07:05:41.299000,5793,GANONDORF,False,3,3,0,False,2805
6575,2025-11-03 06:53:26.865000,5793,ROY,False,0,0,0,False,2802
6576,2025-11-03 06:53:27.053000,38,PYRA,False,0,0,0,True,2802
6573,2025-11-03 06:49:25.291000,38,PYRA,False,0,0,0,True,2801
6570,2025-11-03 06:41:10.621000,5793,ROY,False,0,0,0,False,2799
6566,2025-11-03 05:09:47.974000,5793,GANONDORF,False,0,0,0,False,2797
6565,2025-11-03 05:09:47.747000,38,GANONDORF,False,0,0,0,True,2797
6563,2025-11-03 05:07:57.496000,5793,CAPTAIN FALCON,False,0,0,0,False,2796
6550,2025-11-03 04:48:26.292000,5793,CAPTAIN FALCON,False,0,0,0,False,2789
6548,2025-11-03 04:44:05.413000,5793,CAPTAIN FALCON,False,0,0,0,False,2788
6528,2025-11-01 07:11:48.136000,21,INCINEROAR,False,0,0,0,False,2778
6529,2025-11-01 07:17:54.005000,21,INCINEROAR,False,0,0,0,False,2779
6458,2025-10-31 11:32:27.663000,21,ZELDA,False,0,0,0,False,2751
6457,2025-10-31 11:30:15.443000,21,ZELDA,False,0,0,0,False,2750
6454,2025-10-31 11:18:29.777000,21,ZELDA,False,0,0,0,False,2749
6449,2025-10-31 10:59:18.494000,21,MR. GAME & WATCH,False,0,0,0,False,2746
6401,2025-10-31 08:49:33.443000,21,MR. GAME & WATCH,False,0,0,0,False,2722
6375,2025-10-31 07:24:04.934000,38,CAPTAIN FALCON,False,0,0,0,False,2709
6372,2025-10-31 07:20:42.597000,21,MR. GAME & WATCH,False,0,0,0,False,2708
6246,2025-10-31 03:57:28.970000,5793,GANONDORF,False,0,0,0,False,2668
6245,2025-10-31 03:57:28.852000,88,LUCAS,False,0,0,0,False,2668
6244,2025-10-31 03:57:28.748000,4255,NESS,False,0,0,0,False,2668
6193,2025-10-30 06:54:00.859000,4255,NESS,False,0,0,0,True,2651
6194,2025-10-30 06:54:01.016000,5793,CAPTAIN FALCON,False,0,0,0,False,2651
6126,2025-10-24 21:53:38.052000,21,ZELDA,False,0,2,0,False,2619
5647,2025-10-06 03:09:39.066000,54,INCINEROAR,False,0,0,0,True,2388
5648,2025-10-06 03:09:39.196000,4484,PALUTENA,False,0,0,0,False,2388
5548,2025-09-25 03:25:11.836000,22,CAPTAIN FALCON,False,0,0,0,False,2346
5508,2025-09-25 02:30:37.433000,50,YOSHI,False,0,0,0,False,2335
5456,2025-09-25 00:57:41.094000,104,ZELDA,False,3,2,0,True,2318
5327,2025-09-23 08:01:30.782000,4484,RIDLEY,False,0,0,0,False,2266
5292,2025-09-23 07:19:35.741000,4484,RIDLEY,False,0,0,0,False,2257
5296,2025-09-23 07:25:04.856000,22,ENDERMAN,False,0,0,0,False,2258
5283,2025-09-23 07:11:01.698000,22,ENDERMAN,False,0,0,0,False,2255
5276,2025-09-23 07:02:30.943000,4484,RIDLEY,False,0,0,0,False,2253
6615,2025-11-03 21:50:22.250000,5793,GANONDORF,False,1,3,0,False,2821
6616,2025-11-03 21:50:22.556000,39,DONKEY KONG,False,2,1,0,True,2821
6617,2025-11-03 21:52:51.149000,5793,GANONDORF,False,1,3,0,False,2822
6618,2025-11-03 21:52:51.530000,39,DONKEY KONG,False,3,1,0,True,2822
6619,2025-11-03 22:00:40.343000,5793,GANONDORF,False,1,3,0,False,2823
6620,2025-11-03 22:00:40.550000,39,DONKEY KONG,False,0,0,0,True,2823
6621,2025-11-04 01:15:32.044000,4255,NESS,False,2,3,0,False,2824
6622,2025-11-04 01:15:32.266000,5793,CAPTAIN FALCON,False,3,2,0,True,2824
6623,2025-11-04 01:18:25.496000,4255,NESS,False,1,3,0,False,2825
6624,2025-11-04 01:18:25.655000,5793,CAPTAIN FALCON,False,3,1,0,True,2825
6625,2025-11-04 01:21:03.527000,4255,NESS,False,3,3,0,True,2826
9588,2026-01-20 19:50:33.640000,21,GANONDORF,False,3,2,0,True,4119
6627,2025-11-04 01:24:44.425000,4255,NESS,False,3,1,0,True,2827
9589,2026-01-20 19:50:33.640000,8659,CAPTAIN FALCON,False,2,3,0,False,4119
9626,2026-01-21 17:44:36.525000,9157,CAPTAIN FALCON,False,3,3,0,False,4133
9627,2026-01-21 17:44:36.525000,104,ZELDA,False,5,2,0,True,4133
9628,2026-01-21 17:44:36.525000,39,DONKEY KONG,False,0,2,0,False,4133
6632,2025-11-04 03:59:09.267000,1112,NESS,False,3,1,0,True,2829
6633,2025-11-04 04:02:49.946000,678,DARK PIT,False,0,3,0,False,2830
6634,2025-11-04 04:02:50.101000,1112,NESS,False,3,1,0,True,2830
6635,2025-11-04 04:07:00.292000,678,DARK PIT,False,2,3,0,False,2831
6636,2025-11-04 04:07:00.405000,1112,NESS,False,3,2,0,True,2831
6637,2025-11-04 04:15:08.274000,678,DARK PIT,False,2,3,0,False,2832
9629,2026-01-21 17:44:36.525000,23,KIRBY,False,0,2,0,True,4133
6639,2025-11-04 04:19:36.931000,1112,NESS,False,3,2,0,True,2833
9655,2026-01-23 01:44:18.330000,104,ZELDA,False,4,1,0,True,4143
6641,2025-11-04 07:37:18.176000,5793,CAPTAIN FALCON,False,0,3,0,False,2834
6642,2025-11-04 07:37:18.419000,4255,NESS,False,2,0,0,True,2834
6643,2025-11-04 07:48:12.476000,5793,CAPTAIN FALCON,False,2,2,0,True,2835
6644,2025-11-04 07:48:12.683000,4255,NESS,False,1,3,0,False,2835
6645,2025-11-04 07:48:12.855000,6235,KIRBY,False,3,3,0,False,2835
6646,2025-11-04 07:52:59.107000,5793,MORTON,False,3,2,0,True,2836
6647,2025-11-04 07:52:59.250000,4255,NESS,False,1,3,0,False,2836
6648,2025-11-04 07:52:59.395000,6235,YOSHI,False,1,2,1,False,2836
6649,2025-11-04 07:58:51.679000,5793,GANONDORF,False,1,3,0,False,2837
6650,2025-11-04 07:58:51.831000,4255,NESS,False,0,3,0,False,2837
6651,2025-11-04 07:58:51.978000,6238,META KNIGHT,False,2,3,0,False,2837
6652,2025-11-04 07:58:52.145000,6405,DARK SAMUS,False,6,2,0,True,2837
6653,2025-11-04 08:16:21.750000,5793,SNAKE,False,2,3,0,False,2838
6654,2025-11-04 08:16:21.912000,4255,TOON LINK,False,2,3,0,False,2838
6655,2025-11-04 08:16:22.073000,6238,KING DEDEDE,False,2,3,0,False,2838
6656,2025-11-04 08:16:22.245000,6405,DARK SAMUS,False,5,2,0,True,2838
6657,2025-11-04 08:21:12.349000,5793,HERO,False,2,1,0,True,2839
6658,2025-11-04 08:21:12.494000,4255,PAC-MAN,False,1,3,0,False,2839
6659,2025-11-04 08:26:22.009000,5793,HERO,False,3,2,0,True,2840
6660,2025-11-04 08:26:22.137000,5853,PAC-MAN,False,2,3,0,False,2840
9656,2026-01-23 01:44:18.420000,2586,SNAKE,False,2,3,0,False,4143
6662,2025-11-04 08:36:05.137000,5853,PAC-MAN,False,1,3,0,False,2841
6663,2025-11-04 22:19:24.428000,21,MR. GAME & WATCH,False,3,2,0,True,2842
6664,2025-11-04 22:19:24.643000,38,LUCINA,False,2,3,0,False,2842
6665,2025-11-04 22:23:53.273000,21,MR. GAME & WATCH,False,2,3,0,False,2843
6666,2025-11-04 22:23:53.434000,38,LUCINA,False,3,2,0,True,2843
6667,2025-11-04 22:28:51.589000,21,MR. GAME & WATCH,False,2,2,0,False,2844
6668,2025-11-04 22:28:51.848000,38,LUCINA,False,3,2,0,True,2844
6669,2025-11-04 22:34:18.228000,21,MR. GAME & WATCH,False,2,1,0,True,2845
6670,2025-11-04 22:34:18.367000,5793,CAPTAIN FALCON,False,1,3,0,False,2845
6671,2025-11-04 22:36:40.081000,21,ZELDA,False,3,1,0,True,2846
9657,2026-01-23 01:44:18.504000,9157,CAPTAIN FALCON,False,0,3,1,False,4143
6673,2025-11-05 02:40:09.942000,4484,JOKER,False,2,3,0,False,2847
6674,2025-11-05 02:40:10.158000,54,POKÉMON TRAINER,False,3,2,0,True,2847
6675,2025-11-05 02:44:04.098000,4484,JOKER,False,0,0,0,True,2848
6676,2025-11-05 02:44:04.398000,54,POKÉMON TRAINER,False,2,3,0,False,2848
6677,2025-11-05 02:52:51.688000,4484,POKÉMON TRAINER,False,3,3,0,False,2849
6678,2025-11-05 02:52:51.819000,54,JOKER,False,3,2,0,True,2849
6679,2025-11-05 02:55:37.573000,54,JOKER,False,2,2,0,True,2850
9658,2026-01-23 01:44:18.599000,3007,KAZUYA,False,1,2,1,True,4143
9683,2026-01-23 02:28:53.161000,23,SAMUS,False,2,3,0,False,4151
9684,2026-01-23 02:28:53.278000,9373,CAPTAIN FALCON,False,2,3,0,True,4151
6683,2025-11-05 08:02:27.750000,23,SAMUS,False,3,0,0,True,2852
6684,2025-11-05 08:02:27.962000,5793,CAPTAIN FALCON,False,0,2,0,False,2852
6685,2025-11-05 08:07:25.969000,23,SAMUS,False,2,3,0,False,2853
6686,2025-11-05 08:07:26.120000,5793,GANONDORF,False,3,1,0,True,2853
6687,2025-11-05 08:13:53.449000,23,SAMUS,False,3,0,0,True,2854
6688,2025-11-05 08:13:53.618000,5793,CAPTAIN FALCON,False,0,3,0,False,2854
6689,2025-11-05 08:21:28.218000,23,SAMUS,False,3,1,0,True,2855
6690,2025-11-05 08:21:28.323000,5793,HERO,False,1,3,0,False,2855
6691,2025-11-05 08:26:17.947000,23,SAMUS,False,2,3,0,False,2856
6692,2025-11-05 08:26:18.103000,5793,ICE CLIMBERS,False,3,2,0,True,2856
6693,2025-11-05 08:30:23.879000,23,SAMUS,False,2,0,0,True,2857
6694,2025-11-05 08:30:24.046000,5793,SORA,False,0,3,0,False,2857
9685,2026-01-23 02:28:53.389000,104,KING DEDEDE,False,5,2,1,True,4151
9686,2026-01-23 02:28:53.503000,9157,CLOUD,False,0,0,0,False,4151
6697,2025-11-05 08:36:34.203000,23,SAMUS,False,3,1,0,True,2859
6698,2025-11-05 08:36:34.322000,5793,LUIGI,False,1,3,0,False,2859
6699,2025-11-05 08:44:54.882000,23,SAMUS,False,0,0,0,True,2860
6700,2025-11-05 08:44:54.975000,5793,WOLF,False,1,3,0,False,2860
6703,2025-11-06 01:07:28.277000,23,SAMUS,False,2,2,0,True,2862
6704,2025-11-06 01:07:28.552000,39,DONKEY KONG,False,2,3,0,False,2862
6705,2025-11-06 01:11:55.288000,23,SAMUS,False,2,3,0,False,2863
6706,2025-11-06 01:11:55.411000,39,DONKEY KONG,False,2,1,0,True,2863
6707,2025-11-06 01:16:22.485000,23,SAMUS,False,3,1,0,True,2864
6708,2025-11-06 01:16:22.661000,39,DONKEY KONG,False,1,3,0,False,2864
6710,2025-11-06 01:20:06.462000,23,SAMUS,False,2,2,0,False,2865
6638,2025-11-04 04:15:08.485000,1112,NESS,False,2,1,0,True,2832
6672,2025-11-04 22:36:40.226000,5793,CAPTAIN FALCON,False,0,3,0,False,2846
6626,2025-11-04 01:21:03.694000,5793,CAPTAIN FALCON,False,1,3,0,False,2826
6711,2025-11-06 01:20:06.619000,104,KING DEDEDE,False,0,0,0,True,2865
9590,2026-01-20 19:53:27.928000,21,GANONDORF,False,3,2,0,True,4120
6713,2025-11-06 01:24:11.108000,39,SORA,False,2,2,0,True,2866
6714,2025-11-06 01:24:11.262000,23,SAMUS,False,4,2,1,False,2866
9591,2026-01-20 19:53:27.928000,8659,GANONDORF,False,2,3,0,False,4120
6716,2025-11-06 01:28:08.135000,104,KING DEDEDE,False,3,2,0,True,2867
9630,2026-01-21 19:57:29.312000,9238,DONKEY KONG,False,3,0,0,True,4134
6718,2025-11-06 01:31:32.516000,39,DONKEY KONG,False,3,2,0,True,2868
6719,2025-11-06 01:31:32.633000,104,SAMUS,False,2,3,0,False,2868
6720,2025-11-06 01:34:26.724000,104,SAMUS,False,2,1,0,True,2869
6721,2025-11-06 01:34:26.860000,39,DONKEY KONG,False,1,3,0,False,2869
6722,2025-11-06 01:36:53.472000,21,MR. GAME & WATCH,False,3,1,0,True,2870
9631,2026-01-21 19:57:29.312000,9326,WARIO,False,1,3,0,False,4134
6724,2025-11-06 01:40:16.990000,21,MR. GAME & WATCH,False,3,2,0,True,2871
6725,2025-11-06 01:40:17.103000,104,ZELDA,False,2,3,0,False,2871
6726,2025-11-06 01:43:59.971000,21,INCINEROAR,False,2,3,0,False,2872
6727,2025-11-06 01:44:00.092000,104,KING DEDEDE,False,0,0,0,True,2872
6728,2025-11-06 01:46:47.819000,21,INCINEROAR,False,2,3,0,False,2873
6729,2025-11-06 01:46:47.927000,104,KING DEDEDE,False,3,1,0,True,2873
6730,2025-11-06 01:55:30.585000,21,INCINEROAR,False,3,2,0,True,2874
6731,2025-11-06 01:55:30.715000,104,KING DEDEDE,False,1,2,0,False,2874
6732,2025-11-06 01:58:28.282000,21,INCINEROAR,False,3,1,0,True,2875
9659,2026-01-23 01:49:42.254000,104,ZELDA,False,5,2,1,True,4144
9660,2026-01-23 01:49:42.340000,2586,JOKER,False,2,3,1,False,4144
6735,2025-11-06 02:05:56.943000,21,INCINEROAR,False,2,3,0,False,2876
6736,2025-11-06 02:09:59.774000,21,INCINEROAR,False,2,3,0,False,2877
6737,2025-11-06 02:09:59.918000,104,KING DEDEDE,False,3,2,0,True,2877
6738,2025-11-06 02:13:25.224000,21,INCINEROAR,False,3,2,0,True,2878
9661,2026-01-23 01:49:42.418000,9157,CLOUD,False,0,3,0,True,4144
6740,2025-11-06 02:21:55.930000,21,INCINEROAR,False,3,2,0,True,2879
6741,2025-11-06 02:21:56.108000,104,KING DEDEDE,False,2,3,0,False,2879
6742,2025-11-06 02:25:22.413000,21,INCINEROAR,False,0,0,0,False,2880
6743,2025-11-06 02:25:22.596000,104,KING DEDEDE,False,0,0,0,True,2880
6744,2025-11-06 02:28:34.784000,21,INCINEROAR,False,3,1,0,True,2881
9662,2026-01-23 01:49:42.514000,3007,KAZUYA,False,2,3,0,False,4144
6746,2025-11-06 02:31:44.635000,21,INCINEROAR,False,3,1,0,True,2882
9687,2026-01-23 02:28:53.597000,3657,SEPHIROTH,False,0,2,2,False,4151
6748,2025-11-06 02:36:28.319000,21,INCINEROAR,False,2,3,0,False,2883
6749,2025-11-06 02:36:28.437000,104,KING DEDEDE,False,3,2,0,True,2883
6750,2025-11-06 02:43:06.481000,21,INCINEROAR,False,3,2,0,True,2884
9704,2026-01-23 02:52:06.736000,23,SAMUS,False,2,3,0,False,4155
6752,2025-11-06 02:46:41.156000,21,INCINEROAR,False,2,3,0,False,2885
6753,2025-11-06 02:46:41.277000,104,ZELDA,False,3,2,0,True,2885
6754,2025-11-06 02:53:37.344000,21,INCINEROAR,False,2,3,0,False,2886
6755,2025-11-06 02:53:37.490000,104,ZELDA,False,3,2,0,True,2886
6756,2025-11-06 03:03:29.930000,21,INCINEROAR,False,2,2,1,False,2887
6757,2025-11-06 03:03:30.036000,5793,GANONDORF,False,2,2,0,True,2887
6758,2025-11-06 03:10:00.851000,21,INCINEROAR,False,3,1,0,True,2888
6759,2025-11-06 03:10:01.086000,5793,CAPTAIN FALCON,False,1,3,0,False,2888
6760,2025-11-06 03:13:22.146000,21,INCINEROAR,False,3,2,0,True,2889
6761,2025-11-06 03:13:22.297000,5793,CAPTAIN FALCON,False,2,3,0,False,2889
9705,2026-01-23 02:52:06.820000,3657,BOWSER,False,1,3,0,False,4155
9706,2026-01-23 02:52:06.895000,9157,SEPHIROTH,False,1,3,0,False,4155
6764,2025-11-06 03:40:50.010000,54,KING K. ROOL,False,2,2,0,True,2891
9707,2026-01-23 02:52:07.019000,9373,CAPTAIN FALCON,False,2,2,0,True,4155
6766,2025-11-06 03:44:38.267000,21,MR. GAME & WATCH,False,3,2,0,True,2892
6768,2025-11-06 03:47:41.978000,21,MR. GAME & WATCH,False,3,1,0,True,2893
6770,2025-11-06 03:52:18.728000,21,MR. GAME & WATCH,False,3,2,0,True,2894
6771,2025-11-06 03:52:18.822000,54,KING K. ROOL,False,2,3,0,False,2894
6772,2025-11-06 03:56:37.163000,54,KING K. ROOL,False,3,1,0,True,2895
6774,2025-11-06 04:02:41.765000,54,KING K. ROOL,False,3,2,0,True,2896
6776,2025-11-06 04:08:59.690000,21,MR. GAME & WATCH,False,3,2,0,True,2897
6777,2025-11-06 04:08:59.844000,54,KING K. ROOL,False,2,3,0,False,2897
6778,2025-11-06 04:17:24.553000,21,MR. GAME & WATCH,False,3,1,0,True,2898
6780,2025-11-06 04:23:13.711000,1112,NESS,False,5,2,0,True,2899
6781,2025-11-06 04:23:13.884000,21,INCINEROAR,False,2,3,0,False,2899
6783,2025-11-06 04:27:40.676000,1112,NESS,False,2,2,0,True,2900
6784,2025-11-06 04:27:40.783000,21,INCINEROAR,False,2,2,0,False,2900
6785,2025-11-06 04:27:40.893000,4484,JOKER,False,2,2,0,False,2900
6786,2025-11-06 04:33:57.130000,1112,NESS,False,4,2,0,True,2901
6787,2025-11-06 04:33:57.249000,21,INCINEROAR,False,2,2,0,False,2901
6788,2025-11-06 04:33:57.366000,4484,JOKER,False,2,3,0,False,2901
6789,2025-11-06 04:33:57.497000,6405,SORA,False,2,3,0,False,2901
6790,2025-11-06 04:40:06.937000,1112,NESS,False,4,3,0,False,2902
6791,2025-11-06 04:40:07.088000,21,INCINEROAR,False,3,2,0,True,2902
6792,2025-11-06 04:40:07.245000,4484,JOKER,False,3,3,0,False,2902
6793,2025-11-06 04:40:07.371000,6405,SORA,False,0,3,0,False,2902
6794,2025-11-06 04:44:13.673000,1112,NESS,False,2,2,0,False,2903
6795,2025-11-06 04:44:13.809000,39,DONKEY KONG,False,2,2,1,False,2903
6798,2025-11-06 04:48:27.785000,1112,NESS,False,1,3,0,False,2904
6799,2025-11-06 04:48:27.895000,21,INCINEROAR,False,2,3,0,False,2904
6779,2025-11-06 04:17:24.702000,54,KING K. ROOL,False,0,0,0,False,2898
6775,2025-11-06 04:02:41.917000,21,MR. GAME & WATCH,False,2,3,0,False,2896
6773,2025-11-06 03:56:37.302000,21,MR. GAME & WATCH,False,0,0,0,False,2895
6769,2025-11-06 03:47:42.141000,54,KING K. ROOL,False,0,0,0,False,2893
6765,2025-11-06 03:40:50.179000,21,MR. GAME & WATCH,False,0,0,0,False,2891
6762,2025-11-06 03:22:03.904000,21,INCINEROAR,False,0,0,0,True,2890
6763,2025-11-06 03:22:04.089000,5793,CAPTAIN FALCON,False,0,0,0,False,2890
6734,2025-11-06 02:05:56.832000,104,KING DEDEDE,False,0,0,0,True,2876
6800,2025-11-06 04:48:28.021000,4484,JOKER,False,2,4,0,False,2904
6801,2025-11-06 04:48:28.160000,39,DONKEY KONG,False,6,2,0,True,2904
6802,2025-11-06 04:48:28.290000,5793,GANONDORF,False,2,3,0,False,2904
6803,2025-11-06 05:02:13.453000,1112,NESS,False,1,3,0,False,2905
6804,2025-11-06 05:02:13.588000,21,MR. GAME & WATCH,False,6,2,0,True,2905
6805,2025-11-06 05:02:13.708000,4484,JOKER,False,1,3,0,False,2905
6806,2025-11-06 05:02:13.808000,39,DONKEY KONG,False,3,3,0,False,2905
6807,2025-11-06 05:02:13.928000,5793,CAPTAIN FALCON,False,1,3,0,False,2905
6808,2025-11-06 05:08:52.022000,1112,NESS,False,5,3,0,False,2906
6809,2025-11-06 05:08:52.197000,21,MR. GAME & WATCH,False,3,1,1,True,2906
6810,2025-11-06 05:08:52.404000,39,DONKEY KONG,False,1,3,0,False,2906
6811,2025-11-06 05:08:52.544000,5793,GANONDORF,False,0,3,0,False,2906
6812,2025-11-06 05:12:22.207000,1112,NESS,False,2,1,0,True,2907
6813,2025-11-06 05:12:22.394000,21,INCINEROAR,False,1,3,0,False,2907
6814,2025-11-06 05:12:22.564000,39,DONKEY KONG,False,4,1,0,True,2907
6815,2025-11-06 05:12:22.722000,5793,GANONDORF,False,3,3,0,False,2907
6858,2025-11-12 01:51:34.884000,104,KING DEDEDE,False,3,1,0,True,2927
6859,2025-11-12 01:51:35.093000,39,DONKEY KONG,False,1,3,0,False,2927
6884,2025-11-12 22:39:59.143000,104,KING DEDEDE,False,0,3,0,False,2940
6885,2025-11-12 22:39:59.275000,38,GANONDORF,False,3,1,0,True,2940
6900,2025-11-12 23:12:03.522000,21,INCINEROAR,False,3,2,0,True,2948
6901,2025-11-12 23:12:03.699000,104,KING DEDEDE,False,2,2,0,False,2948
6908,2025-11-12 23:28:13.468000,21,INCINEROAR,False,2,2,0,True,2952
9592,2026-01-20 19:57:13.553000,21,GANONDORF,False,3,1,0,True,4121
6912,2025-11-12 23:38:59.755000,104,SAMUS,False,2,3,0,False,2954
6913,2025-11-12 23:38:59.872000,38,INCINEROAR,False,3,2,0,True,2954
6916,2025-11-12 23:56:15.866000,21,INCINEROAR,False,0,3,0,False,2956
6917,2025-11-12 23:56:15.996000,38,CAPTAIN FALCON,False,3,1,0,True,2956
9593,2026-01-20 19:57:13.553000,9298,GANONDORF,False,1,3,0,False,4121
6920,2025-11-13 00:02:20.442000,38,KAZUYA,False,2,3,0,False,2958
6921,2025-11-13 00:02:20.442000,21,INCINEROAR,False,3,2,0,True,2958
6909,2025-11-12 23:28:13.571000,104,SAMUS,False,0,0,0,False,2952
6899,2025-11-12 23:07:44.713000,104,KING DEDEDE,False,0,0,0,False,2947
6886,2025-11-12 22:42:57.547000,104,KING DEDEDE,False,2,2,0,True,2941
6887,2025-11-12 22:42:57.714000,38,GANONDORF,False,0,0,0,False,2941
6873,2025-11-12 22:16:47.454000,21,INCINEROAR,False,0,0,0,False,2934
6869,2025-11-12 02:06:11.316000,104,SAMUS,False,0,0,0,False,2932
6829,2025-11-07 04:24:50.814000,104,ZELDA,False,0,0,0,False,2912
6825,2025-11-07 04:16:04.106000,104,ZELDA,False,0,0,0,False,2910
6782,2025-11-06 04:23:14.021000,4484,JOKER,False,0,0,0,False,2899
6796,2025-11-06 04:44:13.906000,4484,JOKER,False,0,0,0,False,2903
6797,2025-11-06 04:44:14.055000,21,INCINEROAR,False,0,0,0,True,2903
6767,2025-11-06 03:44:38.408000,54,KING K. ROOL,False,0,0,0,False,2892
6695,2025-11-05 08:34:06.998000,23,SAMUS,False,3,0,0,True,2858
6751,2025-11-06 02:43:06.657000,104,KING DEDEDE,False,0,0,0,False,2884
6747,2025-11-06 02:31:44.746000,104,KING DEDEDE,False,0,0,0,False,2882
6745,2025-11-06 02:28:34.912000,104,KING DEDEDE,False,0,0,0,False,2881
6739,2025-11-06 02:13:25.375000,104,KING DEDEDE,False,0,0,0,False,2878
6733,2025-11-06 01:58:28.410000,104,KING DEDEDE,False,0,0,0,False,2875
6723,2025-11-06 01:36:53.600000,104,ZELDA,False,0,0,0,False,2870
6717,2025-11-06 01:28:08.250000,39,DONKEY KONG,False,0,0,0,False,2867
6715,2025-11-06 01:24:11.408000,104,KING DEDEDE,False,0,0,0,False,2866
6712,2025-11-06 01:20:06.752000,39,DONKEY KONG,False,0,0,0,False,2865
6709,2025-11-06 01:16:22.777000,104,KING DEDEDE,False,0,0,0,False,2864
6701,2025-11-05 08:47:19.131000,23,SAMUS,False,0,0,0,True,2861
6702,2025-11-05 08:47:19.243000,5793,LINK,False,0,0,0,False,2861
6696,2025-11-05 08:34:07.181000,5793,LINK,False,0,0,0,False,2858
6681,2025-11-05 03:00:42.460000,4484,POKÉMON TRAINER,False,0,0,0,True,2851
6682,2025-11-05 03:00:42.581000,54,JOKER,False,0,0,0,False,2851
6680,2025-11-05 02:55:37.674000,4484,POKÉMON TRAINER,False,0,0,0,False,2850
6661,2025-11-04 08:36:05.024000,5793,HERO,False,0,0,0,True,2841
6640,2025-11-04 04:19:37.058000,678,DARK PIT,False,0,0,0,False,2833
6631,2025-11-04 03:59:09.029000,5793,GANONDORF,False,0,0,0,False,2829
6630,2025-11-04 01:28:08.766000,4255,NESS,False,0,0,0,False,2828
6628,2025-11-04 01:24:44.639000,5793,CAPTAIN FALCON,False,0,0,0,False,2827
6629,2025-11-04 01:28:08.662000,4255,GANONDORF,False,0,0,0,True,2828
6922,2025-11-13 01:29:09.945000,21,INCINEROAR,False,0,0,0,False,2959
6923,2025-11-13 01:29:10.106000,38,PIRANHA PLANT,False,0,0,0,True,2959
6924,2025-11-13 01:32:00.329000,21,INCINEROAR,False,2,1,0,True,2960
6925,2025-11-13 01:32:00.476000,38,PIRANHA PLANT,False,0,2,0,False,2960
6926,2025-11-13 01:38:50.057000,21,INCINEROAR,False,1,3,0,False,2961
6927,2025-11-13 01:38:50.240000,38,PIRANHA PLANT,False,3,1,0,True,2961
6929,2025-11-13 01:43:24.023000,38,PIRANHA PLANT,False,2,2,0,True,2962
6930,2025-11-13 01:46:51.897000,21,MR. GAME & WATCH,False,2,3,0,False,2963
6931,2025-11-13 01:46:52.020000,38,PIRANHA PLANT,False,3,2,0,True,2963
6932,2025-11-13 01:54:59.802000,38,PIRANHA PLANT,False,3,2,0,True,2964
6933,2025-11-13 01:54:59.998000,104,ZELDA,False,0,0,0,False,2964
6934,2025-11-13 01:58:04.479000,38,CAPTAIN FALCON,False,3,2,0,True,2965
6935,2025-11-13 01:58:04.625000,104,ZELDA,False,2,3,0,False,2965
6936,2025-11-13 02:08:25.845000,21,MR. GAME & WATCH,False,3,1,0,True,2966
6938,2025-11-13 02:14:08.994000,21,MR. GAME & WATCH,False,2,3,0,False,2967
6939,2025-11-13 02:14:09.143000,38,JOKER,False,3,2,0,True,2967
6940,2025-11-13 02:18:28.394000,21,MR. GAME & WATCH,False,0,3,0,False,2968
6941,2025-11-13 02:18:28.533000,38,JOKER,False,3,0,0,True,2968
6942,2025-11-13 02:27:00.632000,21,MR. GAME & WATCH,False,0,3,0,False,2969
6943,2025-11-13 02:27:00.786000,38,JOKER,False,3,0,0,True,2969
6944,2025-11-13 02:33:43.245000,21,MR. GAME & WATCH,False,2,3,0,False,2970
6945,2025-11-13 02:33:43.436000,38,JOKER,False,3,2,0,True,2970
6946,2025-11-13 02:36:42.692000,38,LUCINA,False,0,0,0,True,2971
9594,2026-01-21 17:10:37.976000,9157,SEPHIROTH,False,1,3,0,False,4122
6948,2025-11-13 02:45:14.917000,21,INCINEROAR,False,2,3,0,False,2972
6949,2025-11-13 02:45:15.126000,38,MARTH,False,3,2,0,True,2972
6950,2025-11-13 02:49:42.756000,38,MARTH,False,2,0,0,True,2973
9595,2026-01-21 17:10:37.976000,104,ZELDA,False,3,1,0,True,4122
6952,2025-11-13 02:53:17.624000,21,INCINEROAR,False,2,3,0,False,2974
6953,2025-11-13 02:53:17.847000,38,MARTH,False,3,2,0,True,2974
6954,2025-11-13 02:59:37.651000,21,INCINEROAR,False,2,3,0,False,2975
6955,2025-11-13 02:59:37.767000,38,GANONDORF,False,0,3,0,False,2975
6956,2025-11-13 02:59:37.868000,104,SAMUS,False,3,3,0,False,2975
6957,2025-11-13 02:59:37.952000,1112,NESS,False,6,2,0,True,2975
6958,2025-11-13 03:04:20.041000,21,INCINEROAR,False,4,3,0,False,2976
6959,2025-11-13 03:04:20.162000,104,GANONDORF,False,2,2,0,True,2976
6960,2025-11-13 03:04:20.268000,1112,NESS,False,2,3,0,False,2976
6961,2025-11-13 03:08:11.503000,21,MR. GAME & WATCH,False,2,2,0,True,2977
6962,2025-11-13 03:08:11.723000,104,KING DEDEDE,False,3,3,0,False,2977
6963,2025-11-13 03:08:11.860000,1112,NESS,False,1,3,0,False,2977
6964,2025-11-13 03:20:11.210000,21,GANONDORF,False,0,3,0,False,2978
6965,2025-11-13 03:20:11.397000,6716,IKE,False,1,3,0,False,2978
6966,2025-11-13 03:20:11.575000,104,ZELDA,False,7,1,0,True,2978
6967,2025-11-13 03:20:11.678000,1112,NESS,False,2,3,0,False,2978
9632,2026-01-21 20:06:10.729000,9238,DONKEY KONG,False,0,0,0,True,4135
9633,2026-01-21 20:06:10.729000,9326,WARIO,False,0,0,0,False,4135
6970,2025-11-13 20:50:14.314000,2660,NESS,False,2,3,0,False,2980
6971,2025-11-13 20:50:14.414000,3007,CLOUD,False,3,2,0,True,2980
6972,2025-11-13 21:41:31.470000,38,GANONDORF,False,2,1,0,True,2981
9663,2026-01-23 01:54:06.482000,104,KING DEDEDE,False,6,1,0,True,4145
6974,2025-11-13 21:47:21.097000,38,GANONDORF,False,3,2,0,True,2982
6975,2025-11-13 21:47:21.265000,21,INCINEROAR,False,2,3,0,False,2982
6976,2025-11-13 21:50:27.743000,38,GANONDORF,False,3,2,0,True,2983
6978,2025-11-13 21:54:23.025000,38,GANONDORF,False,2,1,0,True,2984
6979,2025-11-13 21:54:23.210000,21,GANONDORF,False,1,2,0,False,2984
6980,2025-11-13 21:56:47.957000,38,GANONDORF,False,3,1,0,True,2985
6981,2025-11-13 21:56:48.109000,21,GANONDORF,False,1,3,0,False,2985
6982,2025-11-13 21:58:53.403000,38,GANONDORF,False,3,2,0,True,2986
6983,2025-11-13 21:58:53.596000,21,GANONDORF,False,2,3,0,False,2986
6984,2025-11-13 22:01:05.272000,38,GANONDORF,False,0,0,0,True,2987
6985,2025-11-13 22:01:05.422000,21,GANONDORF,False,0,0,0,False,2987
6986,2025-11-13 22:03:31.074000,38,GANONDORF,False,2,1,0,True,2988
6987,2025-11-13 22:03:31.165000,21,GANONDORF,False,1,2,0,False,2988
6990,2025-11-13 22:20:51.681000,38,PIRANHA PLANT,False,2,1,0,True,2990
6991,2025-11-13 22:20:51.785000,21,MR. GAME & WATCH,False,1,2,0,False,2990
6992,2025-11-13 22:26:45.995000,38,PIRANHA PLANT,False,3,2,0,True,2991
6994,2025-11-13 22:31:08.311000,38,PIRANHA PLANT,False,3,3,0,True,2992
6995,2025-11-13 22:31:08.430000,21,INCINEROAR,False,2,3,0,False,2992
6996,2025-11-13 22:34:41.627000,38,PIRANHA PLANT,False,3,2,0,True,2993
6997,2025-11-13 22:34:41.811000,21,INCINEROAR,False,2,3,0,False,2993
6998,2025-11-13 22:38:09.649000,38,PIRANHA PLANT,False,3,2,0,True,2994
6999,2025-11-13 22:38:09.780000,21,INCINEROAR,False,2,3,0,False,2994
7000,2025-11-13 22:41:12.588000,38,PIRANHA PLANT,False,3,0,0,True,2995
7002,2025-11-13 22:42:59.490000,38,PIRANHA PLANT,False,3,0,0,True,2996
7003,2025-11-13 22:42:59.596000,21,INCINEROAR,False,0,3,0,False,2996
7004,2025-11-13 22:46:50.819000,38,PIRANHA PLANT,False,3,2,0,True,2997
7005,2025-11-13 22:46:50.938000,21,INCINEROAR,False,2,3,0,False,2997
7006,2025-11-13 22:50:15.367000,38,PIRANHA PLANT,False,3,1,0,True,2998
7007,2025-11-13 22:50:15.558000,21,INCINEROAR,False,2,3,0,False,2998
7008,2025-11-13 22:53:19.158000,38,PIRANHA PLANT,False,3,1,0,True,2999
7009,2025-11-13 22:53:19.320000,21,INCINEROAR,False,1,3,0,False,2999
7010,2025-11-13 23:57:50.696000,21,INCINEROAR,False,2,3,0,False,3000
7011,2025-11-13 23:57:50.942000,38,PIRANHA PLANT,False,3,1,0,True,3000
7012,2025-11-14 00:00:19.517000,21,INCINEROAR,False,1,3,0,False,3001
7013,2025-11-14 00:00:19.758000,38,INCINEROAR,False,3,1,0,True,3001
7014,2025-11-14 00:05:29.076000,21,GANONDORF,False,3,3,0,False,3002
7015,2025-11-14 00:05:29.243000,1112,NESS,False,0,3,0,False,3002
7016,2025-11-14 00:05:29.369000,38,GANONDORF,False,5,2,0,True,3002
7017,2025-11-14 00:22:50.618000,21,INCINEROAR,False,3,2,0,True,3003
7018,2025-11-14 00:22:50.834000,1112,NESS,False,2,3,0,False,3003
7019,2025-11-14 00:25:12.268000,1112,NESS,False,0,3,0,False,3004
7020,2025-11-14 00:25:12.430000,38,GANONDORF,False,3,0,0,True,3004
7021,2025-11-14 00:28:04.588000,1112,NESS,False,1,3,0,False,3005
7022,2025-11-14 00:28:04.687000,38,GANONDORF,False,3,1,0,True,3005
7023,2025-11-14 00:30:16.459000,1112,NESS,False,0,3,0,False,3006
7024,2025-11-14 00:30:16.591000,38,GANONDORF,False,3,0,0,True,3006
7025,2025-11-14 00:32:57.972000,38,GANONDORF,False,3,1,0,True,3007
7026,2025-11-14 00:32:58.063000,1112,NESS,False,1,3,0,False,3007
7027,2025-11-14 00:34:44.684000,1112,NESS,False,0,2,0,False,3008
7028,2025-11-14 00:34:44.804000,38,GANONDORF,False,3,0,0,True,3008
7029,2025-11-14 00:38:35.486000,21,NESS,False,0,3,0,False,3009
7030,2025-11-14 00:38:35.652000,38,GANONDORF,False,3,1,0,True,3009
7031,2025-11-14 00:43:44.284000,21,SNAKE,False,2,2,0,False,3010
7032,2025-11-14 00:43:44.452000,3007,KAZUYA,False,3,2,0,True,3010
7033,2025-11-14 00:43:44.588000,38,DR. MARIO,False,2,3,0,False,3010
7035,2025-11-14 00:46:59.305000,3007,KAZUYA,False,2,1,1,True,3011
7001,2025-11-13 22:41:12.733000,21,INCINEROAR,False,0,0,0,False,2995
6993,2025-11-13 22:26:46.120000,21,INCINEROAR,False,0,0,0,False,2991
6989,2025-11-13 22:17:33.874000,21,INCINEROAR,False,0,0,0,False,2989
6988,2025-11-13 22:17:33.559000,38,PIRANHA PLANT,False,0,2,0,True,2989
6977,2025-11-13 21:50:27.872000,21,INCINEROAR,False,0,0,0,False,2983
6951,2025-11-13 02:49:42.983000,21,INCINEROAR,False,0,0,0,False,2973
6947,2025-11-13 02:36:42.811000,21,INCINEROAR,False,0,0,0,False,2971
9596,2026-01-21 17:13:01.082000,9157,CLOUD,False,0,3,0,False,4123
7038,2025-11-14 00:48:36.460000,21,INCINEROAR,False,3,2,0,True,3012
7039,2025-11-14 00:48:36.612000,3007,KAZUYA,False,1,3,0,False,3012
7040,2025-11-14 00:48:36.757000,38,GANONDORF,False,2,3,0,False,3012
7041,2025-11-14 00:48:36.963000,104,SAMUS,False,3,2,1,True,3012
7042,2025-11-14 00:51:53.256000,21,INCINEROAR,False,2,1,1,True,3013
7043,2025-11-14 00:51:53.347000,3007,KAZUYA,False,1,2,0,False,3013
7044,2025-11-14 00:51:53.430000,104,SAMUS,False,3,3,0,True,3013
7045,2025-11-14 00:51:53.510000,38,GANONDORF,False,1,3,0,False,3013
7046,2025-11-14 00:55:23.184000,21,INCINEROAR,False,2,2,1,True,3014
7047,2025-11-14 00:55:23.314000,3007,KAZUYA,False,1,3,0,False,3014
7048,2025-11-14 00:55:23.432000,104,SAMUS,False,1,2,0,True,3014
7049,2025-11-14 00:55:23.574000,38,GANONDORF,False,1,2,1,False,3014
7050,2025-11-14 00:59:12.585000,21,INCINEROAR,False,1,3,0,False,3015
7051,2025-11-14 00:59:12.718000,3007,CAPTAIN FALCON,False,3,2,0,True,3015
7052,2025-11-14 00:59:12.827000,104,KING DEDEDE,False,2,3,0,False,3015
7053,2025-11-14 00:59:12.930000,38,CAPTAIN FALCON,False,3,1,0,True,3015
7054,2025-11-14 01:02:00.456000,21,INCINEROAR,False,3,1,0,True,3016
7055,2025-11-14 01:02:00.678000,3007,CLOUD,False,1,2,1,False,3016
7056,2025-11-14 01:02:00.818000,104,SAMUS,False,2,2,0,True,3016
7057,2025-11-14 01:02:00.945000,38,CAPTAIN FALCON,False,1,2,1,False,3016
7058,2025-11-14 01:05:30.015000,21,INCINEROAR,False,3,1,0,True,3017
7059,2025-11-14 01:05:30.152000,3007,MYTHRA,False,1,3,0,False,3017
7060,2025-11-14 01:05:30.272000,104,SAMUS,False,0,2,1,True,3017
7061,2025-11-14 01:05:30.400000,38,CAPTAIN FALCON,False,1,3,1,False,3017
7062,2025-11-14 01:09:30.047000,21,INCINEROAR,False,0,3,0,False,3018
7063,2025-11-14 01:09:30.203000,3007,KAZUYA,False,0,2,1,True,3018
9597,2026-01-21 17:13:01.082000,104,ZELDA,False,3,0,0,True,4123
9634,2026-01-21 20:52:24.498000,9238,DARK PIT,False,2,3,0,False,4136
9635,2026-01-21 20:52:24.498000,9157,MYTHRA,False,3,2,0,True,4136
7067,2025-11-14 01:14:25.760000,3007,KAZUYA,False,2,4,0,False,3019
7068,2025-11-14 01:14:25.865000,104,ZELDA,False,4,2,0,True,3019
7069,2025-11-14 01:14:25.969000,38,JOKER,False,2,2,0,False,3019
7070,2025-11-14 01:17:30.840000,21,INCINEROAR,False,0,3,0,True,3020
7071,2025-11-14 01:17:30.980000,3007,KAZUYA,False,2,4,0,False,3020
7072,2025-11-14 01:17:31.111000,104,ZELDA,False,6,2,0,True,3020
7073,2025-11-14 01:17:31.235000,38,JOKER,False,3,2,0,False,3020
7074,2025-11-14 01:20:43.748000,21,ZELDA,False,1,3,0,True,3021
7075,2025-11-14 01:20:43.920000,3007,KAZUYA,False,1,3,0,False,3021
7076,2025-11-14 01:20:44.082000,104,ZELDA,False,3,1,1,True,3021
7077,2025-11-14 01:23:50.426000,3007,KAZUYA,False,2,2,0,False,3022
7078,2025-11-14 01:23:50.561000,104,ZELDA,False,2,2,1,True,3022
7079,2025-11-14 01:27:33.067000,21,ZELDA,False,5,1,0,True,3023
7080,2025-11-14 01:27:33.184000,3007,KAZUYA,False,2,3,0,False,3023
7081,2025-11-14 01:27:33.326000,104,ZELDA,False,1,2,0,True,3023
7082,2025-11-14 01:27:33.459000,38,JOKER,False,1,3,0,False,3023
7083,2025-11-14 01:31:13.068000,21,ZELDA,False,1,3,0,False,3024
7084,2025-11-14 01:31:13.215000,3007,KAZUYA,False,3,2,0,True,3024
7085,2025-11-14 01:31:13.365000,104,ZELDA,False,2,2,0,False,3024
9664,2026-01-23 01:54:06.602000,9157,PALUTENA,False,1,3,0,False,4145
7087,2025-11-14 01:34:31.234000,21,ZELDA,False,1,3,0,False,3025
7088,2025-11-14 01:34:31.365000,3007,KAZUYA,False,1,2,0,True,3025
7089,2025-11-14 01:34:31.471000,104,ZELDA,False,3,3,0,False,3025
7090,2025-11-14 01:34:31.579000,38,INCINEROAR,False,4,2,0,True,3025
7091,2025-11-14 01:38:09.589000,21,ZELDA,False,1,1,1,True,3026
7092,2025-11-14 01:38:09.686000,3007,KAZUYA,False,2,3,2,False,3026
7093,2025-11-14 01:38:09.830000,104,ZELDA,False,0,0,0,True,3026
7094,2025-11-14 01:38:09.926000,38,INCINEROAR,False,0,2,0,False,3026
7095,2025-11-14 01:41:48.758000,21,ZELDA,False,2,2,0,False,3027
7096,2025-11-14 01:41:48.865000,3007,KAZUYA,False,1,3,1,True,3027
7097,2025-11-14 01:41:48.964000,38,INCINEROAR,False,3,1,0,True,3027
7098,2025-11-14 01:44:54.266000,21,ZELDA,False,2,3,1,True,3028
7099,2025-11-14 01:44:54.389000,3007,KAZUYA,False,2,3,0,False,3028
7100,2025-11-14 01:44:54.510000,104,ZELDA,False,4,3,0,True,3028
7101,2025-11-14 01:44:54.640000,38,INCINEROAR,False,1,3,0,False,3028
7102,2025-11-14 01:53:09.100000,21,INCINEROAR,False,2,3,0,False,3029
7103,2025-11-14 01:53:09.228000,104,SAMUS,False,3,2,0,True,3029
7104,2025-11-14 01:57:59.426000,21,INCINEROAR,False,3,2,0,True,3030
7105,2025-11-14 01:57:59.544000,104,SAMUS,False,2,3,0,False,3030
7106,2025-11-14 02:17:54.761000,21,INCINEROAR,False,2,0,0,True,3031
7107,2025-11-14 02:17:54.927000,23,SAMUS,False,0,2,0,False,3031
7108,2025-11-14 02:21:45.871000,21,INCINEROAR,False,2,1,0,True,3032
7109,2025-11-14 02:21:46.038000,23,SAMUS,False,1,2,0,False,3032
7110,2025-11-14 03:10:44.100000,21,INCINEROAR,False,3,1,0,True,3033
9665,2026-01-23 01:54:06.709000,3007,FOX,False,0,3,0,False,4145
7112,2025-11-14 03:59:36.925000,23,SAMUS,False,2,3,0,False,3034
7113,2025-11-14 03:59:37.161000,39,SORA,False,3,2,0,True,3034
9688,2026-01-23 02:32:51.891000,23,SAMUS,False,1,3,0,False,4152
7116,2025-11-14 07:19:29.643000,21,INCINEROAR,False,3,1,0,True,3036
7117,2025-11-14 07:19:29.832000,39,DONKEY KONG,False,1,3,0,False,3036
7118,2025-11-14 07:23:51.881000,21,INCINEROAR,False,2,2,0,False,3037
7119,2025-11-14 07:23:52.001000,39,SORA,False,0,3,0,False,3037
7120,2025-11-14 07:23:52.095000,23,SAMUS,False,4,1,0,True,3037
7121,2025-11-14 07:34:45.284000,21,INCINEROAR,False,0,2,0,False,3038
7122,2025-11-14 07:34:45.438000,23,SAMUS,False,2,1,1,True,3038
7123,2025-11-14 07:34:45.592000,39,SORA,False,1,1,0,True,3038
7124,2025-11-14 07:37:53.662000,21,INCINEROAR,False,2,2,0,False,3039
7125,2025-11-14 07:37:53.811000,23,SAMUS,False,1,1,0,True,3039
7126,2025-11-14 07:37:53.919000,39,DONKEY KONG,False,2,2,0,True,3039
7127,2025-11-14 07:41:43.223000,21,INCINEROAR,False,1,3,0,True,3040
7128,2025-11-14 07:41:43.325000,23,SAMUS,False,2,1,2,True,3040
7129,2025-11-14 07:41:43.412000,39,SORA,False,2,3,0,False,3040
7111,2025-11-14 03:10:44.306000,23,SAMUS,False,0,0,0,False,3033
7130,2025-11-14 07:43:34.263000,21,INCINEROAR,False,2,0,0,True,3041
7131,2025-11-14 07:43:34.366000,23,SAMUS,False,1,0,0,True,3041
7132,2025-11-14 07:43:34.449000,39,DONKEY KONG,False,0,2,0,False,3041
7133,2025-11-14 07:45:35.499000,21,INCINEROAR,False,3,0,0,True,3042
7134,2025-11-14 07:45:35.625000,23,SAMUS,False,0,3,0,False,3042
7135,2025-11-14 07:45:35.720000,39,DONKEY KONG,False,0,0,0,True,3042
7136,2025-11-14 07:48:57.708000,21,INCINEROAR,False,2,1,0,True,3043
7137,2025-11-14 07:48:57.824000,23,SAMUS,False,1,2,0,False,3043
7138,2025-11-14 07:48:57.944000,39,DONKEY KONG,False,1,1,1,True,3043
7139,2025-11-14 07:52:37.430000,21,INCINEROAR,False,2,2,0,False,3044
7140,2025-11-14 07:52:37.533000,23,SAMUS,False,2,0,0,True,3044
7141,2025-11-14 07:52:37.627000,39,DONKEY KONG,False,1,2,0,True,3044
7142,2025-11-14 07:56:10.743000,21,INCINEROAR,False,3,3,0,False,3045
7143,2025-11-14 07:56:10.842000,23,SAMUS,False,0,1,0,True,3045
7144,2025-11-14 07:56:10.939000,39,DONKEY KONG,False,0,2,0,True,3045
7145,2025-11-15 02:19:48.220000,54,ENDERMAN,False,0,0,0,False,3046
7146,2025-11-15 02:19:48.408000,38,JOKER,False,0,0,0,True,3046
9598,2026-01-21 17:15:04.089000,9157,SEPHIROTH,False,2,3,0,False,4124
9599,2026-01-21 17:15:04.089000,104,RIDLEY,False,3,2,0,True,4124
7149,2025-11-15 02:53:36.667000,4484,POKEMON TRAINER,False,3,1,0,True,3048
7150,2025-11-15 02:53:36.820000,54,LITTLE MAC,False,1,3,0,False,3048
9636,2026-01-23 01:18:50.739000,104,KING DEDEDE,False,5,2,0,True,4137
9637,2026-01-23 01:18:50.913000,2586,SNAKE,False,1,2,0,False,4137
7153,2025-11-15 08:37:15.716000,38,PIRANHA PLANT,False,3,1,0,True,3050
7154,2025-11-15 08:37:15.927000,39,SORA,False,1,3,0,False,3050
7155,2025-11-15 08:38:33.474000,38,GANONDORF,False,2,0,0,True,3051
7156,2025-11-15 08:38:33.601000,39,DONKEY KONG,False,0,2,0,False,3051
7157,2025-11-15 08:44:51.867000,38,CAPTAIN FALCON,False,2,1,0,True,3052
7158,2025-11-15 08:44:52.008000,39,DONKEY KONG,False,1,3,0,False,3052
7159,2025-11-15 08:47:22.453000,38,CAPTAIN FALCON,False,3,1,0,True,3053
7160,2025-11-15 08:47:22.565000,39,SORA,False,1,3,0,False,3053
7161,2025-11-15 08:55:33.871000,38,SHEIK,False,1,3,0,False,3054
7162,2025-11-15 08:55:34.046000,39,DONKEY KONG,False,3,1,0,True,3054
7163,2025-11-15 08:59:37.145000,38,SHEIK,False,3,1,0,True,3055
9638,2026-01-23 01:18:51.075000,39,SORA,False,1,3,0,False,4137
7165,2025-11-15 09:22:00.610000,21,INCINEROAR,False,3,1,0,True,3056
9666,2026-01-23 01:58:44.168000,9157,SEPHIROTH,False,3,2,0,True,4146
7167,2025-11-15 09:32:00.622000,38,DONKEY KONG,False,3,2,0,True,3057
7168,2025-11-15 09:32:00.734000,21,MR. GAME & WATCH,False,2,3,0,False,3057
7169,2025-11-15 09:34:33.552000,38,KING K. ROOL,False,3,2,0,True,3058
7170,2025-11-15 09:34:33.683000,21,INCINEROAR,False,2,3,0,False,3058
7171,2025-11-15 09:38:12.156000,38,KING K. ROOL,False,3,3,0,True,3059
9667,2026-01-23 01:58:44.275000,3007,FOX,False,2,3,0,False,4146
7173,2025-11-15 09:41:16.785000,38,KING K. ROOL,False,3,1,0,True,3060
7174,2025-11-15 09:41:16.887000,21,INCINEROAR,False,0,3,0,False,3060
7175,2025-11-15 09:43:17,38,KING K. ROOL,False,0,0,0,True,3061
7176,2025-11-15 09:43:17.095000,21,INCINEROAR,False,0,1,2,False,3061
7177,2025-11-15 09:50:50.211000,38,MIN MIN,False,3,0,0,True,3062
7178,2025-11-15 09:50:50.313000,21,INCINEROAR,False,0,3,0,False,3062
7179,2025-11-15 09:54:31.518000,38,MIN MIN,False,0,3,0,False,3063
7180,2025-11-15 09:54:31.626000,21,INCINEROAR,False,3,2,0,True,3063
7181,2025-11-15 09:58:07.913000,38,MIN MIN,False,2,2,0,True,3064
7182,2025-11-15 09:58:08.022000,21,INCINEROAR,False,2,2,0,False,3064
7183,2025-11-15 10:02:03.915000,38,MIN MIN,False,3,2,0,True,3065
7184,2025-11-15 10:02:04.013000,21,INCINEROAR,False,2,3,0,False,3065
7185,2025-11-15 10:14:36.720000,38,BYLETH,False,3,2,0,True,3066
7186,2025-11-15 10:14:36.914000,21,INCINEROAR,False,2,3,0,False,3066
7187,2025-11-15 10:22:19.386000,38,TERRY,False,3,3,0,True,3067
7188,2025-11-15 10:22:19.481000,21,INCINEROAR,False,2,3,0,False,3067
7189,2025-11-15 10:31:19.125000,38,TERRY,False,3,2,0,True,3068
9689,2026-01-23 02:32:51.986000,9373,CAPTAIN FALCON,False,2,3,0,True,4152
7191,2025-11-15 10:35:07.292000,38,HERO,False,3,1,0,True,3069
9690,2026-01-23 02:32:52.079000,104,ZELDA,False,6,1,0,True,4152
7193,2025-11-15 10:40:28.008000,38,DAISY,False,2,3,0,False,3070
7194,2025-11-15 10:40:28.102000,21,JOKER,False,3,2,0,True,3070
7195,2025-11-15 10:44:45.038000,38,SHULK,False,3,2,0,True,3071
7196,2025-11-15 10:44:45.143000,21,JOKER,False,2,3,0,False,3071
7197,2025-11-15 10:50:58.017000,38,RYU,False,3,3,0,True,3072
7198,2025-11-15 10:50:58.136000,21,JOKER,False,3,3,0,False,3072
7199,2025-11-15 10:57:19.356000,38,ROSALINA & LUMA,False,3,1,0,True,3073
7200,2025-11-15 10:57:19.444000,21,STEVE,False,0,3,0,False,3073
7201,2025-11-15 11:12:36.901000,38,RICHTER,False,2,3,0,False,3074
7202,2025-11-15 11:12:37.030000,21,MR. GAME & WATCH,False,3,2,0,True,3074
7203,2025-11-15 11:17:29.036000,38,WARIO,False,2,3,0,False,3075
7204,2025-11-15 11:17:29.163000,21,MR. GAME & WATCH,False,2,2,0,True,3075
7205,2025-11-15 11:22:18.156000,38,WII FIT TRAINER,False,0,0,0,True,3076
7206,2025-11-15 11:22:18.250000,21,MR. GAME & WATCH,False,0,0,0,False,3076
7207,2025-11-15 11:27:47.625000,38,DUCK HUNT,False,0,0,0,True,3077
9691,2026-01-23 02:32:52.174000,9157,CLOUD,False,0,3,0,False,4152
7209,2025-11-15 11:31:47.422000,38,ISABELLE,False,0,0,0,True,3078
7211,2025-11-15 11:35:25.661000,38,LUCINA,False,2,3,0,False,3079
7212,2025-11-15 11:35:25.789000,21,MR. GAME & WATCH,False,3,2,0,True,3079
7213,2025-11-15 11:45:55.499000,38,MARTH,False,2,2,0,True,3080
7214,2025-11-15 11:45:55.628000,21,INCINEROAR,False,2,2,0,False,3080
7215,2025-11-15 11:51:51.649000,38,MARTH,False,3,0,0,True,3081
7216,2025-11-15 11:51:51.756000,21,INCINEROAR,False,1,3,0,False,3081
7217,2025-11-15 12:11:44.079000,38,PALUTENA,False,3,2,0,True,3082
7218,2025-11-15 12:11:44.212000,21,INCINEROAR,False,2,3,0,False,3082
7219,2025-11-15 12:18:53.597000,38,JOKER,False,3,0,0,True,3083
7210,2025-11-15 11:31:47.490000,21,MR. GAME & WATCH,False,0,0,0,False,3078
7220,2025-11-15 12:18:53.725000,21,INCINEROAR,False,0,3,0,False,3083
7221,2025-11-15 12:21:37.927000,38,JOKER,False,2,1,0,True,3084
7222,2025-11-15 12:21:38.015000,21,MR. GAME & WATCH,False,1,3,0,False,3084
7223,2025-11-15 12:26:39.060000,38,JOKER,False,0,0,0,True,3085
7224,2025-11-15 12:26:39.154000,21,MR. GAME & WATCH,False,2,3,0,False,3085
7225,2025-11-15 12:32:15.843000,38,JOKER,False,3,3,0,True,3086
7226,2025-11-15 12:32:15.957000,21,MR. GAME & WATCH,False,3,3,0,False,3086
7227,2025-11-15 12:36:54.275000,38,JOKER,False,3,2,0,True,3087
7228,2025-11-15 12:36:54.358000,21,MR. GAME & WATCH,False,2,3,0,False,3087
7229,2025-11-15 12:42:16.964000,38,PIRANHA PLANT,False,0,2,0,False,3088
7230,2025-11-15 12:42:17.060000,21,MR. GAME & WATCH,False,2,0,0,True,3088
7231,2025-11-15 13:03:04.671000,38,JOKER,False,3,0,0,True,3089
9600,2026-01-21 17:26:20.828000,9157,CAPTAIN FALCON,False,3,3,0,True,4125
7233,2025-11-15 13:05:43.716000,38,JOKER,False,0,0,0,True,3090
7234,2025-11-15 13:05:43.813000,21,INCINEROAR,False,0,0,0,False,3090
7235,2025-11-15 13:12:44.828000,38,PIRANHA PLANT,False,0,0,0,True,3091
7236,2025-11-15 13:12:44.947000,21,INCINEROAR,False,0,0,0,False,3091
7237,2025-11-15 13:21:21.582000,38,PIRANHA PLANT,False,3,1,0,True,3092
7238,2025-11-15 13:21:21.689000,21,INCINEROAR,False,1,3,0,False,3092
9601,2026-01-21 17:26:20.828000,104,SAMUS,False,3,3,1,False,4125
9602,2026-01-21 17:26:20.828000,39,DONKEY KONG,False,4,1,0,True,4125
7241,2025-11-15 19:58:21.742000,4484,PYRA,False,3,1,0,True,3094
7242,2025-11-15 19:58:21.901000,54,DONKEY KONG,False,0,3,0,False,3094
9603,2026-01-21 17:26:20.828000,23,MR. GAME & WATCH,False,0,3,0,False,4125
9639,2026-01-23 01:22:34.081000,104,KING DEDEDE,False,4,2,0,True,4138
7245,2025-11-15 20:04:48.380000,54,INCINEROAR,False,3,1,0,True,3096
7247,2025-11-15 20:09:16.295000,4484,MYTHRA,False,0,3,0,False,3097
7248,2025-11-15 20:09:16.397000,54,INCINEROAR,False,3,1,0,True,3097
7250,2025-11-15 20:14:15.514000,54,JOKER,False,2,0,0,True,3098
7251,2025-11-15 20:17:13.209000,4484,PYRA,False,0,3,0,False,3099
7252,2025-11-15 20:17:13.331000,54,JOKER,False,2,0,0,True,3099
7253,2025-11-16 03:21:05.752000,54,JOKER,False,3,1,0,True,3100
7255,2025-11-16 03:25:14.818000,54,MR. GAME & WATCH,False,2,2,0,True,3101
7256,2025-11-16 03:25:15.012000,4484,PYRA,False,2,3,0,False,3101
7260,2025-11-16 03:33:08.580000,4484,PYRA,False,2,1,0,True,3103
7261,2025-11-16 03:37:13.827000,54,INCINEROAR,False,3,1,0,True,3104
7262,2025-11-16 03:37:13.978000,4484,PYRA,False,1,3,0,False,3104
7263,2025-11-16 03:50:23.863000,21,INCINEROAR,False,3,1,0,True,3105
7264,2025-11-16 03:50:24.011000,4484,PYRA,False,1,3,0,False,3105
7265,2025-11-16 03:53:38.461000,21,INCINEROAR,False,2,3,0,False,3106
7266,2025-11-16 03:53:38.592000,4484,PYRA,False,3,2,0,True,3106
7267,2025-11-16 03:57:21.018000,21,INCINEROAR,False,2,2,0,True,3107
7268,2025-11-16 03:57:21.199000,4484,MYTHRA,False,2,2,0,False,3107
7269,2025-11-16 03:59:52.454000,21,INCINEROAR,False,2,1,0,True,3108
7271,2025-11-16 04:13:13.238000,21,MR. GAME & WATCH,False,3,2,0,True,3109
7273,2025-11-16 04:21:07.494000,21,MR. GAME & WATCH,False,3,1,0,True,3110
7274,2025-11-16 04:21:07.674000,4484,POKÉMON TRAINER,False,0,3,0,False,3110
7275,2025-11-16 04:25:44.715000,21,MR. GAME & WATCH,False,2,3,0,False,3111
7276,2025-11-16 04:25:44.835000,4484,POKÉMON TRAINER,False,3,2,0,True,3111
7277,2025-11-16 04:30:52.218000,21,MR. GAME & WATCH,False,3,3,0,True,3112
7278,2025-11-16 04:30:52.313000,4484,POKÉMON TRAINER,False,3,3,0,False,3112
7279,2025-11-16 04:35:22.785000,21,INCINEROAR,False,3,2,0,True,3113
7280,2025-11-16 04:35:22.907000,4484,POKÉMON TRAINER,False,2,3,0,False,3113
7281,2025-11-16 04:45:01.301000,21,MR. GAME & WATCH,False,3,2,0,True,3114
7282,2025-11-16 04:45:01.420000,4484,POKÉMON TRAINER,False,2,3,0,False,3114
7283,2025-11-16 04:56:10.120000,21,ZELDA,False,2,3,0,False,3115
7284,2025-11-16 04:56:10.243000,4484,PALUTENA,False,3,2,0,True,3115
7285,2025-11-16 04:59:54.671000,21,ZELDA,False,3,2,0,True,3116
7286,2025-11-16 04:59:54.826000,4484,PALUTENA,False,2,3,0,False,3116
7287,2025-11-16 05:02:55.885000,21,ZELDA,False,2,1,0,True,3117
7288,2025-11-16 05:02:56.031000,4484,PALUTENA,False,1,3,0,False,3117
7289,2025-11-16 05:13:50.802000,21,DONKEY KONG,False,0,3,0,False,3118
7290,2025-11-16 05:13:50.932000,4484,WOLF,False,3,1,0,True,3118
7291,2025-11-16 05:17:45.853000,21,DONKEY KONG,False,2,3,0,False,3119
7292,2025-11-16 05:17:45.979000,4484,WOLF,False,3,2,0,True,3119
7296,2025-11-16 07:36:08.097000,255,KING K. ROOL,False,1,3,0,False,3121
7297,2025-11-16 07:40:52.003000,22,DONKEY KONG,False,3,2,0,True,3122
7298,2025-11-16 07:40:52.154000,255,KING K. ROOL,False,2,3,0,False,3122
7299,2025-11-16 07:46:34.432000,22,ENDERMAN,False,1,2,0,True,3123
7300,2025-11-16 07:46:34.552000,255,KING K. ROOL,False,2,2,0,True,3123
7301,2025-11-16 07:46:34.665000,39,DONKEY KONG,False,2,3,0,False,3123
7302,2025-11-16 07:46:34.763000,23,SAMUS,False,1,2,2,False,3123
7303,2025-11-16 07:51:18.970000,22,BYLETH,False,2,1,0,True,3124
7304,2025-11-16 07:51:19.069000,255,KING K. ROOL,False,2,2,0,True,3124
7305,2025-11-16 07:51:19.181000,39,SORA,False,2,3,1,False,3124
7306,2025-11-16 07:51:19.306000,23,SAMUS,False,2,2,1,False,3124
7307,2025-11-16 07:55:24.823000,22,CAPTAIN FALCON,False,1,2,0,True,3125
7308,2025-11-16 07:55:24.945000,255,KING K. ROOL,False,5,2,0,True,3125
7259,2025-11-16 03:33:08.436000,54,MYTHRA,False,0,0,0,False,3103
7258,2025-11-16 03:29:28.207000,54,FALCO,False,0,0,0,False,3102
7257,2025-11-16 03:29:27.995000,4484,PYRA,False,2,1,0,True,3102
7254,2025-11-16 03:21:05.941000,4484,MYTHRA,False,0,0,0,False,3100
7243,2025-11-15 20:01:52.581000,54,DONKEY KONG,False,3,1,0,True,3095
7240,2025-11-15 13:23:47.266000,21,INCINEROAR,False,0,0,0,False,3093
7239,2025-11-15 13:23:47.158000,38,INCINEROAR,False,0,0,0,True,3093
7232,2025-11-15 13:03:04.789000,21,INCINEROAR,False,0,0,0,False,3089
7295,2025-11-16 07:36:07.904000,22,CAPTAIN FALCON,False,2,1,0,True,3121
7294,2025-11-16 05:26:17.744000,21,DONKEY KONG,False,0,0,0,False,3120
7293,2025-11-16 05:26:17.601000,4484,WOLF,False,0,0,0,True,3120
7309,2025-11-16 07:55:25.059000,39,DONKEY KONG,False,4,4,0,False,3125
9604,2026-01-21 17:30:17.329000,9157,CAPTAIN FALCON,False,1,3,1,False,4126
7311,2025-11-16 08:01:35.729000,22,GANONDORF,False,2,2,0,True,3126
7312,2025-11-16 08:01:35.827000,255,KING K. ROOL,False,1,2,1,True,3126
7313,2025-11-16 08:01:35.946000,39,SORA,False,2,3,2,False,3126
7314,2025-11-16 08:01:36.053000,23,SAMUS,False,1,3,1,False,3126
7315,2025-11-16 08:07:36.432000,22,CAPTAIN FALCON,False,0,2,0,True,3127
7316,2025-11-16 08:07:36.536000,255,KING K. ROOL,False,1,2,1,True,3127
7317,2025-11-16 08:07:36.624000,39,SORA,False,3,3,2,False,3127
7318,2025-11-16 08:07:36.724000,21,INCINEROAR,False,2,2,0,False,3127
7319,2025-11-16 08:07:36.825000,23,SAMUS,False,1,3,0,False,3127
7321,2025-11-16 08:17:00.905000,39,DONKEY KONG,False,3,3,0,True,3128
7324,2025-11-16 08:20:35.343000,22,CAPTAIN FALCON,False,3,2,0,True,3129
7325,2025-11-16 08:20:35.443000,255,KING K. ROOL,False,2,3,0,False,3129
7326,2025-11-16 08:20:35.524000,39,SORA,False,2,3,0,True,3129
7327,2025-11-16 08:20:35.616000,21,GANONDORF,False,2,3,1,False,3129
7328,2025-11-16 08:25:43.020000,22,LUCINA,False,2,3,0,False,3130
7330,2025-11-16 08:25:43.301000,39,DONKEY KONG,False,2,3,0,False,3130
7331,2025-11-16 08:25:43.411000,21,INCINEROAR,False,4,2,0,True,3130
7332,2025-11-16 08:29:07.727000,22,CLOUD,False,2,3,0,False,3131
7333,2025-11-16 08:29:07.833000,255,KING K. ROOL,False,2,1,0,True,3131
7334,2025-11-16 08:29:07.923000,21,INCINEROAR,False,2,2,0,False,3131
7335,2025-11-16 08:32:04.147000,22,DONKEY KONG,False,0,2,0,True,3132
7336,2025-11-16 08:32:04.282000,255,KING K. ROOL,False,2,1,1,True,3132
7337,2025-11-16 08:32:04.397000,21,INCINEROAR,False,2,3,0,False,3132
7338,2025-11-16 08:34:45.343000,22,DONKEY KONG,False,2,1,0,True,3133
7339,2025-11-16 08:34:45.431000,255,KING K. ROOL,False,0,1,0,True,3133
7340,2025-11-16 08:34:45.508000,21,GANONDORF,False,2,3,0,False,3133
7341,2025-11-16 08:39:51.669000,22,ENDERMAN,False,5,2,0,True,3134
7342,2025-11-16 08:39:51.766000,255,KING K. ROOL,False,2,3,0,False,3134
7343,2025-11-16 08:39:51.857000,39,SORA,False,1,2,0,True,3134
7344,2025-11-16 08:39:51.977000,21,MR. GAME & WATCH,False,2,2,0,False,3134
7345,2025-11-16 08:45:25.274000,22,CAPTAIN FALCON,False,2,2,0,True,3135
7346,2025-11-16 08:45:25.413000,39,SORA,False,4,3,0,False,3135
7348,2025-11-16 08:47:50.963000,21,INCINEROAR,False,2,1,0,True,3136
7349,2025-11-16 08:47:51.071000,39,SORA,False,0,3,0,False,3136
7350,2025-11-16 08:50:28.727000,21,INCINEROAR,False,3,2,0,True,3137
7351,2025-11-16 08:50:28.815000,39,DONKEY KONG,False,2,3,0,False,3137
7352,2025-11-16 08:53:33.817000,21,MR. GAME & WATCH,False,3,2,0,True,3138
7353,2025-11-16 08:53:33.922000,39,DONKEY KONG,False,2,3,0,False,3138
7354,2025-11-16 08:56:47.637000,39,DONKEY KONG,False,3,2,0,True,3139
7355,2025-11-16 08:56:47.761000,21,MR. GAME & WATCH,False,2,3,0,False,3139
7358,2025-11-17 00:59:25.061000,4484,PALUTENA,False,2,3,0,False,3141
7359,2025-11-17 00:59:25.247000,21,MR. GAME & WATCH,False,3,2,0,True,3141
7360,2025-11-17 01:09:39.460000,38,INCINEROAR,False,2,3,0,False,3142
7361,2025-11-17 01:09:39.594000,21,MR. GAME & WATCH,False,3,2,0,True,3142
7362,2025-11-17 01:16:07.830000,4484,PALUTENA,False,3,2,0,True,3143
7363,2025-11-17 01:16:07.981000,21,PALUTENA,False,2,3,0,False,3143
7364,2025-11-17 01:27:38.183000,38,DR. MARIO,False,2,2,0,True,3144
7365,2025-11-17 01:27:38.346000,4484,WOLF,False,2,2,0,False,3144
7366,2025-11-17 01:30:23.548000,21,INCINEROAR,False,3,2,0,True,3145
7368,2025-11-17 01:39:17.709000,38,LUCINA,False,2,2,0,True,3146
7369,2025-11-17 01:39:17.833000,21,MR. GAME & WATCH,False,2,3,0,False,3146
7370,2025-11-17 01:47:35.156000,38,JOKER,False,3,1,0,True,3147
7372,2025-11-17 01:55:42.913000,38,POKÉMON TRAINER,False,2,3,0,False,3148
7373,2025-11-17 01:55:43.049000,21,INCINEROAR,False,3,2,0,True,3148
7374,2025-11-17 02:00:02.148000,21,MR. GAME & WATCH,False,3,2,0,True,3149
7375,2025-11-17 02:00:02.282000,4484,POKÉMON TRAINER,False,2,2,0,False,3149
7376,2025-11-17 02:03:47.195000,38,BOWSER,False,3,2,0,True,3150
7377,2025-11-17 02:03:47.371000,21,MR. GAME & WATCH,False,2,3,0,False,3150
7378,2025-11-17 02:07:09.504000,21,INCINEROAR,False,3,2,0,True,3151
7380,2025-11-17 02:12:30.850000,21,INCINEROAR,False,2,2,0,True,3152
7382,2025-11-17 02:16:08.398000,21,INCINEROAR,False,3,2,0,True,3153
7384,2025-11-17 02:22:20.473000,21,MR. GAME & WATCH,False,0,0,0,True,3154
7385,2025-11-17 02:22:20.584000,4484,YOUNG LINK,False,0,0,0,False,3154
7383,2025-11-17 02:16:08.499000,4484,CAPTAIN FALCON,False,0,0,0,False,3153
7381,2025-11-17 02:12:30.963000,4484,CAPTAIN FALCON,False,0,0,0,False,3152
7379,2025-11-17 02:07:09.637000,4484,CAPTAIN FALCON,False,0,0,0,False,3151
7371,2025-11-17 01:47:35.339000,21,MR. GAME & WATCH,False,0,0,0,False,3147
7387,2025-11-17 02:09:30.963000,21,INCINEROAR,False,0,3,0,False,3155
7386,2025-11-17 02:09:30.963000,4484,CAPTAIN FALCON,False,3,0,0,True,3155
7367,2025-11-17 01:30:23.699000,38,DR. MARIO,False,0,0,0,False,3145
7357,2025-11-17 00:50:59.006000,4484,PALUTENA,False,0,0,0,False,3140
7356,2025-11-17 00:50:58.819000,38,RIDLEY,False,0,0,0,True,3140
7347,2025-11-16 08:45:25.557000,21,MR. GAME & WATCH,False,0,0,0,False,3135
7322,2025-11-16 08:17:01.049000,255,KING K. ROOL,False,0,0,0,False,3128
7323,2025-11-16 08:17:01.296000,22,CAPTAIN FALCON,False,0,0,0,True,3128
7320,2025-11-16 08:17:00.753000,21,INCINEROAR,False,0,0,0,False,3128
7310,2025-11-16 07:55:25.174000,21,MR. GAME & WATCH,False,0,0,0,False,3125
7272,2025-11-16 04:13:13.397000,4484,POKEMON TRAINER,False,0,0,0,False,3109
7270,2025-11-16 03:59:52.598000,4484,MYTHRA,False,0,0,0,False,3108
7249,2025-11-15 20:14:15.384000,4484,MYTHRA,False,0,0,0,False,3098
7246,2025-11-15 20:04:48.536000,4484,MYTHRA,False,0,0,0,False,3096
7244,2025-11-15 20:01:52.695000,4484,MYTHRA,False,0,0,0,False,3095
7148,2025-11-15 02:29:35.086000,4484,POKÉMON TRAINER,False,0,0,0,False,3047
7147,2025-11-15 02:29:34.947000,54,JOKER,False,0,0,0,True,3047
7329,2025-11-16 08:25:43.180000,255,KING K. ROOL,False,2,2,0,True,3130
7208,2025-11-15 11:27:47.735000,21,MR. GAME & WATCH,False,0,0,0,False,3077
7192,2025-11-15 10:35:07.438000,21,INCINEROAR,False,0,0,0,False,3069
7190,2025-11-15 10:31:19.232000,21,INCINEROAR,False,0,0,0,False,3068
7172,2025-11-15 09:38:12.243000,21,INCINEROAR,False,0,0,0,False,3059
7166,2025-11-15 09:22:00.730000,38,SHEIK,False,0,0,0,False,3056
7164,2025-11-15 08:59:37.266000,21,INCINEROAR,False,0,0,0,False,3055
7152,2025-11-15 02:58:02.512000,54,LITTLE MAC,False,0,0,0,False,3049
7151,2025-11-15 02:58:02.393000,4484,POKEMON TRAINER,False,0,0,0,True,3049
7115,2025-11-14 04:08:18.582000,23,SAMUS,False,0,0,0,False,3035
7114,2025-11-14 04:08:18.379000,39,SORA,False,0,0,0,True,3035
7086,2025-11-14 01:31:13.503000,38,JOKER,False,0,0,0,False,3024
7066,2025-11-14 01:14:25.637000,21,INCINEROAR,False,2,2,0,True,3019
7065,2025-11-14 01:09:30.466000,38,JOKER,False,0,0,0,True,3018
7064,2025-11-14 01:09:30.315000,104,ZELDA,False,0,0,0,False,3018
7036,2025-11-14 00:46:59.430000,38,GANONDORF,False,0,0,0,True,3011
7037,2025-11-14 00:46:59.642000,104,ZELDA,False,0,0,0,False,3011
7034,2025-11-14 00:46:59.137000,21,INCINEROAR,False,0,0,0,False,3011
6973,2025-11-13 21:41:31.650000,21,INCINEROAR,False,1,2,0,False,2981
6937,2025-11-13 02:08:25.957000,38,CAPTAIN FALCON,False,0,0,0,False,2966
6928,2025-11-13 01:43:23.878000,21,INCINEROAR,False,0,0,0,False,2962
6602,2025-11-03 08:10:01.696000,5793,CAPTAIN FALCON,False,0,2,0,False,2814
6903,2025-11-12 23:17:32.789000,104,KING DEDEDE,False,0,2,0,False,2949
6182,2025-10-29 05:46:22.986000,6405,DARK SAMUS,False,2,1,0,True,2645
6180,2025-10-29 05:37:45.840000,6405,DARK SAMUS,False,3,2,0,True,2644
6178,2025-10-29 05:33:56.088000,6405,DARK SAMUS,False,3,2,0,True,2643
6176,2025-10-29 05:30:26.049000,6405,ZERO SUIT SAMUS,False,1,3,0,False,2642
6174,2025-10-29 05:26:31.267000,6405,SORA,False,1,3,0,False,2641
6172,2025-10-29 05:21:52.498000,6405,BANJO & KAZOOIE,False,1,3,0,False,2640
6170,2025-10-29 05:14:34.975000,6405,DARK SAMUS,False,3,2,0,True,2639
6168,2025-10-28 06:14:46.907000,6405,DARK SAMUS,False,4,1,0,True,2638
6165,2025-10-28 06:08:57.709000,6405,DARK SAMUS,False,3,1,0,True,2637
6162,2025-10-28 06:02:43.569000,6405,DARK SAMUS,False,2,3,0,False,2636
6159,2025-10-28 05:53:01.877000,6405,SAMUS,False,1,3,0,False,2635
6155,2025-10-28 05:43:04.473000,6405,DARK SAMUS,False,5,2,0,True,2634
7410,2025-11-18 02:18:24.616000,38,INCINEROAR,False,2,3,0,False,3181
7411,2025-11-18 02:18:24.885000,104,KING DEDEDE,False,2,2,0,True,3181
7412,2025-11-18 02:21:57.916000,38,INCINEROAR,False,3,2,0,True,3182
7413,2025-11-18 02:21:58.108000,104,KING DEDEDE,False,2,3,0,False,3182
7414,2025-11-18 02:26:45.436000,38,INCINEROAR,False,3,1,0,True,3183
7415,2025-11-18 02:26:45.576000,104,KING DEDEDE,False,1,3,0,False,3183
7416,2025-11-18 02:30:43.167000,38,PIRANHA PLANT,False,2,1,0,True,3184
7417,2025-11-18 02:30:43.320000,21,MR. GAME & WATCH,False,1,2,0,False,3184
7418,2025-11-18 02:36:17.708000,38,PIRANHA PLANT,False,2,3,0,False,3185
7419,2025-11-18 02:36:17.850000,21,MR. GAME & WATCH,False,3,2,0,True,3185
7420,2025-11-18 02:45:11.742000,104,SAMUS,False,1,3,0,False,3186
7421,2025-11-18 02:45:11.909000,21,MR. GAME & WATCH,False,3,1,0,True,3186
7422,2025-11-18 02:47:05.524000,104,SAMUS,False,0,3,0,False,3187
7423,2025-11-18 02:47:05.647000,21,MR. GAME & WATCH,False,3,0,0,True,3187
7424,2025-11-18 02:50:39.629000,104,ZELDA,False,2,3,0,False,3188
7425,2025-11-18 02:50:39.795000,21,MR. GAME & WATCH,False,3,2,0,True,3188
7426,2025-11-18 02:54:36.195000,104,ZELDA,False,1,3,0,False,3189
7427,2025-11-18 02:54:36.306000,21,MR. GAME & WATCH,False,3,1,0,True,3189
7428,2025-11-18 02:58:14.835000,54,STEVE,False,3,1,0,True,3190
7429,2025-11-18 02:58:14.995000,21,MR. GAME & WATCH,False,1,3,0,False,3190
7430,2025-11-18 03:02:06.424000,54,STEVE,False,0,3,0,False,3191
7431,2025-11-18 03:02:06.567000,21,MR. GAME & WATCH,False,3,1,0,True,3191
7432,2025-11-18 03:11:24.438000,54,STEVE,False,3,2,0,True,3192
7433,2025-11-18 03:11:24.558000,21,MR. GAME & WATCH,False,2,3,0,False,3192
7434,2025-11-18 03:16:18.031000,4484,PALUTENA,False,1,3,0,False,3193
7435,2025-11-18 03:16:18.148000,21,MR. GAME & WATCH,False,3,1,0,True,3193
7436,2025-11-18 03:20:46.922000,4484,POKÉMON TRAINER,False,2,2,0,True,3194
7437,2025-11-18 03:20:47.078000,21,MR. GAME & WATCH,False,2,3,0,False,3194
7438,2025-11-18 03:24:49.161000,4484,POKÉMON TRAINER,False,1,3,0,False,3195
7439,2025-11-18 03:24:49.260000,21,MR. GAME & WATCH,False,3,1,0,True,3195
7440,2025-11-18 03:29:55.784000,4484,POKÉMON TRAINER,False,1,3,0,False,3196
7441,2025-11-18 03:29:55.890000,21,MR. GAME & WATCH,False,3,1,0,True,3196
7452,2025-11-20 08:20:12.400000,22,GANONDORF,False,3,1,0,True,3202
7453,2025-11-20 08:20:12.527000,23,SAMUS,False,0,3,0,False,3202
7442,2025-11-18 02:41:20.310000,21,MR. GAME & WATCH,False,3,1,0,True,3197
7443,2025-11-18 02:41:20.310000,104,SAMUS,False,1,3,0,False,3197
7444,2025-11-18 03:06:06.210000,54,STEVE,False,0,3,0,False,3198
7445,2025-11-18 03:06:06.210000,21,MR. GAME & WATCH,False,3,1,0,True,3198
7446,2025-11-20 08:05:41.709000,22,DONKEY KONG,False,2,2,0,True,3199
7447,2025-11-20 08:05:41.952000,23,SAMUS,False,2,3,0,False,3199
7448,2025-11-20 08:10:32.150000,22,CAPTAIN FALCON,False,2,2,0,True,3200
7449,2025-11-20 08:10:32.268000,23,SAMUS,False,2,3,0,False,3200
7450,2025-11-20 08:16:07.400000,22,BYLETH,False,2,3,0,False,3201
7451,2025-11-20 08:16:07.516000,23,SAMUS,False,3,2,0,True,3201
7454,2025-11-20 08:24:25.881000,22,DONKEY KONG,False,3,1,0,True,3203
7455,2025-11-20 08:24:25.996000,23,SAMUS,False,0,3,0,False,3203
7456,2025-11-20 08:28:51.440000,22,DONKEY KONG,False,2,3,0,False,3204
7457,2025-11-20 08:28:51.562000,23,SAMUS,False,3,2,0,True,3204
7458,2025-11-20 08:35:45.842000,22,CAPTAIN FALCON,False,3,2,0,True,3205
7459,2025-11-20 08:35:45.950000,23,SAMUS,False,2,3,0,False,3205
7460,2025-11-20 08:41:22.324000,22,DONKEY KONG,False,3,1,0,True,3206
7461,2025-11-20 08:41:22.434000,23,SAMUS,False,0,3,0,False,3206
7462,2025-11-20 08:44:41.981000,22,STEVE,False,3,1,0,True,3207
7463,2025-11-20 08:44:42.090000,23,SAMUS,False,1,3,0,False,3207
7464,2025-11-20 08:50:19.565000,22,ENDERMAN,False,3,2,0,True,3208
7465,2025-11-20 08:50:19.662000,23,SAMUS,False,2,3,0,False,3208
7466,2025-11-20 08:59:54.938000,22,LITTLE MAC,False,0,0,0,False,3209
7467,2025-11-20 08:59:55.029000,23,SAMUS,False,0,0,0,True,3209
7468,2025-11-20 10:02:42.630000,38,JOKER,False,2,3,0,False,3210
7469,2025-11-20 10:02:42.797000,21,INCINEROAR,False,3,2,0,True,3210
7470,2025-11-20 10:09:53.472000,38,JOKER,False,3,1,0,True,3211
7471,2025-11-20 10:09:53.599000,21,MR. GAME & WATCH,False,1,3,0,False,3211
7472,2025-11-20 10:14:04.360000,38,JOKER,False,0,3,0,False,3212
7473,2025-11-20 10:14:04.449000,21,MR. GAME & WATCH,False,3,2,0,True,3212
7474,2025-11-20 10:18:21.714000,38,JOKER,False,3,1,0,True,3213
7475,2025-11-20 10:18:21.851000,21,MR. GAME & WATCH,False,1,3,0,False,3213
7476,2025-11-20 21:36:57.722000,21,INCINEROAR,False,3,2,0,True,3214
7477,2025-11-20 21:36:57.943000,39,SORA,False,2,3,0,False,3214
7478,2025-11-20 21:40:52.240000,21,INCINEROAR,False,3,2,0,True,3215
7479,2025-11-20 21:40:52.421000,39,DONKEY KONG,False,2,3,0,False,3215
7480,2025-11-20 21:43:29.764000,21,INCINEROAR,False,3,2,0,True,3216
7481,2025-11-20 21:43:29.882000,39,DONKEY KONG,False,2,3,0,False,3216
7482,2025-11-21 00:20:54.347000,21,MR. GAME & WATCH,False,3,2,0,True,3217
7483,2025-11-21 00:20:54.514000,38,JOKER,False,2,3,0,False,3217
7484,2025-11-21 00:24:18.198000,21,MR. GAME & WATCH,False,1,3,0,False,3218
7485,2025-11-21 00:24:18.429000,38,JOKER,False,3,1,0,True,3218
7486,2025-11-21 00:27:33.551000,21,MR. GAME & WATCH,False,2,3,0,False,3219
7487,2025-11-21 00:27:33.658000,38,LUCINA,False,3,2,0,True,3219
7488,2025-11-21 00:30:34.667000,21,MR. GAME & WATCH,False,1,3,0,False,3220
7489,2025-11-21 00:30:34.919000,38,LUCINA,False,3,1,0,True,3220
7490,2025-11-21 00:36:08.968000,21,MR. GAME & WATCH,False,3,2,0,True,3221
7491,2025-11-21 00:36:09.085000,38,LUCINA,False,2,3,0,False,3221
7492,2025-11-21 00:41:38.117000,21,MR. GAME & WATCH,False,2,3,0,False,3222
7493,2025-11-21 00:41:38.489000,38,MARTH,False,3,2,0,True,3222
7494,2025-11-21 00:43:38.947000,21,INCINEROAR,False,1,3,0,False,3223
7495,2025-11-21 00:43:39.061000,38,MARTH,False,3,1,0,True,3223
7496,2025-11-21 00:46:25.407000,21,INCINEROAR,False,2,3,0,False,3224
7497,2025-11-21 00:46:25.542000,38,MARTH,False,3,2,0,True,3224
7498,2025-11-21 00:48:58.258000,21,INCINEROAR,False,1,3,0,False,3225
7499,2025-11-21 00:48:58.389000,38,LUCINA,False,3,1,0,True,3225
7500,2025-11-21 00:54:45.440000,21,INCINEROAR,False,1,2,0,False,3226
7501,2025-11-21 00:54:45.621000,38,LUCINA,False,2,1,0,True,3226
7502,2025-11-21 00:57:57.729000,21,MR. GAME & WATCH,False,1,3,0,False,3227
7503,2025-11-21 00:57:57.857000,38,LUCINA,False,3,1,0,True,3227
7504,2025-11-21 01:02:27.994000,21,MR. GAME & WATCH,False,1,3,0,False,3228
7505,2025-11-21 01:02:28.152000,38,LUCINA,False,3,1,0,True,3228
7506,2025-11-21 01:05:32.381000,21,MR. GAME & WATCH,False,3,1,0,True,3229
7507,2025-11-21 01:05:32.469000,38,PIRANHA PLANT,False,1,3,0,False,3229
7508,2025-11-21 01:09:56.393000,21,MR. GAME & WATCH,False,1,3,0,False,3230
7509,2025-11-21 01:09:56.579000,38,BOWSER,False,3,1,0,True,3230
7510,2025-11-21 01:13:07.139000,21,MR. GAME & WATCH,False,1,3,0,False,3231
7511,2025-11-21 01:13:07.252000,38,BOWSER,False,3,1,0,True,3231
7512,2025-11-21 01:17:09.334000,21,MR. GAME & WATCH,False,2,3,0,False,3232
7513,2025-11-21 01:17:09.466000,38,BOWSER,False,2,3,0,True,3232
7514,2025-11-21 01:20:00.076000,21,MR. GAME & WATCH,False,2,3,0,False,3233
7515,2025-11-21 01:20:00.195000,38,BOWSER,False,3,2,0,True,3233
7516,2025-11-21 01:24:33.363000,21,MR. GAME & WATCH,False,2,3,0,False,3234
7517,2025-11-21 01:24:33.465000,38,BOWSER,False,2,2,0,True,3234
7518,2025-11-21 01:28:12.989000,21,MR. GAME & WATCH,False,2,3,0,False,3235
7519,2025-11-21 01:28:13.105000,38,BOWSER,False,3,2,0,True,3235
7520,2025-11-21 01:30:43.950000,21,INCINEROAR,False,2,3,0,False,3236
7521,2025-11-21 01:30:44.067000,38,BOWSER,False,3,2,0,True,3236
7522,2025-11-21 01:32:22.196000,21,INCINEROAR,False,1,3,0,False,3237
7523,2025-11-21 01:32:22.327000,38,BOWSER,False,3,1,1,True,3237
7524,2025-11-21 01:34:41.392000,21,INCINEROAR,False,1,3,0,False,3238
7525,2025-11-21 01:34:41.518000,38,BOWSER,False,3,1,1,True,3238
7526,2025-11-21 01:37:22.574000,21,INCINEROAR,False,2,3,0,False,3239
7527,2025-11-21 01:37:22.671000,38,BOWSER,False,3,2,0,True,3239
7528,2025-11-21 01:40:40.514000,21,INCINEROAR,False,2,3,0,False,3240
7529,2025-11-21 01:40:40.616000,38,BOWSER,False,3,2,0,True,3240
7530,2025-11-21 01:44:02.948000,21,INCINEROAR,False,2,3,0,False,3241
7531,2025-11-21 01:44:03.093000,38,BOWSER,False,3,2,0,True,3241
7532,2025-11-21 01:46:58.107000,21,ZELDA,False,1,3,0,False,3242
7533,2025-11-21 01:46:58.219000,38,BOWSER,False,3,1,0,True,3242
7534,2025-11-21 01:49:48.030000,21,MR. GAME & WATCH,False,2,3,0,False,3243
7535,2025-11-21 01:49:48.153000,38,BOWSER,False,3,2,0,True,3243
7536,2025-11-21 01:52:44.017000,21,MR. GAME & WATCH,False,2,3,0,False,3244
7537,2025-11-21 01:52:44.142000,38,BOWSER,False,3,2,0,True,3244
7538,2025-11-21 02:00:33.095000,21,MR. GAME & WATCH,False,3,1,0,True,3245
7539,2025-11-21 02:00:33.231000,38,DONKEY KONG,False,1,3,0,False,3245
7540,2025-11-21 02:03:57.686000,21,MR. GAME & WATCH,False,2,3,0,False,3246
7541,2025-11-21 02:03:57.821000,38,PALUTENA,False,3,2,0,True,3246
7542,2025-11-21 02:08:52.889000,21,MR. GAME & WATCH,False,2,3,0,False,3247
7543,2025-11-21 02:08:53.029000,38,PALUTENA,False,3,2,0,True,3247
7544,2025-11-21 02:12:41.317000,21,MR. GAME & WATCH,False,3,2,0,True,3248
7545,2025-11-21 02:12:41.439000,38,RIDLEY,False,2,3,0,False,3248
7546,2025-11-21 02:16:05.217000,21,MR. GAME & WATCH,False,2,3,0,False,3249
7547,2025-11-21 02:16:05.440000,38,INCINEROAR,False,2,2,0,True,3249
7548,2025-11-21 02:19:20.244000,21,MR. GAME & WATCH,False,3,1,0,True,3250
7549,2025-11-21 02:19:20.359000,38,SEPHIROTH,False,1,3,0,False,3250
7550,2025-11-21 02:24:54.765000,21,MR. GAME & WATCH,False,2,3,0,False,3251
7551,2025-11-21 02:24:54.877000,38,CLOUD,False,3,2,0,True,3251
7552,2025-11-21 02:29:00.809000,21,INCINEROAR,False,3,2,0,True,3252
7553,2025-11-21 02:29:00.922000,38,PYRA/MYTHRA,False,2,3,0,False,3252
7554,2025-11-21 02:32:27.530000,21,MR. GAME & WATCH,False,3,1,0,True,3253
7555,2025-11-21 02:32:27.654000,104,ZELDA,False,2,3,0,False,3253
7556,2025-11-21 02:34:43.950000,21,MR. GAME & WATCH,False,3,1,0,True,3254
7558,2025-11-21 02:38:23.876000,21,INCINEROAR,False,3,2,0,True,3255
7559,2025-11-21 02:38:24.016000,104,ZELDA,False,2,3,0,False,3255
7560,2025-11-21 02:41:24.003000,21,INCINEROAR,False,3,2,0,True,3256
7561,2025-11-21 02:41:24.108000,104,ZELDA,False,2,3,0,False,3256
7562,2025-11-21 02:46:10.348000,21,INCINEROAR,False,2,3,0,False,3257
7563,2025-11-21 02:46:10.463000,104,ZELDA,False,3,2,0,True,3257
7564,2025-11-21 02:48:32.054000,21,INCINEROAR,False,3,1,0,True,3258
7565,2025-11-21 02:48:32.167000,104,ZELDA,False,0,2,0,False,3258
7566,2025-11-21 02:54:14.914000,21,INCINEROAR,False,2,1,0,True,3259
7567,2025-11-21 02:54:15.107000,104,SAMUS,False,1,1,1,False,3259
7568,2025-11-21 02:58:32.839000,21,INCINEROAR,False,2,3,0,False,3260
7569,2025-11-21 02:58:33.005000,104,SAMUS,False,3,2,0,True,3260
7570,2025-11-21 03:03:10.292000,21,INCINEROAR,False,2,2,0,False,3261
7571,2025-11-21 03:03:10.437000,104,SAMUS,False,2,2,0,True,3261
7572,2025-11-21 03:06:03.915000,21,INCINEROAR,False,2,2,0,True,3262
7573,2025-11-21 03:06:04.031000,104,SAMUS,False,2,3,0,False,3262
7574,2025-11-21 03:15:09.464000,21,INCINEROAR,False,2,3,0,False,3263
7575,2025-11-21 03:15:09.614000,104,SAMUS,False,3,2,0,True,3263
7576,2025-11-21 03:17:59.957000,21,INCINEROAR,False,3,1,0,True,3264
7577,2025-11-21 03:18:00.092000,104,SAMUS,False,0,3,0,False,3264
7578,2025-11-21 03:22:41.911000,21,INCINEROAR,False,2,3,0,False,3265
7579,2025-11-21 03:22:42.020000,104,SAMUS,False,3,2,0,True,3265
7580,2025-11-21 03:26:13.689000,21,INCINEROAR,False,3,2,0,True,3266
7581,2025-11-21 03:26:13.893000,104,SAMUS,False,2,3,0,False,3266
7582,2025-11-22 01:19:03.026000,104,SAMUS,False,3,2,0,True,3267
7583,2025-11-22 01:19:03.240000,21,MR. GAME & WATCH,False,2,3,0,False,3267
7584,2025-11-22 01:22:50.091000,104,SAMUS,False,3,2,0,True,3268
7585,2025-11-22 01:22:50.298000,21,INCINEROAR,False,2,3,0,False,3268
7586,2025-11-22 01:25:01.467000,104,SAMUS,False,1,2,0,False,3269
7587,2025-11-22 01:25:01.612000,54,INCINEROAR,False,2,1,0,True,3269
7588,2025-11-22 01:32:10.433000,104,ZELDA,False,3,1,0,True,3270
7589,2025-11-22 01:32:10.587000,4484,POKÉMON TRAINER,False,0,3,0,False,3270
7590,2025-11-22 01:48:11.758000,54,DONKEY KONG,False,2,3,1,False,3271
7591,2025-11-22 01:48:11.885000,21,MR. GAME & WATCH,False,2,1,1,True,3271
7592,2025-11-22 01:48:12.058000,4484,WOLF,False,0,3,0,False,3271
7593,2025-11-22 01:48:12.192000,23,SAMUS,False,3,2,0,True,3271
7594,2025-11-22 01:54:42.508000,54,JOKER,False,2,2,0,True,3272
7595,2025-11-22 01:54:42.653000,21,MR. GAME & WATCH,False,3,3,0,False,3272
7596,2025-11-22 01:54:42.793000,4484,PALUTENA,False,2,3,0,True,3272
7597,2025-11-22 01:54:42.901000,23,SAMUS,False,2,3,1,False,3272
7598,2025-11-22 02:03:59.665000,21,INCINEROAR,False,5,3,0,True,3273
7599,2025-11-22 02:03:59.802000,23,SAMUS,False,1,2,0,True,3273
7600,2025-11-22 02:03:59.934000,54,JOKER,False,4,4,0,False,3273
7601,2025-11-22 02:04:00.056000,4484,PALUTENA,False,1,2,0,False,3273
7602,2025-11-22 03:18:58.866000,21,INCINEROAR,False,3,2,0,True,3274
7603,2025-11-22 03:18:59.028000,4484,POKÉMON TRAINER,False,0,3,0,False,3274
7604,2025-11-22 03:23:03.015000,21,INCINEROAR,False,3,2,0,True,3275
7605,2025-11-22 03:23:03.254000,4484,POKÉMON TRAINER,False,0,3,0,False,3275
7606,2025-11-22 03:27:19.163000,21,MR. GAME & WATCH,False,3,2,0,True,3276
7607,2025-11-22 03:27:19.278000,4484,POKÉMON TRAINER,False,2,3,0,False,3276
7608,2025-11-22 03:30:54.283000,21,GANONDORF,False,3,1,0,True,3277
7609,2025-11-22 03:30:54.395000,3007,CLOUD,False,1,3,0,False,3277
7610,2025-11-22 03:35:25.059000,21,GANONDORF,False,3,2,0,True,3278
7611,2025-11-22 03:35:25.182000,4484,CAPTAIN FALCON,False,2,3,0,False,3278
7612,2025-11-22 03:39:05.796000,21,GANONDORF,False,2,3,0,False,3279
7613,2025-11-22 03:39:05.942000,4484,CAPTAIN FALCON,False,3,2,0,True,3279
7614,2025-11-22 03:44:12.022000,21,GANONDORF,False,2,3,0,False,3280
7615,2025-11-22 03:44:12.241000,4484,CAPTAIN FALCON,False,3,2,0,True,3280
7616,2025-11-22 03:47:20.951000,4484,POKÉMON TRAINER,False,0,2,0,False,3281
7617,2025-11-22 03:47:21.151000,4639,STEVE,False,3,1,0,True,3281
7618,2025-11-22 03:52:36.604000,4639,ENDERMAN,False,2,3,0,False,3282
7619,2025-11-22 03:52:36.740000,21,MR. GAME & WATCH,False,3,2,0,True,3282
7620,2025-11-22 03:54:42.935000,4639,ENDERMAN,False,3,0,0,True,3283
7621,2025-11-22 03:54:43.045000,21,MR. GAME & WATCH,False,0,3,0,False,3283
7622,2025-11-22 03:58:49.494000,4639,ENDERMAN,False,3,1,0,True,3284
7623,2025-11-22 03:58:49.585000,21,MR. GAME & WATCH,False,1,3,0,False,3284
7625,2025-11-22 04:02:40.878000,21,INCINEROAR,False,3,2,0,True,3285
7626,2025-11-22 04:05:51.713000,4639,ENDERMAN,False,3,2,0,True,3286
7627,2025-11-22 04:05:51.827000,21,INCINEROAR,False,2,3,0,False,3286
7628,2025-11-22 04:08:22.902000,4639,ENDERMAN,False,2,2,0,True,3287
7629,2025-11-22 04:08:23.043000,21,INCINEROAR,False,2,2,1,False,3287
7630,2025-11-22 04:10:55.261000,4639,ENDERMAN,False,3,1,0,True,3288
7631,2025-11-22 04:10:55.378000,21,INCINEROAR,False,0,2,0,False,3288
7632,2025-11-22 04:16:18.672000,4639,ENDERMAN,False,2,3,0,False,3289
7633,2025-11-22 04:16:18.786000,38,CAPTAIN FALCON,False,3,2,0,True,3289
7634,2025-11-22 04:20:48.071000,4639,ENDERMAN,False,2,3,0,False,3290
7635,2025-11-22 04:20:48.173000,38,CAPTAIN FALCON,False,3,2,0,True,3290
7636,2025-11-22 04:24:49.095000,4639,ENDERMAN,False,2,3,0,False,3291
7637,2025-11-22 04:24:49.226000,38,PYRA/MYTHRA,False,3,2,0,True,3291
7638,2025-11-22 04:27:53.563000,4639,ENDERMAN,False,3,1,0,True,3292
7639,2025-11-22 04:27:53.672000,38,BOWSER,False,0,3,0,False,3292
7640,2025-11-22 04:29:32.972000,4639,ENDERMAN,False,2,0,0,True,3293
7641,2025-11-22 04:29:33.094000,38,LUCINA,False,0,2,0,False,3293
7557,2025-11-21 02:34:44.087000,104,ZELDA,False,1,2,0,False,3254
7642,2025-11-22 04:30:57.688000,4639,ENDERMAN,False,0,1,0,False,3294
7643,2025-11-22 04:30:57.789000,38,LUCINA,False,1,0,0,True,3294
7644,2025-11-22 04:41:26.009000,4639,ENDERMAN,False,2,3,0,False,3295
7645,2025-11-22 04:41:26.194000,54,INCINEROAR,False,3,2,0,True,3295
7646,2025-11-22 04:44:36.029000,4639,ENDERMAN,False,1,3,0,False,3296
7647,2025-11-22 04:44:36.159000,54,INCINEROAR,False,3,1,0,True,3296
7648,2025-11-22 04:48:27.851000,4639,ENDERMAN,False,1,2,0,False,3297
7649,2025-11-22 04:48:27.984000,21,INCINEROAR,False,2,1,0,True,3297
7650,2025-11-22 04:50:53.641000,4639,ENDERMAN,False,3,0,0,True,3298
7651,2025-11-22 04:50:53.790000,21,INCINEROAR,False,0,3,0,False,3298
7652,2025-11-22 04:54:25.723000,4639,ENDERMAN,False,2,2,1,False,3299
7653,2025-11-22 04:54:25.850000,21,INCINEROAR,False,2,2,0,True,3299
7654,2025-11-22 04:58:19.203000,4639,ENDERMAN,False,2,3,0,False,3300
7655,2025-11-22 04:58:19.330000,21,INCINEROAR,False,3,2,0,True,3300
7656,2025-11-22 05:01:39.686000,4639,ENDERMAN,False,2,3,0,False,3301
7657,2025-11-22 05:01:39.790000,21,INCINEROAR,False,3,2,0,True,3301
7658,2025-11-22 05:05:47.223000,4639,ENDERMAN,False,2,3,0,False,3302
7659,2025-11-22 05:05:47.324000,21,INCINEROAR,False,3,2,0,True,3302
7660,2025-11-22 05:08:14.061000,4639,ENDERMAN,False,2,3,0,False,3303
7661,2025-11-22 05:08:14.146000,21,INCINEROAR,False,3,2,0,True,3303
7662,2025-11-22 05:11:56.104000,4639,ENDERMAN,False,3,2,0,True,3304
7663,2025-11-22 05:11:56.203000,21,INCINEROAR,False,2,3,0,False,3304
7664,2025-11-22 05:14:39.470000,4639,STEVE,False,3,1,0,True,3305
7665,2025-11-22 05:14:39.574000,38,LUIGI,False,0,3,0,False,3305
7666,2025-11-22 05:17:33.067000,4639,ENDERMAN,False,3,0,0,True,3306
7667,2025-11-22 05:17:33.161000,38,LUIGI,False,0,3,0,False,3306
7668,2025-11-22 05:21:37.050000,4639,ENDERMAN,False,3,2,0,True,3307
7669,2025-11-22 05:21:37.157000,38,JOKER,False,2,3,0,False,3307
7670,2025-11-22 05:32:55.818000,4639,ENDERMAN,False,3,2,0,True,3308
7671,2025-11-22 05:32:55.975000,38,JOKER,False,2,3,0,False,3308
7672,2025-11-22 05:37:11.568000,4639,ENDERMAN,False,3,2,0,True,3309
7673,2025-11-22 05:37:11.826000,38,JOKER,False,2,3,0,False,3309
7674,2025-11-22 05:41:28.902000,4639,ENDERMAN,False,2,2,0,True,3310
7675,2025-11-22 05:41:29.018000,38,PALUTENA,False,2,3,0,False,3310
7676,2025-11-22 05:44:19.976000,4639,ENDERMAN,False,3,2,0,True,3311
7677,2025-11-22 05:44:20.080000,38,CAPTAIN FALCON,False,2,3,0,False,3311
7678,2025-11-22 05:47:22.124000,4639,ENDERMAN,False,2,3,0,False,3312
7679,2025-11-22 05:47:22.236000,38,CAPTAIN FALCON,False,2,2,0,True,3312
7680,2025-11-22 05:50:23.581000,4639,ENDERMAN,False,2,3,0,False,3313
7681,2025-11-22 05:50:23.692000,38,CAPTAIN FALCON,False,3,2,0,True,3313
7682,2025-11-22 05:52:46.674000,21,MR. GAME & WATCH,False,1,3,0,False,3314
7683,2025-11-22 05:52:46.782000,38,JOKER,False,3,1,0,True,3314
7684,2025-11-22 05:58:09.554000,21,MR. GAME & WATCH,False,3,2,0,True,3315
7685,2025-11-22 05:58:09.682000,38,JOKER,False,2,3,0,False,3315
7686,2025-11-22 06:00:01.835000,21,INCINEROAR,False,3,2,0,True,3316
7687,2025-11-22 06:00:01.954000,38,JOKER,False,2,3,0,False,3316
7688,2025-11-22 06:04:16.273000,4484,WOLF,False,2,3,0,False,3317
7689,2025-11-22 06:04:16.373000,21,INCINEROAR,False,3,2,0,True,3317
7690,2025-11-22 06:08:56.897000,4484,WOLF,False,2,3,0,False,3318
7691,2025-11-22 06:08:56.991000,21,MR. GAME & WATCH,False,3,2,0,True,3318
7692,2025-11-22 06:12:59.916000,4484,WOLF,False,0,3,0,False,3319
7693,2025-11-22 06:13:00.061000,21,MR. GAME & WATCH,False,3,1,0,True,3319
7694,2025-11-22 06:16:15.083000,4484,CORRIN,False,0,3,0,False,3320
7695,2025-11-22 06:16:15.288000,21,MR. GAME & WATCH,False,3,2,0,True,3320
7696,2025-11-22 06:20:11.695000,4484,CORRIN,False,0,3,0,False,3321
7697,2025-11-22 06:20:11.845000,21,MR. GAME & WATCH,False,3,2,0,True,3321
7698,2025-11-22 06:29:07.837000,4639,ENDERMAN,False,2,3,0,False,3322
7699,2025-11-22 06:29:07.954000,21,INCINEROAR,False,3,2,0,True,3322
7700,2025-11-22 06:38:06.494000,4639,ENDERMAN,False,2,2,0,True,3323
7701,2025-11-22 06:38:06.665000,21,INCINEROAR,False,2,2,0,False,3323
7702,2025-11-22 06:40:29.433000,4639,ENDERMAN,False,2,2,0,False,3324
7703,2025-11-22 06:40:29.551000,21,INCINEROAR,False,3,2,0,True,3324
7704,2025-11-22 06:43:07.505000,4639,ENDERMAN,False,3,1,0,True,3325
7705,2025-11-22 06:43:07.603000,21,INCINEROAR,False,1,3,0,False,3325
7706,2025-11-22 06:45:57.846000,4639,STEVE,False,3,1,0,True,3326
7707,2025-11-22 06:45:57.992000,21,INCINEROAR,False,1,3,0,False,3326
7708,2025-11-22 06:48:49.406000,4639,ENDERMAN,False,2,2,0,False,3327
7709,2025-11-22 06:48:49.498000,21,INCINEROAR,False,2,2,0,True,3327
7710,2025-11-22 06:52:06.230000,4639,ENDERMAN,False,2,2,0,False,3328
7711,2025-11-22 06:52:06.343000,21,INCINEROAR,False,2,2,0,True,3328
7712,2025-11-22 06:55:09.190000,4639,ENDERMAN,False,3,2,0,True,3329
7713,2025-11-22 06:55:09.279000,21,INCINEROAR,False,2,2,0,False,3329
7714,2025-11-22 06:58:38.138000,4639,ENDERMAN,False,3,1,0,True,3330
7715,2025-11-22 06:58:38.241000,21,INCINEROAR,False,1,3,0,False,3330
7716,2025-11-22 07:01:44.386000,4639,ENDERMAN,False,3,1,0,True,3331
9605,2026-01-21 17:30:17.329000,104,KING DEDEDE,False,4,0,0,True,4126
7718,2025-11-22 07:04:49.770000,4639,ENDERMAN,False,2,1,0,True,3332
7719,2025-11-22 07:04:49.858000,21,INCINEROAR,False,0,3,0,False,3332
7720,2025-11-22 07:07:57.159000,4639,ENDERMAN,False,3,2,0,True,3333
7721,2025-11-22 07:07:57.251000,21,INCINEROAR,False,2,3,0,False,3333
7722,2025-11-22 07:37:55.330000,4484,WOLF,False,2,3,0,False,3334
7723,2025-11-22 07:37:55.501000,23,SAMUS,False,3,2,0,True,3334
7724,2025-11-22 07:40:52.976000,4484,WOLF,False,2,1,0,True,3335
7725,2025-11-22 07:40:53.115000,23,SAMUS,False,1,2,0,False,3335
7726,2025-11-22 07:44:56.012000,4484,WOLF,False,3,2,0,True,3336
7727,2025-11-22 07:44:56.173000,23,SAMUS,False,2,3,0,False,3336
7728,2025-11-22 07:50:35.618000,4484,NESS,False,3,2,0,True,3337
7729,2025-11-22 07:50:35.734000,23,SAMUS,False,2,3,0,False,3337
7730,2025-11-22 07:50:35.835000,22,DONKEY KONG,False,3,3,0,False,3337
7731,2025-11-22 07:55:15.106000,4484,NESS,False,2,3,0,False,3338
7732,2025-11-22 07:55:15.238000,23,SAMUS,False,1,2,0,True,3338
7733,2025-11-22 07:55:15.362000,22,DONKEY KONG,False,5,3,0,False,3338
7734,2025-11-22 07:59:03.968000,4484,NESS,False,2,2,0,False,3339
7735,2025-11-22 07:59:04.090000,23,SAMUS,False,2,3,0,False,3339
7736,2025-11-22 07:59:04.189000,22,DONKEY KONG,False,4,2,0,True,3339
7737,2025-11-22 08:03:33.699000,4484,NESS,False,2,2,0,True,3340
7738,2025-11-22 08:03:33.834000,23,SAMUS,False,2,2,0,False,3340
7739,2025-11-22 08:03:33.940000,22,DONKEY KONG,False,2,2,0,False,3340
7740,2025-11-22 08:07:48.046000,4484,NESS,False,3,2,0,True,3341
7741,2025-11-22 08:07:48.206000,23,SAMUS,False,2,3,0,False,3341
7742,2025-11-22 08:07:48.401000,22,GANONDORF,False,3,3,0,False,3341
7743,2025-11-22 08:13:47.006000,4484,LUCINA,False,1,3,0,False,3342
7744,2025-11-22 08:13:47.104000,23,SAMUS,False,3,3,0,False,3342
7745,2025-11-22 08:13:47.189000,22,CAPTAIN FALCON,False,4,2,0,True,3342
7746,2025-11-22 08:19:45.296000,4484,CAPTAIN FALCON,False,4,3,0,True,3343
7747,2025-11-22 08:19:45.398000,23,SAMUS,False,1,3,0,False,3343
7748,2025-11-22 08:19:45.482000,22,CAPTAIN FALCON,False,2,2,1,True,3343
7749,2025-11-22 08:19:45.570000,21,SAMUS,False,3,3,0,False,3343
7750,2025-11-22 08:23:05.005000,4484,CAPTAIN FALCON,False,2,2,0,False,3344
7751,2025-11-22 08:23:05.090000,23,SAMUS,False,2,1,0,True,3344
7752,2025-11-22 08:23:05.200000,22,CAPTAIN FALCON,False,2,2,1,False,3344
7753,2025-11-22 08:23:05.299000,21,SAMUS,False,2,1,1,True,3344
7754,2025-11-22 08:27:21.770000,4484,CAPTAIN FALCON,False,2,2,1,False,3345
7755,2025-11-22 08:27:21.889000,23,SAMUS,False,3,3,0,True,3345
7756,2025-11-22 08:27:21.998000,22,CAPTAIN FALCON,False,1,4,0,False,3345
7757,2025-11-22 08:27:22.093000,21,SAMUS,False,2,2,2,True,3345
7758,2025-11-22 08:35:40.486000,4484,DONKEY KONG,False,0,2,0,False,3346
7759,2025-11-22 08:35:40.603000,23,SAMUS,False,2,1,0,True,3346
7760,2025-11-22 08:35:40.701000,22,DONKEY KONG,False,0,2,0,False,3346
7761,2025-11-22 08:35:40.800000,21,SAMUS,False,4,1,0,True,3346
7762,2025-11-22 08:54:57.200000,4484,JOKER,False,3,3,0,True,3347
7763,2025-11-22 08:54:57.343000,23,SAMUS,False,2,3,0,False,3347
7764,2025-11-22 08:54:57.475000,22,CAPTAIN FALCON,False,2,2,1,True,3347
7765,2025-11-22 08:54:57.593000,21,SAMUS,False,1,2,1,False,3347
7766,2025-11-22 08:57:34.090000,4484,JOKER,False,3,2,1,False,3348
7767,2025-11-22 08:57:34.197000,23,SAMUS,False,0,0,0,True,3348
7768,2025-11-22 08:57:34.295000,22,CAPTAIN FALCON,False,0,2,0,False,3348
7769,2025-11-22 08:57:34.392000,21,GANONDORF,False,3,3,0,True,3348
7770,2025-11-22 09:01:49.525000,4484,JOKER,False,3,2,0,False,3349
7771,2025-11-22 09:01:49.605000,23,SAMUS,False,2,3,0,True,3349
7772,2025-11-22 09:01:49.679000,22,BYLETH,False,0,3,0,False,3349
7773,2025-11-22 09:01:49.744000,21,GANONDORF,False,3,3,0,True,3349
7774,2025-11-22 09:05:38.796000,4484,JOKER,False,2,2,0,True,3350
7775,2025-11-22 09:05:38.901000,23,SAMUS,False,2,2,0,False,3350
7776,2025-11-22 09:05:39.003000,22,DONKEY KONG,False,2,2,0,True,3350
7777,2025-11-22 09:05:39.156000,21,GANONDORF,False,1,3,1,False,3350
7778,2025-11-22 09:10:52.192000,4484,JOKER,False,2,2,0,True,3351
7779,2025-11-22 09:10:52.329000,23,SAMUS,False,1,3,0,False,3351
7780,2025-11-22 09:10:52.482000,22,DONKEY KONG,False,2,2,1,True,3351
7781,2025-11-22 09:10:52.617000,21,GANONDORF,False,2,2,0,False,3351
7782,2025-11-22 09:14:56.658000,4484,JOKER,False,2,3,0,False,3352
7783,2025-11-22 09:14:56.784000,23,SAMUS,False,5,2,0,True,3352
7784,2025-11-22 09:14:56.917000,22,DONKEY KONG,False,1,3,0,False,3352
7785,2025-11-22 09:14:57.021000,21,GANONDORF,False,3,2,0,True,3352
7786,2025-11-22 09:18:01.817000,4484,JOKER,False,0,2,0,False,3353
7787,2025-11-22 09:18:01.944000,23,SAMUS,False,0,0,0,True,3353
7788,2025-11-22 09:18:02.030000,22,DONKEY KONG,False,0,1,0,False,3353
7789,2025-11-22 09:18:02.117000,21,GANONDORF,False,3,2,0,True,3353
7790,2025-11-22 09:20:57.296000,4484,JOKER,False,2,2,0,True,3354
7791,2025-11-22 09:20:57.386000,23,SAMUS,False,0,3,0,False,3354
7792,2025-11-22 09:20:57.486000,22,DONKEY KONG,False,1,2,0,True,3354
7793,2025-11-22 09:20:57.581000,21,GANONDORF,False,2,3,0,False,3354
7794,2025-11-22 09:26:29.349000,4484,JOKER,False,1,4,1,False,3355
7795,2025-11-22 09:26:29.434000,23,SAMUS,False,0,3,0,True,3355
7796,2025-11-22 09:26:29.526000,22,CAPTAIN FALCON,False,4,2,1,False,3355
7797,2025-11-22 09:26:29.609000,21,GANONDORF,False,4,2,0,True,3355
7798,2025-11-22 09:34:35.416000,4484,JOKER,False,2,2,0,True,3356
7799,2025-11-22 09:34:35.541000,21,GANONDORF,False,2,3,0,False,3356
7800,2025-11-22 09:37:55.074000,4484,JOKER,False,3,2,0,True,3357
7801,2025-11-22 09:37:55.162000,21,GANONDORF,False,2,3,0,False,3357
7802,2025-11-22 09:39:47.783000,4484,JOKER,False,1,3,0,False,3358
7803,2025-11-22 09:39:47.925000,21,GANONDORF,False,3,1,0,True,3358
7804,2025-11-22 09:42:07.663000,4484,JOKER,False,3,3,0,False,3359
7805,2025-11-22 09:42:07.755000,21,GANONDORF,False,3,3,0,True,3359
7806,2025-11-22 09:45:34.586000,4484,JOKER,False,2,1,0,True,3360
7807,2025-11-22 09:45:34.703000,21,GANONDORF,False,1,2,0,False,3360
7809,2025-11-22 09:48:55.182000,21,GANONDORF,False,2,2,0,True,3361
7810,2025-11-22 09:53:57.554000,4484,WOLF,False,2,3,0,False,3362
7811,2025-11-22 09:53:57.637000,21,GANONDORF,False,3,1,0,True,3362
7812,2025-11-22 10:00:19.314000,4484,PALUTENA,False,2,2,0,True,3363
7813,2025-11-22 10:00:19.427000,21,GANONDORF,False,2,3,0,False,3363
7814,2025-11-22 10:02:04.880000,4484,PALUTENA,False,0,3,0,False,3364
7815,2025-11-22 10:02:05.006000,21,GANONDORF,False,3,0,0,True,3364
7816,2025-11-22 10:05:08.179000,4484,WARIO,False,2,3,0,False,3365
7817,2025-11-22 10:05:08.327000,21,GANONDORF,False,3,2,0,True,3365
7818,2025-11-22 10:08:38.566000,4484,JOKER,False,2,3,0,False,3366
7819,2025-11-22 10:08:38.659000,21,GANONDORF,False,3,2,0,True,3366
7820,2025-11-22 10:20:03.952000,4484,JOKER,False,3,1,0,True,3367
7821,2025-11-22 10:20:04.050000,21,GANONDORF,False,1,3,0,False,3367
7822,2025-11-22 10:23:12.476000,4484,JOKER,False,2,2,0,False,3368
7823,2025-11-22 10:23:12.600000,21,GANONDORF,False,3,2,0,True,3368
7824,2025-11-22 10:26:32.081000,4484,JOKER,False,3,2,0,True,3369
7825,2025-11-22 10:26:32.193000,21,GANONDORF,False,2,3,0,False,3369
7826,2025-11-22 10:31:13.304000,4484,JOKER,False,3,2,0,True,3370
7827,2025-11-22 10:31:13.407000,21,GANONDORF,False,2,3,0,False,3370
7828,2025-11-22 10:35:42.288000,4484,JOKER,False,3,3,0,False,3371
7829,2025-11-22 10:35:42.396000,21,GANONDORF,False,3,2,0,True,3371
7830,2025-11-22 10:39:04.695000,4484,JOKER,False,1,3,0,False,3372
7831,2025-11-22 10:39:04.809000,21,GANONDORF,False,3,2,0,True,3372
7832,2025-11-22 10:43:29.479000,4484,POKÉMON TRAINER,False,2,2,0,True,3373
7833,2025-11-22 10:43:29.572000,21,GANONDORF,False,2,3,0,False,3373
7834,2025-11-22 10:47:27.865000,4484,POKÉMON TRAINER,False,2,3,0,False,3374
7835,2025-11-22 10:47:27.959000,21,GANONDORF,False,3,2,0,True,3374
7836,2025-11-22 10:52:29.534000,4484,POKÉMON TRAINER,False,2,3,0,False,3375
7837,2025-11-22 10:52:29.623000,21,GANONDORF,False,3,2,0,True,3375
7838,2025-11-22 23:46:15.141000,4484,JOKER,False,2,3,0,False,3376
7839,2025-11-22 23:46:15.335000,54,JOKER,False,3,2,0,True,3376
7840,2025-11-22 23:49:37.038000,54,JOKER,False,1,3,0,False,3377
7841,2025-11-22 23:49:37.224000,61,FALCO,False,3,1,0,True,3377
7842,2025-11-22 23:53:50.480000,4484,JOKER,False,2,3,0,False,3378
7843,2025-11-22 23:53:50.665000,61,NESS,False,3,2,0,True,3378
7844,2025-11-22 23:58:11.511000,4484,CAPTAIN FALCON,False,2,2,0,False,3379
7845,2025-11-22 23:58:11.607000,54,STEVE,False,3,2,0,True,3379
7846,2025-11-22 23:58:11.730000,61,FALCO,False,2,1,0,True,3379
7847,2025-11-22 23:58:11.836000,38,JOKER,False,3,3,1,False,3379
7848,2025-11-23 00:02:20.164000,4484,PALUTENA,False,3,1,0,True,3380
7849,2025-11-23 00:02:20.272000,54,STEVE,False,1,3,0,False,3380
7850,2025-11-23 00:02:20.421000,61,FALCO,False,1,3,0,False,3380
7851,2025-11-23 00:02:20.531000,38,JOKER,False,3,1,0,True,3380
7852,2025-11-23 00:07:48.089000,4484,NESS,False,0,0,0,False,3381
7853,2025-11-23 00:07:48.210000,54,INCINEROAR,False,3,3,0,True,3381
7854,2025-11-23 00:07:48.305000,61,CLOUD,False,3,2,0,True,3381
7855,2025-11-23 00:07:48.403000,38,PALUTENA,False,3,2,1,False,3381
7856,2025-11-23 00:11:02.199000,4484,WOLF,False,2,3,0,True,3382
7857,2025-11-23 00:11:02.332000,54,JOKER,False,1,4,0,False,3382
7858,2025-11-23 00:11:02.442000,61,LUCINA,False,3,2,0,False,3382
7859,2025-11-23 00:11:02.529000,38,INCINEROAR,False,4,2,1,True,3382
7860,2025-11-23 00:16:29.050000,4484,WOLF,False,1,3,0,False,3383
7861,2025-11-23 00:16:29.176000,54,STEVE,False,5,2,0,True,3383
7862,2025-11-23 00:16:29.287000,61,FALCO,False,1,3,0,True,3383
7863,2025-11-23 00:16:29.383000,38,JOKER,False,4,3,0,False,3383
7864,2025-11-23 00:20:44.833000,4484,PYRA,False,1,3,1,True,3384
7865,2025-11-23 00:20:44.953000,54,STEVE,False,2,3,1,False,3384
7866,2025-11-23 00:20:45.055000,61,FALCO,False,2,3,0,False,3384
7867,2025-11-23 00:20:45.144000,38,JOKER,False,4,2,1,True,3384
7868,2025-11-23 02:54:00.244000,4484,CORRIN,False,0,1,0,False,3385
7869,2025-11-23 02:54:00.496000,54,KING K. ROOL,False,1,0,0,True,3385
7870,2025-11-23 02:58:41.069000,4484,CORRIN,False,2,2,0,True,3386
7871,2025-11-23 02:58:41.256000,54,KING K. ROOL,False,3,3,0,False,3386
7872,2025-11-23 02:58:41.438000,61,FALCO,False,0,0,0,False,3386
7873,2025-11-23 02:58:41.642000,38,LUCINA,False,5,3,0,False,3386
7874,2025-11-23 03:02:18.947000,4484,CORRIN,False,2,2,0,False,3387
7875,2025-11-23 03:02:19.073000,54,KING K. ROOL,False,1,2,0,True,3387
7876,2025-11-23 03:02:19.192000,61,NESS,False,2,1,0,True,3387
7877,2025-11-23 03:02:19.336000,38,INCINEROAR,False,3,3,0,False,3387
7878,2025-11-23 03:06:11.575000,4484,CORRIN,False,0,2,0,False,3388
7879,2025-11-23 03:06:11.703000,54,KING K. ROOL,False,1,2,0,True,3388
7880,2025-11-23 03:06:11.850000,61,LUCINA,False,2,1,0,True,3388
7881,2025-11-23 03:06:12.047000,38,CAPTAIN FALCON,False,2,3,0,False,3388
7882,2025-11-23 03:10:27.163000,4484,PYRA,False,3,3,0,True,3389
7883,2025-11-23 03:10:27.239000,54,KING K. ROOL,False,3,3,0,False,3389
7884,2025-11-23 03:10:27.321000,61,LUCINA,False,3,3,0,False,3389
7885,2025-11-23 03:10:27.405000,38,JOKER,False,3,3,0,True,3389
7886,2025-11-23 03:13:56.089000,4484,PYRA/MYTHRA,False,2,1,0,True,3390
7887,2025-11-23 03:13:56.205000,54,KING K. ROOL,False,0,3,0,False,3390
7888,2025-11-23 03:13:56.305000,61,FALCO,False,2,3,0,False,3390
7889,2025-11-23 03:13:56.399000,38,INCINEROAR,False,1,1,0,True,3390
7890,2025-11-23 05:31:45.951000,22,DONKEY KONG,False,2,3,0,False,3391
7891,2025-11-23 05:31:46.171000,23,SAMUS,False,2,3,0,False,3391
9606,2026-01-21 17:30:17.329000,39,DONKEY KONG,False,0,3,1,False,4126
7893,2025-11-23 05:36:24.105000,22,DONKEY KONG,False,5,3,0,False,3392
9607,2026-01-21 17:30:17.329000,23,KIRBY,False,1,3,1,True,4126
7895,2025-11-23 05:36:24.442000,23,SAMUS,False,2,2,0,True,3392
7896,2025-11-23 05:40:38.625000,22,DONKEY KONG,False,4,3,0,False,3393
9640,2026-01-23 01:22:34.275000,2106,UNKNOWN,False,0,0,0,False,4138
7898,2025-11-23 05:40:38.928000,23,SAMUS,False,0,2,1,False,3393
7899,2025-11-23 05:47:43.749000,22,CAPTAIN FALCON,False,2,3,0,False,3394
9641,2026-01-23 01:22:34.449000,39,DONKEY KONG,False,3,3,0,False,4138
7901,2025-11-23 05:47:43.965000,23,SAMUS,False,2,3,0,False,3394
7902,2025-11-23 05:54:10.951000,22,CAPTAIN FALCON,False,2,2,0,False,3395
9668,2026-01-23 02:04:35.074000,9373,CAPTAIN FALCON,False,3,1,1,True,4147
7904,2025-11-23 05:54:11.247000,23,SAMUS,False,3,2,0,True,3395
7905,2025-11-23 06:00:22.270000,22,ENDERMAN,False,3,2,0,True,3396
9669,2026-01-23 02:04:35.191000,3007,FOX,False,2,3,0,False,4147
7907,2025-11-23 06:00:22.530000,23,SAMUS,False,2,3,0,False,3396
7908,2025-11-23 06:05:48.569000,22,CAPTAIN FALCON,False,3,4,0,False,3397
7909,2025-11-23 06:05:48.704000,39,DONKEY KONG,False,3,2,0,True,3397
9692,2026-01-23 02:32:52.268000,3657,SEPHIROTH,False,3,3,1,False,4152
7911,2025-11-23 06:05:48.928000,23,SAMUS,False,2,1,0,True,3397
7912,2025-11-23 06:11:30.837000,22,CAPTAIN FALCON,False,4,2,0,True,3398
7913,2025-11-23 06:11:30.952000,39,SORA,False,1,3,0,False,3398
9708,2026-01-23 02:55:44.197000,104,KING DEDEDE,False,7,2,2,True,4156
7915,2025-11-23 06:11:31.202000,23,SAMUS,False,3,3,1,False,3398
7916,2025-11-23 06:16:47.006000,22,CAPTAIN FALCON,False,2,3,0,False,3399
7917,2025-11-23 06:16:47.118000,39,SORA,False,5,2,1,True,3399
9608,2026-01-21 17:34:11.691000,9157,CAPTAIN FALCON,False,1,2,0,True,4127
7919,2025-11-23 06:16:47.326000,23,SAMUS,False,2,2,1,True,3399
7920,2025-11-23 06:21:14.293000,22,CAPTAIN FALCON,False,2,2,0,False,3400
7921,2025-11-23 06:21:14.403000,39,DONKEY KONG,False,3,2,0,True,3400
9609,2026-01-21 17:34:11.691000,104,KING DEDEDE,False,1,3,1,False,4127
7923,2025-11-23 06:21:14.598000,23,SAMUS,False,3,2,1,True,3400
7924,2025-11-23 06:26:24.571000,22,GANONDORF,False,4,4,0,True,3401
7925,2025-11-23 06:26:24.716000,39,SORA,False,3,3,0,False,3401
9610,2026-01-21 17:34:11.691000,39,DONKEY KONG,False,3,3,3,True,4127
7927,2025-11-23 06:26:24.957000,23,SAMUS,False,1,3,0,False,3401
7928,2025-11-23 06:31:18.239000,22,GANONDORF,False,1,4,1,False,3402
7929,2025-11-23 06:31:18.369000,39,SORA,False,3,1,0,True,3402
9611,2026-01-21 17:34:11.691000,23,KIRBY,False,1,1,0,False,4127
7931,2025-11-23 06:31:18.638000,23,SAMUS,False,2,1,0,True,3402
7932,2025-11-23 06:38:16.027000,22,DONKEY KONG,False,6,2,0,True,3403
9642,2026-01-23 01:25:26.206000,104,KING DEDEDE,False,2,3,0,False,4139
7934,2025-11-23 06:38:16.275000,23,SAMUS,False,1,3,0,False,3403
7935,2025-11-23 06:42:12.990000,22,DONKEY KONG,False,2,3,0,False,3404
7936,2025-11-23 06:42:13.087000,21,GANONDORF,False,5,2,0,True,3404
9643,2026-01-23 01:25:26.316000,2586,BOWSER,False,3,3,0,False,4139
7938,2025-11-23 06:42:13.313000,23,SAMUS,False,0,0,1,True,3404
7939,2025-11-23 06:45:58.173000,22,DONKEY KONG,False,2,3,0,False,3405
7940,2025-11-23 06:45:58.338000,21,GANONDORF,False,3,2,0,True,3405
9644,2026-01-23 01:25:26.425000,39,DONKEY KONG,False,3,2,0,True,4139
7942,2025-11-23 06:45:58.676000,23,SAMUS,False,3,1,0,True,3405
7943,2025-11-23 06:51:23.628000,22,ENDERMAN,False,2,3,0,False,3406
7944,2025-11-23 06:51:23.735000,21,GANONDORF,False,4,2,0,True,3406
9670,2026-01-23 02:08:56.621000,23,SAMUS,False,3,1,1,True,4148
7946,2025-11-23 06:51:23.978000,23,SAMUS,False,3,2,1,True,3406
7947,2025-11-23 06:51:24.082000,255,KING K. ROOL,False,0,4,0,False,3406
7948,2025-11-23 06:51:24.201000,39,DONKEY KONG,False,1,2,1,True,3406
7949,2025-11-23 06:55:46.175000,22,ENDERMAN,False,3,3,0,False,3407
7950,2025-11-23 06:55:46.299000,21,GANONDORF,False,3,2,1,True,3407
9671,2026-01-23 02:08:56.756000,9373,FALCO,False,3,2,0,True,4148
7952,2025-11-23 06:55:46.527000,23,SAMUS,False,3,1,0,True,3407
7953,2025-11-23 06:55:46.669000,255,KING K. ROOL,False,0,2,0,False,3407
7954,2025-11-23 06:55:46.814000,39,SORA,False,3,2,0,True,3407
7955,2025-11-23 07:00:40.308000,22,ENDERMAN,False,0,3,1,False,3408
7956,2025-11-23 07:00:40.421000,21,GANONDORF,False,6,2,0,True,3408
7958,2025-11-23 07:00:40.631000,23,SAMUS,False,1,1,1,True,3408
7959,2025-11-23 07:00:40.744000,255,KING K. ROOL,False,1,1,0,False,3408
7960,2025-11-23 07:00:40.848000,39,SORA,False,1,2,1,True,3408
7961,2025-11-23 09:46:23.347000,38,INCINEROAR,False,0,0,0,True,3409
7962,2025-11-23 09:46:23.541000,21,MR. GAME & WATCH,False,2,3,0,False,3409
7963,2025-11-23 09:51:18.785000,38,INCINEROAR,False,3,2,0,True,3410
7964,2025-11-23 09:51:18.975000,21,MR. GAME & WATCH,False,2,3,0,False,3410
7965,2025-11-23 09:54:49.697000,38,INCINEROAR,False,1,3,0,False,3411
7966,2025-11-23 09:54:49.833000,21,MR. GAME & WATCH,False,3,1,0,True,3411
7967,2025-11-23 09:58:56.325000,38,JOKER,False,0,0,0,True,3412
7968,2025-11-23 09:58:56.435000,21,MR. GAME & WATCH,False,0,0,0,False,3412
7969,2025-11-23 10:01:11.987000,38,JOKER,False,0,0,0,True,3413
7970,2025-11-23 10:01:12.087000,21,MR. GAME & WATCH,False,0,0,0,False,3413
7971,2025-11-23 10:08:49.189000,38,JOKER,False,2,3,0,False,3414
7972,2025-11-23 10:08:49.314000,21,MR. GAME & WATCH,False,3,2,0,True,3414
7973,2025-11-23 10:12:23.848000,38,JOKER,False,3,1,0,True,3415
7974,2025-11-23 10:12:23.981000,21,MR. GAME & WATCH,False,1,3,0,False,3415
7975,2025-11-23 10:20:37.631000,38,JOKER,False,3,1,0,True,3416
7976,2025-11-23 10:20:37.714000,21,MR. GAME & WATCH,False,1,3,0,False,3416
7977,2025-11-23 10:23:58.778000,38,JOKER,False,3,2,0,True,3417
7978,2025-11-23 10:23:58.905000,21,MR. GAME & WATCH,False,2,3,0,False,3417
7979,2025-11-23 10:29:28.719000,38,JOKER,False,2,2,0,True,3418
7980,2025-11-23 10:29:28.838000,21,MR. GAME & WATCH,False,2,3,0,False,3418
7981,2025-11-23 10:33:39.875000,38,JOKER,False,0,0,0,True,3419
7982,2025-11-23 10:33:40.007000,21,MR. GAME & WATCH,False,0,0,0,False,3419
7983,2025-11-23 10:38:48.362000,38,JOKER,False,0,0,0,True,3420
7985,2025-11-23 10:43:40.663000,38,JOKER,False,3,2,0,True,3421
7986,2025-11-23 10:43:40.776000,21,MR. GAME & WATCH,False,2,3,0,False,3421
7987,2025-11-23 10:47:32.347000,38,JOKER,False,0,0,0,True,3422
7988,2025-11-23 10:47:32.465000,21,MR. GAME & WATCH,False,0,0,0,False,3422
7989,2025-11-23 10:49:19.116000,38,JOKER,False,3,0,0,True,3423
7990,2025-11-23 10:49:19.197000,21,MR. GAME & WATCH,False,0,3,0,False,3423
7991,2025-11-23 11:00:24.437000,38,JOKER,False,0,0,0,True,3424
7992,2025-11-23 11:00:24.554000,21,MR. GAME & WATCH,False,0,0,0,False,3424
7993,2025-11-23 11:04:45.426000,38,JOKER,False,2,2,0,True,3425
7994,2025-11-23 11:04:45.548000,21,MR. GAME & WATCH,False,2,3,0,False,3425
7995,2025-11-23 11:07:04.392000,38,CAPTAIN FALCON,False,3,1,0,True,3426
7996,2025-11-23 11:07:04.465000,21,MR. GAME & WATCH,False,1,3,0,False,3426
7997,2025-11-23 18:51:26.667000,54,STEVE,False,3,1,0,True,3427
7998,2025-11-23 18:51:26.875000,21,INCINEROAR,False,1,3,0,False,3427
7999,2025-11-23 18:54:23.426000,54,STEVE,False,0,3,0,False,3428
8000,2025-11-23 18:54:23.588000,21,INCINEROAR,False,3,1,0,True,3428
8001,2025-11-23 18:58:33.315000,54,STEVE,False,3,2,0,True,3429
8002,2025-11-23 18:58:33.446000,21,INCINEROAR,False,2,3,0,False,3429
8003,2025-11-23 19:00:33.988000,54,STEVE,False,1,3,0,False,3430
8004,2025-11-23 19:00:34.104000,21,INCINEROAR,False,3,1,0,True,3430
8005,2025-11-23 19:03:31.975000,54,JOKER,False,1,3,0,False,3431
8006,2025-11-23 19:03:32.064000,21,INCINEROAR,False,3,1,0,True,3431
8007,2025-11-23 19:07:15.670000,54,DONKEY KONG,False,3,2,0,True,3432
7957,2025-11-23 07:00:40.523000,74,MYTHRA,False,2,3,0,False,3408
7984,2025-11-23 10:38:48.444000,21,MR. GAME & WATCH,False,0,0,0,False,3420
8008,2025-11-23 19:07:15.806000,21,INCINEROAR,False,2,3,0,False,3432
8009,2025-11-23 19:11:43.842000,54,DONKEY KONG,False,3,2,0,True,3433
8010,2025-11-23 19:11:44.018000,21,INCINEROAR,False,2,3,0,False,3433
8011,2025-11-23 19:15:47.178000,54,DONKEY KONG,False,1,3,0,False,3434
8012,2025-11-23 19:15:47.269000,21,INCINEROAR,False,3,1,0,True,3434
9612,2026-01-21 17:37:08.293000,9157,CAPTAIN FALCON,False,1,3,0,False,4128
8013,2025-11-24 14:40:00.065000,21,MR. GAME & WATCH,False,2,3,0,False,3435
8014,2025-11-24 14:40:00.065000,104,SAMUS,False,3,1,0,True,3435
8057,2025-11-25 04:10:08.343000,21,GANONDORF,False,0,3,0,False,3458
8015,2025-11-24 14:44:00.065000,21,MR. GAME & WATCH,False,3,2,0,True,3436
8058,2025-11-25 04:10:08.463000,39,DONKEY KONG,False,3,0,0,True,3458
8016,2025-11-24 14:44:00.065000,104,SAMUS,False,2,3,0,False,3436
8017,2025-11-24 14:48:00.065000,104,SAMUS,False,2,3,0,False,3437
8018,2025-11-24 14:48:00.065000,21,MR. GAME & WATCH,False,3,2,0,True,3437
8019,2025-11-24 14:52:00.065000,104,KING DEDEDE,False,2,3,0,True,3438
8020,2025-11-24 14:52:00.065000,38,INCINEROAR,False,3,2,0,False,3438
8021,2025-11-24 14:56:00.065000,38,CROM,False,3,2,0,True,3439
8022,2025-11-24 14:56:00.065000,104,KING DEDEDE,False,2,3,0,False,3439
8023,2025-11-24 15:00:00.065000,38,INCINEROAR,False,3,2,0,True,3440
8024,2025-11-24 15:00:00.065000,104,KING DEDEDE,False,2,3,0,False,3440
8025,2025-11-24 15:04:00.065000,38,MYTHRA,False,3,2,0,True,3441
8026,2025-11-24 15:04:00.065000,21,ZELDA,False,2,3,0,False,3441
8027,2025-11-24 15:08:00.065000,21,ZELDA,False,3,2,0,True,3442
8028,2025-11-24 15:08:00.065000,38,MYTHRA,False,2,3,0,False,3442
8030,2025-11-24 15:12:00.065000,38,MYTHRA,False,2,3,0,False,3443
8029,2025-11-24 15:12:00.065000,21,ZELDA,False,3,2,0,True,3443
8031,2025-11-24 15:16:00.065000,38,MYTHRA,False,3,2,0,True,3444
8032,2025-11-24 15:16:00.065000,21,ZELDA,False,2,3,0,False,3444
8033,2025-11-24 15:20:00.065000,38,MYTHRA,False,3,2,0,True,3445
8034,2025-11-24 15:20:00.065000,21,ZELDA,False,2,3,0,False,3445
8035,2025-11-24 15:24:00.065000,21,ZELDA,False,3,2,0,True,3446
8036,2025-11-24 15:24:00.065000,38,MYTHRA,False,2,3,0,False,3446
8037,2025-11-24 15:28:00.065000,21,ZELDA,False,2,3,0,False,3447
8038,2025-11-24 15:28:00.065000,38,MYTHRA,False,3,2,0,True,3447
7717,2025-11-22 07:01:44.479000,21,INCINEROAR,False,0,0,0,False,3331
7624,2025-11-22 04:02:40.770000,4639,ENDERMAN,False,0,0,0,False,3285
7951,2025-11-23 06:55:46.407000,74,MARIO,False,2,3,0,False,3407
7945,2025-11-23 06:51:23.836000,74,MARIO,False,2,2,0,False,3406
7941,2025-11-23 06:45:58.522000,74,MARIO,False,1,3,0,False,3405
7937,2025-11-23 06:42:13.195000,74,MARIO,False,1,3,0,False,3404
7933,2025-11-23 06:38:16.166000,74,MARIO,False,1,3,0,False,3403
7930,2025-11-23 06:31:18.515000,74,MARIO,False,1,2,0,False,3402
7926,2025-11-23 06:26:24.854000,74,MARIO,False,2,1,1,True,3401
7922,2025-11-23 06:21:14.503000,74,MARIO,False,1,3,0,False,3400
7918,2025-11-23 06:16:47.231000,74,MARIO,False,0,3,0,False,3399
7914,2025-11-23 06:11:31.075000,74,MARIO,False,1,2,0,True,3398
7910,2025-11-23 06:05:48.815000,74,MARIO,False,0,2,1,False,3397
7906,2025-11-23 06:00:22.417000,74,MARIO,False,1,3,0,False,3396
7903,2025-11-23 05:54:11.115000,74,MARIO,False,2,3,0,False,3395
7900,2025-11-23 05:47:43.861000,74,MARIO,False,2,1,0,True,3394
7897,2025-11-23 05:40:38.810000,74,MARIO,False,3,2,0,True,3393
7894,2025-11-23 05:36:24.276000,74,MARIO,False,1,3,0,False,3392
7892,2025-11-23 05:31:46.373000,74,MARIO,False,4,2,0,True,3391
7808,2025-11-22 09:48:55.081000,4484,JOKER,False,2,2,1,False,3361
8041,2025-11-24 23:40:44.745000,104,KING DEDEDE,False,2,2,0,True,3450
8042,2025-11-24 23:40:45.007000,39,SORA,False,2,3,0,False,3450
8043,2025-11-24 23:43:19.150000,104,KING DEDEDE,False,3,0,0,True,3451
8044,2025-11-24 23:43:19.307000,39,DONKEY KONG,False,1,3,0,False,3451
8045,2025-11-24 23:45:37.497000,104,ZELDA,False,3,2,0,True,3452
8046,2025-11-24 23:45:37.656000,39,DONKEY KONG,False,2,3,0,False,3452
8047,2025-11-24 23:48:14.716000,104,ZELDA,False,3,2,0,True,3453
8048,2025-11-24 23:48:14.821000,39,DONKEY KONG,False,2,3,0,False,3453
8049,2025-11-24 23:58:51.245000,104,SAMUS,False,0,0,0,True,3454
8050,2025-11-24 23:58:51.393000,39,SORA,False,0,0,0,False,3454
8051,2025-11-25 04:02:02.307000,21,GANONDORF,False,3,2,0,True,3455
8052,2025-11-25 04:02:02.490000,39,DONKEY KONG,False,2,3,0,False,3455
8053,2025-11-25 04:05:04.417000,21,GANONDORF,False,3,2,0,True,3456
8054,2025-11-25 04:05:04.607000,39,DONKEY KONG,False,2,3,0,False,3456
8055,2025-11-25 04:08:04.047000,21,GANONDORF,False,3,2,0,True,3457
8056,2025-11-25 04:08:04.209000,39,DONKEY KONG,False,2,3,0,False,3457
8059,2025-11-25 04:12:34.897000,21,GANONDORF,False,3,1,0,True,3459
8060,2025-11-25 04:12:35.016000,39,DONKEY KONG,False,1,3,0,False,3459
8061,2025-11-25 04:14:49.131000,21,GANONDORF,False,1,3,0,False,3460
8062,2025-11-25 04:14:49.264000,39,DONKEY KONG,False,3,1,0,True,3460
8063,2025-11-25 04:17:28.945000,21,GANONDORF,False,1,3,0,False,3461
8064,2025-11-25 04:17:29.161000,39,DONKEY KONG,False,3,1,0,True,3461
8065,2025-11-25 04:21:06.222000,21,GANONDORF,False,2,3,0,False,3462
8066,2025-11-25 04:21:06.339000,39,DONKEY KONG,False,3,2,0,True,3462
8067,2025-11-25 04:23:03.074000,21,GANONDORF,False,3,1,0,True,3463
8068,2025-11-25 04:23:03.214000,39,DONKEY KONG,False,1,3,0,False,3463
8069,2025-11-25 04:24:54.585000,21,GANONDORF,False,3,1,0,True,3464
8070,2025-11-25 04:24:54.678000,39,DONKEY KONG,False,1,3,0,False,3464
8071,2025-11-25 04:27:59.568000,21,GANONDORF,False,2,3,0,False,3465
8072,2025-11-25 04:27:59.696000,39,DONKEY KONG,False,3,2,0,True,3465
8073,2025-11-25 04:33:57.434000,21,GANONDORF,False,3,2,0,True,3466
8074,2025-11-25 04:33:57.597000,39,DONKEY KONG,False,2,3,0,False,3466
8075,2025-11-25 04:36:47.439000,21,GANONDORF,False,3,2,0,True,3467
8076,2025-11-25 04:36:47.614000,39,DONKEY KONG,False,2,3,0,False,3467
8077,2025-11-25 10:43:34.208000,38,JOKER,False,2,2,0,True,3468
8079,2025-11-25 10:49:13.627000,38,JOKER,False,3,2,0,True,3469
8080,2025-11-25 10:49:13.832000,21,MR. GAME & WATCH,False,2,3,0,False,3469
8081,2025-11-25 10:53:22.168000,38,JOKER,False,0,1,0,True,3470
8082,2025-11-25 10:53:22.315000,21,MR. GAME & WATCH,False,1,3,0,False,3470
8083,2025-11-25 10:57:40.320000,38,JOKER,False,3,2,0,True,3471
8084,2025-11-25 10:57:40.422000,21,ZELDA,False,2,3,0,False,3471
8085,2025-11-25 11:05:01.300000,38,JOKER,False,0,0,0,True,3472
8086,2025-11-25 11:05:01.399000,21,ZELDA,False,0,0,0,False,3472
8087,2025-11-26 01:00:55.595000,104,KING DEDEDE,False,3,1,0,True,3473
8088,2025-11-26 01:00:55.766000,54,DONKEY KONG,False,1,3,0,False,3473
8089,2025-11-26 01:04:22.509000,104,SAMUS,False,2,3,0,False,3474
8090,2025-11-26 01:04:22.663000,54,JOKER,False,3,2,0,True,3474
8091,2025-11-26 01:06:39.346000,104,ZELDA,False,3,0,0,True,3475
8092,2025-11-26 01:06:39.455000,54,JOKER,False,0,3,0,False,3475
8093,2025-11-26 01:11:43.908000,54,STEVE,False,2,3,0,False,3476
8094,2025-11-26 01:11:43.995000,38,JOKER,False,3,2,0,True,3476
8095,2025-11-26 01:15:11.161000,1112,NESS,False,0,3,0,False,3477
9613,2026-01-21 17:37:08.293000,104,KING DEDEDE,False,5,1,0,True,4128
8097,2025-11-26 01:22:39.559000,1112,NESS,False,3,2,0,True,3478
8098,2025-11-26 01:22:39.683000,54,JOKER,False,2,3,0,False,3478
8099,2025-11-26 01:25:04.763000,1112,NESS,False,0,0,0,False,3479
8100,2025-11-26 01:25:04.861000,54,JOKER,False,0,0,0,True,3479
8101,2025-11-26 01:28:34.484000,1112,NESS,False,0,3,0,False,3480
8102,2025-11-26 01:28:34.594000,54,DONKEY KONG,False,3,1,0,True,3480
8103,2025-11-26 01:35:03.215000,1112,NESS,False,2,3,0,False,3481
8104,2025-11-26 01:35:03.295000,54,KING K. ROOL,False,2,3,0,False,3481
8105,2025-11-26 01:35:03.386000,39,SORA,False,4,2,0,True,3481
8106,2025-11-26 01:40:30.983000,1112,NESS,False,1,3,0,False,3482
8107,2025-11-26 01:40:31.105000,54,INCINEROAR,False,2,3,0,False,3482
8108,2025-11-26 01:40:31.229000,39,SORA,False,3,1,0,True,3482
8109,2025-11-26 01:57:18.524000,1112,NESS,False,1,3,0,True,3483
8110,2025-11-26 01:57:18.636000,54,JOKER,False,3,3,0,False,3483
8111,2025-11-26 01:57:18.801000,4484,GRENINJA,False,2,3,0,False,3483
8112,2025-11-26 01:57:18.912000,39,SORA,False,5,2,0,True,3483
8113,2025-11-26 03:30:18.112000,1112,NESS,False,2,2,0,True,3484
8114,2025-11-26 03:30:18.358000,39,DONKEY KONG,False,2,3,0,False,3484
8115,2025-11-26 03:33:28.987000,1112,NESS,False,2,3,0,False,3485
8116,2025-11-26 03:33:29.109000,39,DONKEY KONG,False,3,2,0,True,3485
8117,2025-11-26 03:36:22.551000,1112,NESS,False,3,2,0,True,3486
8118,2025-11-26 03:36:22.698000,39,DONKEY KONG,False,2,3,0,False,3486
8119,2025-11-26 03:55:17.760000,1112,NESS,False,3,2,0,True,3487
8120,2025-11-26 03:55:17.899000,39,SORA,False,2,3,0,False,3487
8121,2025-11-26 06:56:52.335000,38,JOKER,False,3,1,0,True,3488
8122,2025-11-26 06:56:52.540000,21,INCINEROAR,False,1,3,0,False,3488
8123,2025-11-26 07:01:56.315000,38,JOKER,False,3,2,0,True,3489
8124,2025-11-26 07:01:56.473000,21,ZELDA,False,2,3,0,False,3489
8125,2025-11-26 07:06:02.787000,38,JOKER,False,3,2,0,True,3490
8126,2025-11-26 07:06:02.917000,21,ZELDA,False,2,3,0,False,3490
8127,2025-11-26 07:12:17.677000,38,JOKER,False,2,3,0,False,3491
8128,2025-11-26 07:12:17.800000,21,ZELDA,False,3,2,0,True,3491
8129,2025-11-26 07:18:35.436000,38,JOKER,False,3,1,0,True,3492
8130,2025-11-26 07:18:35.516000,21,MR. GAME & WATCH,False,1,3,0,False,3492
8131,2025-11-26 07:24:08.297000,38,JOKER,False,3,2,0,True,3493
8132,2025-11-26 07:24:08.427000,21,MR. GAME & WATCH,False,2,3,0,False,3493
8133,2025-11-26 07:30:14.482000,38,JOKER,False,3,2,0,True,3494
8134,2025-11-26 07:30:14.593000,21,MR. GAME & WATCH,False,2,3,0,False,3494
8135,2025-11-26 07:40:20.918000,38,JOKER,False,0,0,0,False,3495
8136,2025-11-26 07:40:21.033000,21,MR. GAME & WATCH,False,3,2,0,True,3495
8137,2025-11-26 07:52:54.802000,38,JOKER,False,2,2,0,False,3496
8138,2025-11-26 07:52:54.905000,21,MR. GAME & WATCH,False,2,2,0,True,3496
8139,2025-11-26 07:57:13.278000,38,MR. GAME & WATCH,False,0,0,0,True,3497
8140,2025-11-26 07:57:13.387000,21,MR. GAME & WATCH,False,2,3,0,False,3497
8141,2025-11-26 22:57:11.428000,88,IKE,False,2,3,0,False,3498
8142,2025-11-26 22:57:11.605000,21,GANONDORF,False,3,2,0,True,3498
8143,2025-11-26 23:00:40.589000,88,LUCAS,False,2,3,0,False,3499
8144,2025-11-26 23:00:40.740000,21,INCINEROAR,False,3,1,0,True,3499
8145,2025-11-26 23:03:43.706000,88,LINK,False,1,3,0,False,3500
8146,2025-11-26 23:03:43.831000,21,ZELDA,False,3,1,0,True,3500
8147,2025-11-26 23:07:05.376000,21,GANONDORF,False,0,3,0,False,3501
8148,2025-11-26 23:07:05.530000,104,SAMUS,False,3,1,0,True,3501
8149,2025-11-26 23:09:44.411000,21,GANONDORF,False,0,3,0,False,3502
8150,2025-11-26 23:09:44.508000,104,KING DEDEDE,False,3,0,0,True,3502
8151,2025-11-26 23:13:55.781000,21,MR. GAME & WATCH,False,3,2,0,True,3503
8152,2025-11-26 23:13:55.921000,104,SAMUS,False,2,3,0,False,3503
8153,2025-11-26 23:17:37.665000,21,MR. GAME & WATCH,False,3,2,0,True,3504
8154,2025-11-26 23:17:37.750000,104,SAMUS,False,2,3,0,False,3504
8155,2025-11-27 01:16:31.899000,104,SAMUS,False,3,2,0,True,3505
8156,2025-11-27 01:16:32.057000,54,INCINEROAR,False,2,3,0,False,3505
8157,2025-11-27 01:16:32.195000,1112,NESS,False,1,3,0,True,3505
8158,2025-11-27 01:16:32.342000,21,INCINEROAR,False,3,3,1,False,3505
8159,2025-11-27 01:20:31.229000,104,KING DEDEDE,False,3,3,0,False,3506
8160,2025-11-27 01:20:31.368000,54,INCINEROAR,False,4,2,0,True,3506
8161,2025-11-27 01:20:31.487000,1112,NESS,False,1,3,0,False,3506
8162,2025-11-27 01:20:31.580000,21,INCINEROAR,False,2,2,0,True,3506
8163,2025-11-27 01:25:40.459000,104,SAMUS,False,2,3,0,False,3507
8164,2025-11-27 01:25:40.558000,54,LINK,False,2,3,0,True,3507
8165,2025-11-27 01:25:40.660000,1112,NESS,False,3,3,0,False,3507
8166,2025-11-27 01:25:40.763000,21,GANONDORF,False,4,3,0,True,3507
8167,2025-11-27 01:29:47.590000,104,SAMUS,False,2,2,0,False,3508
8169,2025-11-27 01:29:47.839000,1112,NESS,False,3,4,1,False,3508
8170,2025-11-27 01:29:47.954000,21,GANONDORF,False,5,2,0,True,3508
8172,2025-11-27 01:34:18.127000,54,JOKER,False,1,2,0,False,3509
8173,2025-11-27 01:34:18.218000,1112,NESS,False,1,3,2,False,3509
8171,2025-11-27 01:34:18.023000,104,SAMUS,False,0,0,0,False,3509
8174,2025-11-27 01:34:18.309000,21,GANONDORF,False,2,2,0,True,3509
8175,2025-11-27 01:38:21.429000,104,ZELDA,False,3,3,0,False,3510
8176,2025-11-27 01:38:21.512000,54,HERO,False,2,1,0,True,3510
8177,2025-11-27 01:38:21.583000,1112,NESS,False,1,3,1,False,3510
8178,2025-11-27 01:38:21.666000,21,GANONDORF,False,2,3,0,True,3510
8179,2025-11-27 01:41:37.550000,104,ZELDA,False,5,3,0,True,3511
8180,2025-11-27 01:41:37.644000,54,GANONDORF,False,2,3,0,False,3511
8181,2025-11-27 01:41:37.723000,1112,NESS,False,1,1,1,True,3511
8182,2025-11-27 01:41:37.800000,21,GANONDORF,False,1,3,0,False,3511
8183,2025-11-27 01:44:38.476000,104,ZELDA,False,2,3,0,False,3512
8184,2025-11-27 01:44:38.572000,54,GANONDORF,False,2,2,0,True,3512
8185,2025-11-27 01:44:38.671000,1112,NESS,False,0,1,0,False,3512
8186,2025-11-27 01:44:38.763000,21,GANONDORF,False,4,1,1,True,3512
8187,2025-11-27 01:48:43.635000,104,ZELDA,False,6,3,1,True,3513
8188,2025-11-27 01:48:43.712000,54,FALCO,False,0,3,0,False,3513
8189,2025-11-27 01:48:43.783000,1112,NESS,False,0,1,0,True,3513
8190,2025-11-27 01:48:43.863000,21,GANONDORF,False,3,3,0,False,3513
8191,2025-11-27 01:54:16.226000,104,SAMUS,False,4,3,0,True,3514
8192,2025-11-27 01:54:16.335000,54,MR. GAME & WATCH,False,2,3,0,False,3514
8193,2025-11-27 01:54:16.447000,1112,NESS,False,2,2,0,True,3514
8194,2025-11-27 01:54:16.580000,21,GANONDORF,False,5,3,0,False,3514
8195,2025-11-27 02:03:05.102000,104,SAMUS,False,2,3,0,False,3515
8196,2025-11-27 02:03:05.194000,54,JOKER,False,2,2,0,True,3515
8197,2025-11-27 02:03:05.274000,21,GANONDORF,False,4,3,1,True,3515
8198,2025-11-27 02:03:05.356000,4484,RIDLEY,False,2,3,0,False,3515
8199,2025-11-27 02:06:24.233000,104,SAMUS,False,3,1,0,True,3516
8200,2025-11-27 02:06:24.340000,54,JOKER,False,2,1,0,False,3516
8201,2025-11-27 02:06:24.454000,21,GANONDORF,False,2,4,0,False,3516
8202,2025-11-27 02:06:24.558000,4484,RIDLEY,False,2,2,1,True,3516
8203,2025-11-27 02:13:12.638000,104,SAMUS,False,1,1,1,True,3517
8204,2025-11-27 02:13:12.726000,54,JOKER,False,1,3,0,False,3517
8206,2025-11-27 02:13:12.885000,4484,RIDLEY,False,3,1,0,True,3517
8207,2025-11-27 02:18:00.916000,104,SAMUS,False,0,0,0,False,3518
8208,2025-11-27 02:18:01.011000,54,JOKER,False,0,0,0,True,3518
8209,2025-11-27 02:18:01.110000,21,GANONDORF,False,0,0,0,True,3518
8210,2025-11-27 02:18:01.241000,4484,RIDLEY,False,0,0,0,False,3518
8211,2025-11-27 02:25:19.493000,21,GANONDORF,False,3,2,0,True,3519
8212,2025-11-27 02:25:19.600000,4484,RIDLEY,False,2,3,0,False,3519
8213,2025-11-27 02:27:39.030000,21,GANONDORF,False,3,1,0,True,3520
8214,2025-11-27 02:27:39.134000,4484,RIDLEY,False,0,3,0,False,3520
8215,2025-11-27 02:31:28.304000,21,GANONDORF,False,3,2,0,True,3521
8216,2025-11-27 02:31:28.428000,4484,RIDLEY,False,2,3,0,False,3521
8217,2025-11-27 02:36:51.883000,21,GANONDORF,False,2,3,0,False,3522
8218,2025-11-27 02:36:51.979000,4484,WOLF,False,3,2,0,True,3522
8219,2025-11-27 02:45:42.149000,21,GANONDORF,False,3,2,0,True,3523
8220,2025-11-27 02:45:42.260000,4484,WOLF,False,2,3,0,False,3523
8221,2025-11-27 02:47:42.510000,21,GANONDORF,False,1,3,0,False,3524
8222,2025-11-27 02:47:42.618000,4484,WOLF,False,3,1,0,True,3524
8223,2025-11-27 02:51:18.517000,21,GANONDORF,False,1,2,0,False,3525
8224,2025-11-27 02:51:18.585000,4484,WOLF,False,2,1,0,True,3525
8225,2025-11-27 02:54:30.419000,21,GANONDORF,False,3,2,0,True,3526
8226,2025-11-27 02:54:30.517000,4484,WOLF,False,2,3,0,False,3526
8227,2025-11-27 02:56:13.912000,21,GANONDORF,False,0,3,0,False,3527
8229,2025-11-27 03:01:58.180000,21,GANONDORF,False,3,2,0,True,3528
8230,2025-11-27 03:01:58.282000,4484,WOLF,False,2,3,0,False,3528
8231,2025-11-27 03:06:42.482000,21,GANONDORF,False,2,2,0,True,3529
8232,2025-11-27 03:06:42.576000,4484,PYRA/MYTHRA,False,2,3,0,False,3529
8233,2025-11-27 03:10:54.321000,21,GANONDORF,False,2,2,0,True,3530
8234,2025-11-27 03:10:54.429000,4484,PYRA,False,2,3,0,False,3530
8235,2025-11-27 03:12:49.858000,21,GANONDORF,False,2,0,0,True,3531
8236,2025-11-27 03:12:49.943000,4484,PYRA / MYTHRA,False,0,3,0,False,3531
8237,2025-11-27 03:15:59.463000,21,GANONDORF,False,3,2,0,True,3532
8238,2025-11-27 03:15:59.574000,4484,ROY,False,2,3,0,False,3532
8239,2025-11-27 03:19:06.549000,21,GANONDORF,False,2,3,0,False,3533
8240,2025-11-27 03:19:06.635000,4484,ROY,False,3,2,0,True,3533
8241,2025-11-27 03:21:20.366000,21,GANONDORF,False,0,3,0,False,3534
8242,2025-11-27 03:21:20.454000,4484,ROY,False,3,1,0,True,3534
8243,2025-11-27 03:23:25.262000,21,GANONDORF,False,1,1,0,True,3535
8244,2025-11-27 03:23:25.340000,4484,ROY,False,0,2,1,False,3535
8245,2025-11-27 03:25:56.827000,21,GANONDORF,False,1,3,0,False,3536
8246,2025-11-27 03:25:56.921000,4484,ROY,False,3,1,0,True,3536
8247,2025-11-27 03:28:01.997000,21,GANONDORF,False,3,1,0,True,3537
8248,2025-11-27 03:28:02.103000,4484,ROY,False,1,3,0,False,3537
8249,2025-11-27 03:30:43.690000,21,GANONDORF,False,2,2,0,True,3538
8250,2025-11-27 03:30:43.774000,4484,ROY,False,2,3,0,False,3538
8251,2025-11-27 03:33:19.141000,21,GANONDORF,False,1,3,0,False,3539
8252,2025-11-27 03:33:19.259000,4484,ROY,False,2,1,0,True,3539
8253,2025-11-27 03:36:23.532000,21,GANONDORF,False,2,3,0,False,3540
8254,2025-11-27 03:36:23.620000,4484,ROY,False,3,2,0,True,3540
8255,2025-11-27 03:39:06.973000,21,GANONDORF,False,2,2,0,True,3541
8256,2025-11-27 03:39:07.075000,4484,ROY,False,2,2,1,False,3541
8257,2025-11-27 03:41:31.539000,21,GANONDORF,False,2,3,0,False,3542
8258,2025-11-27 03:41:31.625000,4484,ROY,False,3,2,0,True,3542
8259,2025-11-27 03:43:29.856000,21,GANONDORF,False,3,1,0,True,3543
8260,2025-11-27 03:43:29.938000,4484,ROY,False,0,3,0,False,3543
8261,2025-11-27 03:46:09.625000,21,GANONDORF,False,3,2,0,True,3544
8262,2025-11-27 03:46:09.707000,4484,ROY,False,2,3,0,False,3544
8263,2025-11-27 03:49:52.700000,21,GANONDORF,False,2,3,0,False,3545
8264,2025-11-27 03:49:52.770000,4484,ROY,False,3,2,0,True,3545
8265,2025-11-27 03:53:05.517000,54,GANONDORF,False,1,3,0,False,3546
8266,2025-11-27 03:53:05.621000,4484,ROY,False,2,1,0,True,3546
8228,2025-11-27 02:56:14.010000,4484,WOLF,False,3,0,0,True,3527
8267,2025-11-27 03:55:30.973000,54,GANONDORF,False,3,1,0,True,3547
8268,2025-11-27 03:55:31.057000,4484,ROY,False,1,3,0,False,3547
8269,2025-11-27 03:58:21.692000,54,GANONDORF,False,3,1,0,True,3548
8270,2025-11-27 03:58:21.788000,4484,ROY,False,1,3,0,False,3548
8271,2025-11-27 04:02:00.713000,54,GANONDORF,False,3,2,0,True,3549
8272,2025-11-27 04:02:00.804000,4484,ROY,False,2,3,0,False,3549
8273,2025-11-27 04:05:04.010000,21,GANONDORF,False,3,1,0,True,3550
8274,2025-11-27 04:05:04.131000,54,GANONDORF,False,0,3,0,False,3550
8275,2025-11-27 04:07:05.784000,21,GANONDORF,False,3,1,0,True,3551
8276,2025-11-27 04:07:05.881000,54,GANONDORF,False,1,3,0,False,3551
8277,2025-11-27 04:11:23.123000,21,GANONDORF,False,3,2,0,True,3552
8278,2025-11-27 04:11:23.238000,54,GANONDORF,False,2,3,0,False,3552
8279,2025-11-27 04:15:48.355000,21,INCINEROAR,False,3,2,0,True,3553
8280,2025-11-27 04:15:48.449000,4484,ROY,False,2,3,0,False,3553
8281,2025-11-27 04:18:17.746000,21,INCINEROAR,False,3,1,0,True,3554
8282,2025-11-27 04:18:17.854000,4484,ROY,False,1,3,0,False,3554
8283,2025-11-27 04:21:02.940000,61,FALCO,False,0,3,0,False,3555
8284,2025-11-27 04:21:03.052000,21,INCINEROAR,False,3,0,0,True,3555
8285,2025-11-27 04:26:15.159000,54,STEVE,False,2,3,0,False,3556
8286,2025-11-27 04:26:15.304000,21,INCINEROAR,False,3,2,0,True,3556
8287,2025-11-27 04:30:47.020000,4484,WOLF,False,3,2,0,True,3557
8288,2025-11-27 04:30:47.098000,21,INCINEROAR,False,2,3,0,False,3557
8289,2025-11-27 04:35:25.581000,61,NESS,False,3,2,0,True,3558
8290,2025-11-27 04:35:25.670000,4484,ROY,False,2,3,0,False,3558
8291,2025-11-27 04:45:03.926000,54,STEVE,False,3,2,0,True,3559
8292,2025-11-27 04:45:04.047000,21,INCINEROAR,False,2,3,0,False,3559
8293,2025-11-27 04:47:45.510000,54,INCINEROAR,False,3,1,0,True,3560
8294,2025-11-27 04:47:45.589000,4484,ROY,False,1,3,0,False,3560
8295,2025-11-27 04:51:39.020000,61,CLOUD,False,1,3,0,False,3561
8296,2025-11-27 04:51:39.100000,54,JOKER,False,3,1,0,True,3561
8297,2025-11-27 04:56:37.543000,54,STEVE,False,2,3,0,False,3562
8298,2025-11-27 04:56:37.633000,21,INCINEROAR,False,3,2,0,True,3562
8299,2025-11-27 04:59:14.589000,4484,POKÉMON TRAINER,False,0,3,0,False,3563
8300,2025-11-27 04:59:14.669000,21,INCINEROAR,False,3,1,0,True,3563
8301,2025-11-27 05:02:59.721000,61,NESS,False,2,3,0,False,3564
8302,2025-11-27 05:02:59.837000,21,INCINEROAR,False,3,2,0,True,3564
8303,2025-11-27 05:06:25.583000,54,KING K. ROOL,False,2,3,0,False,3565
8304,2025-11-27 05:06:25.670000,21,INCINEROAR,False,3,2,0,True,3565
8305,2025-11-27 05:11:33.486000,61,FALCO,False,0,0,0,False,3566
8306,2025-11-27 05:11:33.555000,54,JOKER,False,3,3,0,False,3566
8307,2025-11-27 05:11:33.637000,21,GANONDORF,False,6,2,0,True,3566
8308,2025-11-27 05:11:33.709000,4484,WII FIT TRAINER,False,0,2,0,True,3566
8309,2025-11-27 05:14:44.751000,61,CLOUD,False,0,0,0,False,3567
8310,2025-11-27 05:14:44.851000,54,JOKER,False,0,0,0,True,3567
8311,2025-11-27 05:14:44.959000,21,GANONDORF,False,0,0,0,False,3567
8312,2025-11-27 05:14:45.051000,4484,ROY,False,0,0,0,False,3567
8313,2025-11-27 05:22:33.553000,61,FALCO,False,3,2,0,False,3568
8314,2025-11-27 05:22:33.640000,54,JOKER,False,1,2,0,False,3568
8315,2025-11-27 05:22:33.723000,21,GANONDORF,False,3,1,0,True,3568
8316,2025-11-27 05:22:33.813000,4484,ROY,False,1,3,0,True,3568
8317,2025-11-27 05:27:01.636000,61,NESS,False,2,2,0,True,3569
8318,2025-11-27 05:27:01.758000,54,KING K. ROOL,False,3,2,0,True,3569
8319,2025-11-27 05:27:01.857000,21,GANONDORF,False,1,2,0,False,3569
8320,2025-11-27 05:27:01.958000,4484,ROY,False,3,3,0,False,3569
8321,2025-11-27 05:30:51.521000,61,PYRA,False,2,2,0,True,3570
8322,2025-11-27 05:30:51.601000,54,KING K. ROOL,False,3,2,0,True,3570
8323,2025-11-27 05:30:51.681000,21,GANONDORF,False,2,2,1,False,3570
8324,2025-11-27 05:30:51.756000,4484,RIDLEY,False,0,2,2,False,3570
8325,2025-11-27 05:34:08.051000,61,PYRA/MYTHRA,False,2,1,0,True,3571
8326,2025-11-27 05:34:08.170000,54,KING K. ROOL,False,3,1,0,True,3571
8327,2025-11-27 05:34:08.275000,21,GANONDORF,False,2,3,0,False,3571
9614,2026-01-21 17:37:08.293000,39,DONKEY KONG,False,2,3,0,False,4128
8329,2025-11-27 05:39:01.522000,61,MYTHRA/PYRA,False,1,2,0,True,3572
8330,2025-11-27 05:39:01.623000,54,KING K. ROOL,False,4,2,0,True,3572
8331,2025-11-27 05:39:01.707000,21,MR. GAME & WATCH,False,2,3,0,False,3572
8332,2025-11-27 05:39:01.803000,4484,KING K. ROOL,False,0,1,1,False,3572
8333,2025-11-27 05:43:18.399000,61,MYTHRA/PYRA,False,4,2,0,True,3573
8334,2025-11-27 05:43:18.526000,54,KING K. ROOL,False,2,3,0,True,3573
8335,2025-11-27 05:43:18.621000,21,MR. GAME & WATCH,False,4,3,0,False,3573
8336,2025-11-27 05:43:18.701000,4484,KING K. ROOL,False,1,3,0,False,3573
8337,2025-11-27 05:46:59.117000,61,PYRA,False,2,1,0,True,3574
8338,2025-11-27 05:46:59.213000,54,LINK,False,1,1,0,True,3574
8339,2025-11-27 05:46:59.307000,21,MR. GAME & WATCH,False,1,2,0,False,3574
8340,2025-11-27 05:46:59.404000,4484,DUCK HUNT,False,0,3,0,False,3574
8341,2025-11-27 05:54:35.839000,61,PYRA,False,3,3,0,True,3575
8342,2025-11-27 05:54:35.954000,54,LINK,False,3,2,1,True,3575
8343,2025-11-27 05:54:36.053000,21,MR. GAME & WATCH,False,4,3,0,False,3575
8344,2025-11-27 05:54:36.142000,4484,PIT,False,0,3,0,False,3575
8345,2025-11-27 06:04:49.415000,61,MYTHRA/PYRA,False,1,3,0,False,3576
8346,2025-11-27 06:04:49.558000,54,LINK,False,1,3,0,False,3576
8347,2025-11-27 06:04:49.688000,21,ZELDA,False,5,1,1,True,3576
8348,2025-11-27 06:04:49.818000,22,CAPTAIN FALCON,False,4,3,0,True,3576
8349,2025-11-27 06:10:13.254000,61,MYTHRA/PYRA,False,3,3,0,False,3577
8350,2025-11-27 06:10:13.343000,54,JOKER,False,2,3,1,False,3577
9615,2026-01-21 17:37:08.293000,23,KIRBY,False,0,1,0,True,4128
8352,2025-11-27 06:10:13.499000,22,CAPTAIN FALCON,False,1,3,0,True,3577
8353,2025-11-27 06:14:55.079000,61,FALCO,False,1,3,0,True,3578
8354,2025-11-27 06:14:55.167000,54,KING K. ROOL,False,3,2,0,True,3578
8355,2025-11-27 06:14:55.267000,21,ZELDA,False,2,2,2,False,3578
8356,2025-11-27 06:14:55.354000,22,CAPTAIN FALCON,False,3,4,0,False,3578
8357,2025-11-27 06:18:27.056000,61,LUCINA,False,3,2,0,True,3579
8358,2025-11-27 06:18:27.149000,54,STEVE,False,3,2,0,True,3579
8359,2025-11-27 06:18:27.232000,21,ZELDA,False,3,3,0,False,3579
8360,2025-11-27 06:18:27.322000,22,DONKEY KONG,False,1,3,0,False,3579
8361,2025-11-27 06:22:24.059000,61,NESS,False,2,2,0,True,3580
8362,2025-11-27 06:22:24.177000,54,STEVE,False,3,3,1,True,3580
8363,2025-11-27 06:22:24.284000,21,ZELDA,False,4,2,0,False,3580
8364,2025-11-27 06:22:24.397000,22,DONKEY KONG,False,3,3,0,False,3580
8365,2025-11-27 06:26:58.516000,61,CLOUD,False,4,2,0,True,3581
8367,2025-11-27 06:26:58.710000,21,ZELDA,False,4,2,0,False,3581
8368,2025-11-27 06:26:58.797000,22,DONKEY KONG,False,0,4,0,False,3581
8369,2025-11-27 06:32:49.084000,61,LUCINA,False,4,2,0,True,3582
8370,2025-11-27 06:32:49.206000,54,SAMUS,False,1,3,0,True,3582
8371,2025-11-27 06:32:49.310000,21,ZELDA,False,1,3,1,False,3582
8372,2025-11-27 06:32:49.435000,22,ENDERMAN,False,1,3,0,False,3582
8373,2025-11-27 06:39:18.170000,61,CLOUD,False,1,2,0,False,3583
8374,2025-11-27 06:39:18.259000,54,JOKER,False,3,4,0,False,3583
8375,2025-11-27 06:39:18.331000,21,ZELDA,False,6,2,1,True,3583
8376,2025-11-27 06:39:18.416000,22,ENDERMAN,False,0,3,0,True,3583
8377,2025-11-27 06:41:37.481000,54,STEVE,False,3,0,0,True,3584
8378,2025-11-27 06:41:37.575000,21,ZELDA,False,0,3,0,False,3584
8379,2025-11-27 06:45:47.751000,54,STEVE,False,1,3,0,False,3585
8380,2025-11-27 06:45:47.849000,21,ZELDA,False,2,1,0,True,3585
8381,2025-11-27 06:49:28.841000,54,STEVE,False,0,3,0,False,3586
8382,2025-11-27 06:49:28.945000,21,ZELDA,False,3,0,0,True,3586
8383,2025-11-27 06:58:26.163000,21,ZELDA,False,3,2,0,True,3587
8384,2025-11-27 06:58:26.259000,39,SORA,False,2,3,0,False,3587
8385,2025-11-27 07:01:56.849000,21,ZELDA,False,3,1,0,True,3588
8386,2025-11-27 07:01:56.943000,39,SORA,False,1,3,0,False,3588
8387,2025-11-27 07:04:45.277000,21,ZELDA,False,3,1,0,True,3589
8388,2025-11-27 07:04:45.382000,39,DONKEY KONG,False,1,3,0,False,3589
8389,2025-11-27 07:07:51.196000,21,ZELDA,False,3,2,0,True,3590
8390,2025-11-27 07:07:51.317000,39,DONKEY KONG,False,2,3,0,False,3590
8391,2025-11-27 07:12:11.469000,21,ZELDA,False,3,2,0,True,3591
8392,2025-11-27 07:12:11.564000,39,DONKEY KONG,False,2,3,0,False,3591
8393,2025-11-27 07:15:29.930000,21,ZELDA,False,3,1,0,True,3592
8394,2025-11-27 07:15:30.023000,39,DONKEY KONG,False,1,3,0,False,3592
8395,2025-11-27 22:27:15.325000,88,YOSHI,False,3,2,0,True,3593
8396,2025-11-27 22:27:15.512000,4484,POKÉMON TRAINER,False,2,3,0,False,3593
8397,2025-11-27 22:30:52.249000,88,LINK,False,1,3,0,False,3594
8398,2025-11-27 22:30:52.398000,4484,WOLF,False,3,1,0,True,3594
8399,2025-11-27 22:35:07.816000,88,YOSHI,False,2,3,0,False,3595
8400,2025-11-27 22:35:07.898000,4484,WOLF,False,3,2,0,True,3595
8401,2025-11-27 22:39:59.240000,4484,WOLF,False,2,3,0,False,3596
8402,2025-11-27 22:39:59.360000,39,SORA,False,3,2,0,True,3596
8403,2025-11-27 22:45:01.113000,4484,PALUTENA,False,2,3,0,False,3597
8404,2025-11-27 22:45:01.200000,39,DONKEY KONG,False,3,2,0,True,3597
8405,2025-11-27 22:49:18.818000,21,GANONDORF,False,6,2,0,True,3598
8406,2025-11-27 22:49:18.904000,4484,CAPTAIN FALCON,False,3,3,0,False,3598
8407,2025-11-27 22:49:19.006000,39,SORA,False,2,2,0,False,3598
8408,2025-11-27 22:49:19.101000,88,IKE,False,2,3,0,False,3598
8409,2025-11-27 22:49:19.191000,22,DONKEY KONG,False,1,2,0,False,3598
8410,2025-11-27 22:54:16.488000,21,GANONDORF,False,3,3,0,False,3599
8411,2025-11-27 22:54:16.577000,4484,CAPTAIN FALCON,False,0,3,0,False,3599
8412,2025-11-27 22:54:16.656000,39,SORA,False,3,3,0,False,3599
8413,2025-11-27 22:54:16.755000,88,LUCAS,False,5,2,0,True,3599
8414,2025-11-27 22:54:16.834000,22,CAPTAIN FALCON,False,0,3,0,False,3599
8415,2025-11-27 22:59:18.462000,21,GANONDORF,False,0,3,0,False,3600
8416,2025-11-27 22:59:18.538000,4484,RIDLEY,False,3,2,0,False,3600
8417,2025-11-27 22:59:18.619000,39,DONKEY KONG,False,5,2,0,True,3600
8418,2025-11-27 22:59:18.694000,88,LUCAS,False,3,3,0,False,3600
8419,2025-11-27 22:59:18.776000,22,CAPTAIN FALCON,False,1,3,0,False,3600
8420,2025-11-27 22:59:18.859000,77,JOKER,False,3,3,0,False,3600
8421,2025-11-27 23:04:04.075000,21,GANONDORF,False,1,3,0,False,3601
8422,2025-11-27 23:04:04.207000,4484,CAPTAIN FALCON,False,3,3,2,True,3601
8423,2025-11-27 23:04:04.321000,39,DONKEY KONG,False,1,3,0,False,3601
8424,2025-11-27 23:04:04.413000,88,YOSHI,False,2,2,1,True,3601
8426,2025-11-27 23:04:04.615000,77,JOKER,False,0,3,0,False,3601
8427,2025-11-27 23:08:55.457000,21,MR. GAME & WATCH,False,0,2,0,True,3602
8428,2025-11-27 23:08:55.551000,4484,CAPTAIN FALCON,False,1,2,0,False,3602
8429,2025-11-27 23:08:55.660000,39,SORA,False,5,1,1,True,3602
8430,2025-11-27 23:08:55.749000,88,CAPTAIN FALCON,False,0,3,1,False,3602
8431,2025-11-27 23:08:55.847000,22,CAPTAIN FALCON,False,0,3,0,False,3602
8432,2025-11-27 23:08:55.961000,77,JOKER,False,0,2,0,True,3602
8433,2025-11-27 23:14:18.141000,21,GANONDORF,False,3,2,0,True,3603
8434,2025-11-27 23:14:18.241000,4484,CAPTAIN FALCON,False,3,2,0,False,3603
8435,2025-11-27 23:14:18.313000,39,SORA,False,1,2,0,True,3603
8436,2025-11-27 23:14:18.393000,88,IKE,False,0,3,0,False,3603
8437,2025-11-27 23:14:18.478000,22,CAPTAIN FALCON,False,1,4,0,False,3603
8438,2025-11-27 23:14:18.575000,77,JOKER,False,4,1,1,True,3603
8439,2025-11-27 23:18:41.639000,21,GANONDORF,False,5,2,1,True,3604
8440,2025-11-27 23:18:41.715000,4484,CLOUD,False,3,3,1,False,3604
8441,2025-11-27 23:18:41.794000,39,DONKEY KONG,False,1,3,0,True,3604
8442,2025-11-27 23:18:41.880000,88,YOSHI,False,2,2,1,False,3604
8443,2025-11-27 23:18:41.949000,22,CAPTAIN FALCON,False,0,3,0,False,3604
8444,2025-11-27 23:18:42.026000,77,JOKER,False,1,2,0,True,3604
8445,2025-11-27 23:24:04.748000,21,MR. GAME & WATCH,False,3,2,0,True,3605
8446,2025-11-27 23:24:04.832000,4484,WOLF,False,2,3,0,False,3605
8447,2025-11-27 23:28:35.124000,21,GANONDORF,False,4,2,0,True,3606
8448,2025-11-27 23:28:35.205000,4484,WOLF,False,4,3,0,False,3606
8449,2025-11-27 23:28:35.290000,22,CAPTAIN FALCON,False,0,3,0,False,3606
8450,2025-11-27 23:35:27.925000,21,GANONDORF,False,5,2,0,True,3607
8425,2025-11-27 23:04:04.515000,22,CAPTAIN FALCON,False,4,1,1,True,3601
8451,2025-11-27 23:35:28.048000,22,CAPTAIN FALCON,False,0,3,0,False,3607
8452,2025-11-27 23:35:28.143000,88,LUCAS,False,3,3,0,False,3607
8453,2025-11-27 23:38:54.630000,21,GANONDORF,False,3,1,0,True,3608
8454,2025-11-27 23:38:54.738000,22,CAPTAIN FALCON,False,1,3,0,False,3608
8455,2025-11-27 23:38:54.825000,88,IKE,False,3,3,0,False,3608
8456,2025-11-27 23:47:02.540000,21,GANONDORF,False,3,3,0,False,3609
8457,2025-11-27 23:47:02.630000,39,DONKEY KONG,False,4,3,0,True,3609
8458,2025-11-27 23:47:02.729000,22,CAPTAIN FALCON,False,2,3,0,False,3609
8460,2025-11-27 23:51:09.718000,21,GANONDORF,False,6,2,0,True,3610
8461,2025-11-27 23:51:09.822000,39,DONKEY KONG,False,1,4,0,False,3610
8462,2025-11-27 23:51:09.932000,22,CAPTAIN FALCON,False,0,2,0,True,3610
8463,2025-11-27 23:51:10.026000,88,YOSHI,False,3,2,0,False,3610
8464,2025-11-28 00:00:04.896000,21,GANONDORF,False,3,2,1,True,3611
8465,2025-11-28 00:00:04.995000,39,SORA,False,2,3,1,False,3611
8466,2025-11-28 00:00:05.105000,22,CAPTAIN FALCON,False,2,2,0,True,3611
8467,2025-11-28 00:00:05.216000,88,BYLETH,False,2,3,0,False,3611
8468,2025-11-28 00:04:20.621000,21,ZELDA,False,3,2,1,True,3612
8469,2025-11-28 00:04:20.753000,39,DONKEY KONG,False,2,2,0,False,3612
8470,2025-11-28 00:04:20.872000,22,CAPTAIN FALCON,False,2,2,0,True,3612
8471,2025-11-28 00:04:21.008000,88,PIKACHU,False,0,2,0,False,3612
8472,2025-11-28 00:08:39.680000,21,PIRANHA PLANT,False,1,3,0,False,3613
8473,2025-11-28 00:08:39.776000,39,LUCINA,False,3,2,0,True,3613
8474,2025-11-28 00:08:39.871000,22,CAPTAIN FALCON,False,1,3,0,False,3613
8475,2025-11-28 00:08:39.950000,88,MARIO,False,3,1,1,True,3613
8476,2025-11-28 00:11:19.850000,21,GANONDORF,False,5,2,0,True,3614
8477,2025-11-28 00:11:19.934000,22,CAPTAIN FALCON,False,2,3,0,False,3614
8478,2025-11-28 00:11:20.002000,88,MARIO,False,1,3,0,False,3614
8479,2025-11-28 00:17:00.803000,21,GANONDORF,False,4,2,0,True,3615
8480,2025-11-28 00:17:00.887000,22,CAPTAIN FALCON,False,3,3,0,False,3615
8481,2025-11-28 00:17:00.964000,88,STEVE,False,0,2,1,False,3615
8482,2025-11-28 00:21:16.724000,21,ENDERMAN,False,1,3,0,False,3616
8483,2025-11-28 00:21:16.820000,22,CAPTAIN FALCON,False,1,3,0,False,3616
8484,2025-11-28 00:21:16.908000,88,ISABELLE,False,3,1,0,True,3616
8485,2025-11-28 00:25:41.107000,21,ENDERMAN,False,1,3,0,False,3617
8486,2025-11-28 00:25:41.207000,22,DONKEY KONG,False,3,3,0,False,3617
8487,2025-11-28 00:25:41.281000,88,ISABELLE,False,3,1,0,True,3617
8488,2025-11-28 00:29:34.118000,21,ENDERMAN,False,3,3,0,False,3618
8489,2025-11-28 00:29:34.210000,22,DONKEY KONG,False,0,3,0,False,3618
8490,2025-11-28 00:29:34.287000,88,ISABELLE,False,5,2,0,True,3618
8491,2025-11-28 00:35:19.938000,21,ENDERMAN,False,0,0,0,False,3619
8492,2025-11-28 00:35:20.044000,22,CAPTAIN FALCON,False,0,0,0,True,3619
8493,2025-11-28 00:35:20.158000,88,ISABELLE,False,0,0,0,False,3619
8494,2025-11-28 04:17:04.345000,22,CAPTAIN FALCON,False,1,3,0,False,3620
8495,2025-11-28 04:17:04.514000,39,SORA,False,1,2,1,False,3620
8496,2025-11-28 04:17:04.665000,88,YOSHI,False,6,2,0,True,3620
8497,2025-11-28 04:17:04.800000,4484,FOX,False,0,3,0,False,3620
8498,2025-11-28 04:17:04.928000,74,MARIO,False,0,0,0,False,3620
8499,2025-11-28 04:17:05.043000,21,GANONDORF,False,4,3,0,False,3620
8500,2025-11-28 04:21:02.145000,22,CAPTAIN FALCON,False,3,2,1,True,3621
8501,2025-11-28 04:21:02.291000,39,DONKEY KONG,False,4,1,1,True,3621
8502,2025-11-28 04:21:02.413000,88,YOSHI,False,1,2,0,True,3621
8503,2025-11-28 04:21:02.538000,4484,ROY,False,0,3,0,False,3621
8504,2025-11-28 04:21:02.665000,74,MYTHRA/PYRA,False,1,3,0,False,3621
8505,2025-11-28 04:21:02.781000,21,GANONDORF,False,2,3,1,False,3621
8506,2025-11-28 04:27:04.870000,22,CAPTAIN FALCON,False,0,3,0,False,3622
8507,2025-11-28 04:27:04.987000,39,DONKEY KONG,False,3,3,1,False,3622
8508,2025-11-28 04:27:05.096000,88,YOSHI,False,3,3,0,False,3622
8509,2025-11-28 04:27:05.212000,4484,RIDLEY,False,3,3,0,True,3622
8510,2025-11-28 04:27:05.328000,74,MARIO,False,2,1,0,True,3622
8511,2025-11-28 04:27:05.424000,21,GANONDORF,False,3,2,0,True,3622
8512,2025-11-28 04:32:59.831000,22,CAPTAIN FALCON,False,5,2,0,True,3623
8513,2025-11-28 04:33:00.016000,39,SORA,False,3,2,0,True,3623
8514,2025-11-28 04:33:00.089000,88,YOSHI,False,1,2,0,True,3623
8515,2025-11-28 04:33:00.167000,4484,CORRIN,False,2,2,0,False,3623
8516,2025-11-28 04:33:00.254000,74,MARIO,False,1,3,0,False,3623
8517,2025-11-28 04:33:00.369000,21,GANONDORF,False,2,2,0,False,3623
8518,2025-11-28 04:38:41.429000,22,CAPTAIN FALCON,False,3,2,0,True,3624
8519,2025-11-28 04:38:41.520000,39,SORA,False,3,3,1,True,3624
8520,2025-11-28 04:38:41.607000,88,LUCAS,False,3,2,0,True,3624
8521,2025-11-28 04:38:41.701000,4484,JOKER,False,2,4,0,False,3624
8522,2025-11-28 04:38:41.779000,74,MARIO,False,1,2,0,False,3624
8523,2025-11-28 04:38:41.891000,21,GANONDORF,False,3,3,0,False,3624
8524,2025-11-28 04:45:23.602000,22,CAPTAIN FALCON,False,1,3,1,True,3625
8525,2025-11-28 04:45:23.752000,39,SORA,False,4,2,0,True,3625
8526,2025-11-28 04:45:23.839000,88,LUCAS,False,3,3,2,True,3625
8527,2025-11-28 04:45:23.921000,4484,JOKER,False,1,3,1,False,3625
8528,2025-11-28 04:45:24.013000,74,MARIO,False,2,3,0,False,3625
8529,2025-11-28 04:45:24.093000,21,ZELDA,False,0,3,0,False,3625
8530,2025-11-28 04:50:09.386000,22,ENDERMAN,False,2,3,1,False,3626
8531,2025-11-28 04:50:09.488000,39,DONKEY KONG,False,1,3,1,False,3626
8532,2025-11-28 04:50:09.564000,88,YOSHI,False,1,3,0,False,3626
8533,2025-11-28 04:50:09.643000,4484,JOKER,False,2,1,1,True,3626
8534,2025-11-28 04:50:09.719000,74,MARIO,False,1,2,0,True,3626
8535,2025-11-28 04:50:09.792000,21,GANONDORF,False,2,1,0,True,3626
8536,2025-11-28 04:56:13.215000,22,CAPTAIN FALCON,False,0,3,0,False,3627
8537,2025-11-28 04:56:13.336000,39,DONKEY KONG,False,1,2,1,False,3627
8538,2025-11-28 04:56:13.461000,88,YOSHI,False,4,3,0,False,3627
8539,2025-11-28 04:56:13.574000,4484,JOKER,False,3,2,1,True,3627
8540,2025-11-28 04:56:13.691000,74,MARIO,False,0,2,0,True,3627
8541,2025-11-28 04:56:13.810000,21,INCINEROAR,False,5,2,0,True,3627
8542,2025-11-28 05:02:02.278000,22,ENDERMAN,False,3,1,0,True,3628
8543,2025-11-28 05:02:02.384000,39,SORA,False,2,2,1,True,3628
8544,2025-11-28 05:02:02.476000,88,LINK,False,4,3,1,True,3628
8545,2025-11-28 05:02:02.559000,4484,JOKER,False,2,3,0,False,3628
8546,2025-11-28 05:02:02.638000,74,MARIO,False,0,3,0,False,3628
8547,2025-11-28 05:02:02.721000,21,GANONDORF,False,2,3,0,False,3628
8548,2025-11-28 05:07:19.878000,22,CAPTAIN FALCON,False,0,3,0,False,3629
8549,2025-11-28 05:07:19.978000,39,DONKEY KONG,False,1,3,0,False,3629
8550,2025-11-28 05:07:20.061000,88,LINK,False,2,3,0,False,3629
9616,2026-01-21 17:41:33.899000,9157,SEPHIROTH,False,2,3,0,False,4129
9617,2026-01-21 17:41:33.899000,104,ZELDA,False,4,2,1,True,4129
8553,2025-11-28 05:07:20.310000,21,INCINEROAR,False,6,2,2,True,3629
8554,2025-11-28 05:10:53.815000,22,CAPTAIN FALCON,False,2,4,0,False,3630
8555,2025-11-28 05:10:53.918000,39,DONKEY KONG,False,3,3,0,False,3630
8556,2025-11-28 05:10:54.008000,88,YOSHI,False,1,2,1,False,3630
8557,2025-11-28 05:10:54.095000,4484,CLOUD,False,3,2,0,True,3630
8558,2025-11-28 05:10:54.222000,74,PYRA/MYTHRA,False,2,1,0,True,3630
8559,2025-11-28 05:10:54.328000,21,INCINEROAR,False,3,3,0,True,3630
8560,2025-11-28 05:16:17.956000,22,ENDERMAN,False,4,1,1,True,3631
8561,2025-11-28 05:16:18.049000,39,SORA,False,2,2,0,True,3631
8562,2025-11-28 05:16:18.130000,88,LINK,False,3,2,0,True,3631
8563,2025-11-28 05:16:18.226000,4484,CLOUD,False,1,3,0,False,3631
8564,2025-11-28 05:16:18.314000,74,PYRA/MYTHRA,False,1,3,0,False,3631
8565,2025-11-28 05:16:18.400000,21,INCINEROAR,False,2,3,0,False,3631
9618,2026-01-21 17:41:33.899000,39,SORA,False,1,3,1,False,4129
9619,2026-01-21 17:41:33.899000,23,KIRBY,False,1,2,0,True,4129
8568,2025-11-28 05:21:33.475000,88,LINK,False,3,2,1,True,3632
8571,2025-11-28 05:21:33.766000,21,INCINEROAR,False,2,2,1,False,3632
8572,2025-11-28 05:27:35.541000,22,ENDERMAN,False,1,3,1,False,3633
8573,2025-11-28 05:27:35.637000,39,SORA,False,3,3,0,False,3633
8574,2025-11-28 05:27:35.724000,88,LINK,False,2,3,2,False,3633
8575,2025-11-28 05:27:35.810000,4484,KING K. ROOL,False,3,2,0,True,3633
8576,2025-11-28 05:27:35.905000,74,PYRA/MYTHRA,False,2,3,0,True,3633
8577,2025-11-28 05:27:35.992000,21,INCINEROAR,False,1,2,1,True,3633
8578,2025-11-28 05:33:02.693000,22,ENDERMAN,False,5,2,0,True,3634
8579,2025-11-28 05:33:02.780000,39,SORA,False,0,3,0,True,3634
8580,2025-11-28 05:33:02.852000,88,LINK,False,2,3,0,True,3634
8581,2025-11-28 05:33:02.932000,4484,KING K. ROOL,False,1,3,2,False,3634
8582,2025-11-28 05:33:03.001000,74,PYRA/MYTHRA,False,4,3,0,False,3634
8583,2025-11-28 05:33:03.076000,21,ZELDA,False,3,3,0,False,3634
8584,2025-11-28 05:37:33.008000,22,ENDERMAN,False,2,3,0,False,3635
8585,2025-11-28 05:37:33.103000,39,SORA,False,2,3,0,False,3635
8586,2025-11-28 05:37:33.204000,88,LINK,False,1,3,0,False,3635
8587,2025-11-28 05:37:33.293000,4484,LITTLE MAC,False,0,0,0,True,3635
8588,2025-11-28 05:37:33.398000,74,PYRA/MYTHRA,False,4,1,1,True,3635
8589,2025-11-28 05:37:33.486000,21,ZELDA,False,3,3,1,True,3635
8590,2025-11-28 05:44:43.811000,22,ENDERMAN,False,0,0,0,False,3636
8591,2025-11-28 05:44:43.915000,39,DONKEY KONG,False,0,0,0,False,3636
8592,2025-11-28 05:44:44.022000,88,YOSHI,False,0,0,0,False,3636
8593,2025-11-28 05:44:44.118000,4484,LITTLE MAC,False,0,0,0,False,3636
8594,2025-11-28 05:44:44.240000,74,PYRA/MYTHRA,False,0,0,0,False,3636
8595,2025-11-28 05:44:44.356000,21,GANONDORF,False,0,0,0,False,3636
8596,2025-11-28 05:44:44.468000,38,JOKER,False,0,0,0,True,3636
8597,2025-11-28 05:49:38.293000,22,CAPTAIN FALCON,False,0,3,0,False,3637
8598,2025-11-28 05:49:38.394000,4484,LITTLE MAC,False,3,2,0,True,3637
8599,2025-11-28 05:49:38.583000,74,MYTHRA/PYRA,False,0,0,1,True,3637
8600,2025-11-28 05:49:38.682000,21,GANONDORF,False,0,4,1,True,3637
8601,2025-11-28 05:49:38.777000,38,JOKER,False,2,2,1,False,3637
8602,2025-11-28 05:55:56.810000,22,CAPTAIN FALCON,False,1,2,0,True,3638
8603,2025-11-28 05:55:56.921000,4484,LITTLE MAC,False,0,4,1,False,3638
8604,2025-11-28 05:55:57.001000,74,MYTHRA/PYRA,False,1,3,1,False,3638
8605,2025-11-28 05:55:57.089000,21,MR. GAME & WATCH,False,4,2,2,False,3638
8606,2025-11-28 05:55:57.168000,38,JOKER,False,4,3,0,True,3638
8607,2025-11-28 06:00:35.687000,22,ENDERMAN,False,0,3,0,False,3639
8608,2025-11-28 06:00:35.808000,4484,DIDDY KONG,False,3,1,1,True,3639
8609,2025-11-28 06:00:35.911000,74,MARIO,False,1,1,0,True,3639
8610,2025-11-28 06:00:36.019000,21,MR. GAME & WATCH,False,0,0,0,True,3639
8611,2025-11-28 06:00:36.117000,38,GANONDORF,False,2,3,0,False,3639
8612,2025-11-28 06:04:13.156000,21,MR. GAME & WATCH,False,1,3,0,False,3640
8613,2025-11-28 06:04:13.227000,38,JOKER,False,3,1,0,True,3640
8614,2025-11-28 06:13:48.184000,21,MR. GAME & WATCH,False,2,3,0,False,3641
8615,2025-11-28 06:13:48.290000,38,JOKER,False,3,2,0,True,3641
8616,2025-11-28 06:17:59.067000,4484,WOLF,False,2,3,0,False,3642
8617,2025-11-28 06:17:59.151000,38,FOX,False,3,2,0,True,3642
8618,2025-11-28 06:21:22.623000,4484,WOLF,False,2,3,0,False,3643
8619,2025-11-28 06:21:22.705000,38,LUCINA,False,3,2,0,True,3643
8620,2025-11-28 06:28:18.654000,4484,WOLF,False,2,3,0,False,3644
8621,2025-11-28 06:28:18.759000,38,CHROM,False,3,2,0,True,3644
8622,2025-11-28 06:32:18.234000,21,ZELDA,False,2,3,0,False,3645
8623,2025-11-28 06:32:18.356000,38,PALUTENA,False,3,2,0,True,3645
8624,2025-11-28 06:35:13.781000,4484,YOUNG LINK,False,2,3,0,False,3646
8625,2025-11-28 06:35:13.912000,38,INCINEROAR,False,3,2,0,True,3646
8626,2025-11-28 06:38:43.910000,21,ZELDA,False,0,3,0,False,3647
8627,2025-11-28 06:38:44.035000,38,PALUTENA,False,3,1,0,True,3647
8628,2025-11-28 07:06:48.430000,21,ZELDA,False,2,3,0,False,3648
8629,2025-11-28 07:06:48.577000,38,CAPTAIN FALCON,False,3,2,0,True,3648
8630,2025-11-29 00:12:41.828000,4484,DIDDY KONG,False,1,3,0,False,3649
8631,2025-11-29 00:12:41.987000,38,LUIGI,False,3,1,0,True,3649
8632,2025-11-29 23:05:57.193000,678,DARK PIT,False,1,2,0,False,3650
8633,2025-11-29 23:05:57.417000,1112,NESS,False,3,1,0,True,3650
8552,2025-11-28 05:07:20.236000,74,MARIO,False,0,0,0,False,3629
8566,2025-11-28 05:21:33.295000,74,MARIO,False,0,0,0,False,3632
8634,2025-11-29 23:05:57.571000,6716,CAPTAIN FALCON,False,3,3,0,False,3650
8635,2025-12-02 02:25:13.025000,21,BOWSER,False,3,2,0,True,3651
8636,2025-12-02 02:25:13.247000,39,DONKEY KONG,False,2,3,0,False,3651
8637,2025-12-02 02:31:56.320000,21,BOWSER,False,3,2,0,True,3652
8638,2025-12-02 02:31:56.432000,39,SORA,False,2,3,0,False,3652
8639,2025-12-02 02:51:00.322000,21,BOWSER,False,2,2,1,False,3653
8640,2025-12-02 02:51:00.454000,104,SAMUS,False,2,2,0,True,3653
8641,2025-12-02 03:01:33.988000,21,BOWSER,False,2,3,0,False,3654
8642,2025-12-02 03:01:34.096000,104,SAMUS,False,3,2,0,True,3654
8643,2025-12-02 03:08:10.868000,21,BOWSER,False,3,2,0,True,3655
8644,2025-12-02 03:08:10.987000,104,KING DEDEDE,False,2,3,0,False,3655
8645,2025-12-02 03:10:52.839000,21,BOWSER,False,2,3,0,False,3656
8647,2025-12-02 03:21:22.960000,21,BOWSER,False,1,3,0,False,3657
8648,2025-12-02 03:21:23.083000,104,KING DEDEDE,False,3,1,0,True,3657
8649,2025-12-02 03:30:15.989000,21,BOWSER,False,3,2,0,True,3658
8650,2025-12-02 03:30:16.097000,104,ZELDA,False,2,3,0,False,3658
8651,2025-12-02 03:33:47.558000,21,BOWSER,False,3,2,0,True,3659
8652,2025-12-02 03:33:47.634000,104,ZELDA,False,2,3,0,False,3659
8653,2025-12-02 03:38:08.120000,21,BOWSER,False,2,3,0,False,3660
8654,2025-12-02 03:38:08.233000,104,ZELDA,False,3,2,0,True,3660
8655,2025-12-02 03:41:38.652000,21,BOWSER,False,3,2,0,True,3661
8656,2025-12-02 03:41:38.740000,104,ZELDA,False,2,3,0,False,3661
8657,2025-12-02 03:43:58.177000,21,BOWSER,False,2,3,0,False,3662
8658,2025-12-02 03:43:58.292000,104,ZELDA,False,3,0,0,True,3662
8078,2025-11-25 10:43:34.407000,21,MR. GAME & WATCH,False,2,3,0,False,3468
8205,2025-11-27 02:13:12.803000,21,GANONDORF,False,1,1,0,False,3517
8096,2025-11-26 01:15:11.298000,38,GANONDORF,False,3,0,0,True,3477
8351,2025-11-27 06:10:13.420000,21,ZELDA,False,4,2,0,True,3577
8366,2025-11-27 06:26:58.618000,54,WOLF,False,2,2,0,True,3581
8459,2025-11-27 23:47:02.814000,88,YOSHI,False,2,2,0,True,3609
8551,2025-11-28 05:07:20.159000,4484,CLOUD,False,2,1,1,True,3629
8646,2025-12-02 03:10:52.971000,104,KING DEDEDE,False,2,2,0,True,3656
8328,2025-11-27 05:34:08.363000,4484,RIDLEY,False,0,0,0,False,3571
8695,2025-12-06 09:10:47.627000,104,ZELDA,False,2,3,0,False,3681
8168,2025-11-27 01:29:47.717000,54,JOKER,False,0,0,0,False,3508
8696,2025-12-06 09:10:47.712000,21,MR. GAME & WATCH,False,3,2,0,True,3681
8567,2025-11-28 05:21:33.383000,4484,CLOUD,False,0,0,0,False,3632
8697,2025-12-06 09:11:53.450000,104,ZELDA,False,1,3,0,False,3682
8569,2025-11-28 05:21:33.581000,22,ENDERMAN,False,0,0,0,False,3632
8698,2025-12-06 09:11:53.521000,21,MR. GAME & WATCH,False,3,1,0,True,3682
8570,2025-11-28 05:21:33.681000,39,SORA,False,0,0,0,False,3632
8659,2025-12-02 02:28:13.247000,39,DONKEY KONG,False,2,3,0,False,3663
8660,2025-12-02 02:28:13.025000,21,BOWSER,False,3,2,0,True,3663
8661,2025-12-02 03:05:34.096000,104,SAMUS,False,2,3,0,False,3664
8662,2025-12-02 03:05:33.988000,21,BOWSER,False,3,2,0,True,3664
8663,2025-12-06 08:42:03.183000,104,SAMUS,False,3,0,0,True,3665
8664,2025-12-06 08:42:03.379000,21,ZELDA,False,0,3,0,False,3665
8665,2025-12-06 08:45:07.340000,104,SAMUS,False,2,3,0,False,3666
8666,2025-12-06 08:45:07.430000,21,ZELDA,False,3,2,0,True,3666
8667,2025-12-06 08:46:54.706000,104,SAMUS,False,2,3,0,False,3667
8668,2025-12-06 08:46:54.787000,21,ZELDA,False,3,2,0,True,3667
8669,2025-12-06 08:48:21.457000,104,SAMUS,False,3,1,0,True,3668
8670,2025-12-06 08:48:21.576000,21,GANONDORF,False,1,3,0,False,3668
8671,2025-12-06 08:58:10.125000,104,SAMUS,False,3,2,0,True,3669
8672,2025-12-06 08:58:10.207000,21,GANONDORF,False,2,3,0,False,3669
8673,2025-12-06 08:59:40.092000,104,SAMUS,False,3,0,0,True,3670
8674,2025-12-06 08:59:40.182000,21,GANONDORF,False,2,3,0,False,3670
8675,2025-12-06 08:59:45.460000,104,SAMUS,False,1,3,0,False,3671
8676,2025-12-06 08:59:45.542000,21,GANONDORF,False,3,1,0,True,3671
8677,2025-12-06 09:03:56.986000,104,SAMUS,False,3,1,0,True,3672
8678,2025-12-06 09:03:57.073000,21,GANONDORF,False,0,3,0,False,3672
8679,2025-12-06 09:04:54.619000,104,SAMUS,False,3,2,0,True,3673
8680,2025-12-06 09:04:54.694000,21,GANONDORF,False,2,3,0,False,3673
8681,2025-12-06 09:05:07.221000,104,SAMUS,False,3,0,0,True,3674
8682,2025-12-06 09:05:07.329000,21,GANONDORF,False,0,3,0,False,3674
8683,2025-12-06 09:06:11.134000,104,SAMUS,False,3,2,0,True,3675
8684,2025-12-06 09:06:11.209000,21,GANONDORF,False,2,3,0,False,3675
8685,2025-12-06 09:06:39.985000,104,SAMUS,False,0,0,0,False,3676
8686,2025-12-06 09:06:40.056000,21,MR. GAME & WATCH,False,3,0,0,True,3676
8687,2025-12-06 09:07:48.177000,104,SAMUS,False,0,3,0,False,3677
8688,2025-12-06 09:07:48.262000,21,MR. GAME & WATCH,False,3,0,0,True,3677
8689,2025-12-06 09:08:21.115000,104,SAMUS,False,0,0,0,False,3678
8690,2025-12-06 09:08:21.194000,21,MR. GAME & WATCH,False,3,0,0,True,3678
8691,2025-12-06 09:08:21.863000,104,SAMUS,False,1,3,0,False,3679
8692,2025-12-06 09:08:21.947000,21,MR. GAME & WATCH,False,3,1,0,True,3679
8693,2025-12-06 09:10:07.606000,104,ZELDA,False,2,3,0,False,3680
8694,2025-12-06 09:10:07.687000,21,MR. GAME & WATCH,False,3,2,0,True,3680
8699,2025-12-06 09:12:52.756000,104,ZELDA,False,3,2,0,True,3683
8700,2025-12-06 09:12:52.828000,21,INCINEROAR,False,2,3,0,False,3683
8701,2025-12-06 09:13:36.689000,104,SAMUS,False,3,2,0,True,3684
8702,2025-12-06 09:13:36.775000,21,INCINEROAR,False,2,3,0,False,3684
8703,2025-12-06 09:14:51.344000,104,SAMUS,False,2,3,0,False,3685
8704,2025-12-06 09:14:51.423000,21,INCINEROAR,False,3,2,0,True,3685
8705,2025-12-06 09:16:42.693000,104,SAMUS,False,2,3,0,False,3686
8706,2025-12-06 09:16:42.762000,21,INCINEROAR,False,3,2,0,True,3686
8707,2025-12-06 09:16:48.568000,104,SAMUS,False,2,3,0,False,3687
8708,2025-12-06 09:16:48.650000,21,INCINEROAR,False,3,2,0,True,3687
8709,2025-12-06 09:18:26.555000,104,KING DEDEDE,False,3,2,0,True,3688
8710,2025-12-06 09:18:26.621000,21,INCINEROAR,False,2,3,0,False,3688
8711,2025-12-10 03:50:37.905000,1112,NESS,False,3,0,0,True,3689
8712,2025-12-10 03:50:38.098000,8427,BYLETH,False,2,3,0,False,3689
8713,2025-12-10 03:55:16.065000,1112,NESS,False,2,3,0,False,3690
8714,2025-12-10 03:55:16.275000,21,INCINEROAR,False,3,2,0,True,3690
8715,2025-12-10 03:57:51.727000,4639,ENDERMAN,False,3,0,0,True,3691
8716,2025-12-10 03:57:51.866000,21,INCINEROAR,False,1,3,0,False,3691
8717,2025-12-10 04:01:36.573000,4639,ENDERMAN,False,3,1,0,True,3692
8718,2025-12-10 04:01:36.721000,1112,NESS,False,1,3,0,False,3692
8719,2025-12-10 04:05:52.752000,4639,ENDERMAN,False,3,2,0,True,3693
8720,2025-12-10 04:05:52.858000,21,ZELDA,False,2,3,0,False,3693
8721,2025-12-10 04:10:25.058000,4639,ENDERMAN,False,3,2,0,True,3694
8722,2025-12-10 04:10:25.154000,21,MR. GAME & WATCH,False,2,3,0,False,3694
8723,2025-12-10 04:14:58.966000,4639,ENDERMAN,False,3,0,0,True,3695
8724,2025-12-10 04:14:59.053000,21,INCINEROAR,False,2,3,0,False,3695
8725,2025-12-10 04:17:13.344000,4639,ENDERMAN,False,1,2,1,False,3696
8726,2025-12-10 04:17:13.417000,21,INCINEROAR,False,2,1,0,True,3696
8727,2025-12-10 04:21:43.762000,4639,ENDERMAN,False,3,2,0,True,3697
8728,2025-12-10 04:21:43.881000,21,INCINEROAR,False,2,3,0,False,3697
8729,2025-12-10 04:25:44.700000,1112,NESS,False,0,3,0,False,3698
8730,2025-12-10 04:25:44.782000,21,INCINEROAR,False,3,1,0,True,3698
8731,2025-12-10 04:27:37.863000,1112,NESS,False,1,3,0,False,3699
8732,2025-12-10 04:27:37.949000,21,INCINEROAR,False,3,1,0,True,3699
8733,2025-12-10 04:31:31.600000,1112,NESS,False,0,3,0,False,3700
8734,2025-12-10 04:31:31.690000,21,GANONDORF,False,3,1,0,True,3700
8735,2025-12-10 04:34:39.540000,1112,NESS,False,1,3,0,False,3701
8736,2025-12-10 04:34:39.621000,21,BOWSER,False,3,1,0,True,3701
8737,2025-12-10 04:39:02.088000,1112,NESS,False,0,0,0,False,3702
8738,2025-12-10 04:39:02.164000,21,JOKER,False,0,0,0,True,3702
8739,2025-12-10 04:43:32.056000,1112,NESS,False,0,0,0,False,3703
8740,2025-12-10 04:43:32.144000,21,JOKER,False,0,0,0,True,3703
8741,2025-12-10 04:49:36.183000,1112,NESS,False,3,2,0,True,3704
8742,2025-12-10 04:49:36.271000,21,JOKER,False,2,3,0,False,3704
8743,2025-12-10 04:53:38.642000,1112,NESS,False,2,3,0,False,3705
8744,2025-12-10 04:53:38.756000,21,JOKER,False,3,2,0,True,3705
8745,2025-12-10 04:58:28.743000,1112,NESS,False,0,0,0,False,3706
8746,2025-12-10 04:58:28.840000,21,JOKER,False,0,0,0,True,3706
8747,2025-12-10 05:06:13.392000,1112,NESS,False,1,3,0,False,3707
8748,2025-12-10 05:06:13.489000,21,JOKER,False,3,0,0,True,3707
8749,2025-12-10 05:06:16.516000,1112,NESS,False,0,3,0,False,3708
8750,2025-12-10 05:06:16.614000,21,JOKER,False,3,0,0,True,3708
8751,2025-12-10 05:09:27.396000,1112,NESS,False,1,3,0,False,3709
8752,2025-12-10 05:09:27.474000,21,JOKER,False,3,1,0,True,3709
8753,2025-12-10 05:13:17.234000,1112,NESS,False,0,3,0,False,3710
8754,2025-12-10 05:13:17.351000,21,JOKER,False,3,0,0,True,3710
8755,2025-12-10 05:16:12.743000,1112,NESS,False,0,0,0,False,3711
8756,2025-12-10 05:16:12.830000,21,JOKER,False,0,0,0,True,3711
8757,2025-12-10 06:39:53.062000,38,JOKER,False,0,0,0,True,3712
8758,2025-12-10 06:39:53.244000,21,MR. GAME & WATCH,False,0,0,0,False,3712
8759,2025-12-10 06:43:59.498000,38,JOKER,False,3,0,0,True,3713
8760,2025-12-10 06:43:59.600000,21,MR. GAME & WATCH,False,2,3,0,False,3713
8761,2025-12-10 06:49:48.177000,38,JOKER,False,3,1,0,True,3714
8762,2025-12-10 06:49:48.318000,21,ZELDA,False,1,3,0,False,3714
8763,2025-12-10 06:52:33.499000,38,JOKER,False,3,1,0,True,3715
8764,2025-12-10 06:52:33.587000,21,ZELDA,False,1,3,0,False,3715
8765,2025-12-10 06:57:36.357000,38,JOKER,False,3,2,0,True,3716
8766,2025-12-10 06:57:36.462000,21,ZELDA,False,2,3,0,False,3716
8767,2025-12-10 06:59:14.409000,38,GANONDORF,False,3,1,0,True,3717
8768,2025-12-10 06:59:14.502000,21,GANONDORF,False,1,3,0,False,3717
8769,2025-12-10 07:02:45.965000,38,GANONDORF,False,3,2,0,True,3718
8770,2025-12-10 07:02:46.085000,21,GANONDORF,False,2,3,0,False,3718
8771,2025-12-10 07:06:01.681000,38,GANONDORF,False,3,2,0,True,3719
8772,2025-12-10 07:06:01.771000,21,GANONDORF,False,2,3,0,False,3719
8773,2025-12-10 07:06:51.112000,38,GANONDORF,False,3,0,0,True,3720
8774,2025-12-10 07:06:51.246000,21,GANONDORF,False,0,3,0,False,3720
8775,2025-12-10 07:08:47.915000,38,GANONDORF,False,3,2,0,True,3721
8776,2025-12-10 07:08:47.996000,21,GANONDORF,False,2,3,0,False,3721
8777,2025-12-10 07:12:09.479000,38,GANONDORF,False,3,1,0,True,3722
8778,2025-12-10 07:12:09.569000,21,GANONDORF,False,0,3,0,False,3722
8779,2025-12-10 07:13:57.351000,38,GANONDORF,False,3,1,0,True,3723
8780,2025-12-10 07:13:57.431000,21,GANONDORF,False,1,3,0,False,3723
8781,2025-12-10 07:18:05.948000,38,GANONDORF,False,3,2,0,True,3724
8782,2025-12-10 07:18:06.033000,21,GANONDORF,False,2,3,0,False,3724
8783,2025-12-10 07:19:13.692000,38,GANONDORF,False,3,0,0,True,3725
8784,2025-12-10 07:19:13.795000,21,GANONDORF,False,0,3,0,False,3725
8785,2025-12-10 07:21:07.500000,38,GANONDORF,False,3,1,0,True,3726
8786,2025-12-10 07:21:07.590000,21,GANONDORF,False,0,3,0,False,3726
8787,2025-12-10 07:24:49.737000,38,GANONDORF,False,2,3,0,False,3727
8788,2025-12-10 07:24:49.824000,21,GANONDORF,False,3,2,0,True,3727
8789,2025-12-10 07:27:47.321000,38,GANONDORF,False,2,3,0,False,3728
8790,2025-12-10 07:27:47.412000,21,GANONDORF,False,3,2,0,True,3728
8791,2025-12-10 07:30:30.014000,38,GANONDORF,False,0,0,0,False,3729
8792,2025-12-10 07:30:30.093000,21,GANONDORF,False,0,0,0,True,3729
8793,2025-12-10 07:33:00.402000,38,LITTLE MAC,False,3,1,0,True,3730
8794,2025-12-10 07:33:00.493000,21,GANONDORF,False,1,3,0,False,3730
8795,2025-12-10 07:35:07.636000,38,LITTLE MAC,False,3,2,0,True,3731
8796,2025-12-10 07:35:07.707000,21,GANONDORF,False,2,3,0,False,3731
8797,2025-12-10 07:39:05.133000,38,LITTLE MAC,False,2,3,0,False,3732
8798,2025-12-10 07:39:05.213000,21,GANONDORF,False,3,2,0,True,3732
8799,2025-12-10 07:40:52.013000,38,GANONDORF,False,2,1,1,True,3733
8800,2025-12-10 07:40:52.111000,21,LITTLE MAC,False,0,2,1,False,3733
8801,2025-12-10 07:44:59.620000,38,INCINEROAR,False,3,2,0,True,3734
8802,2025-12-10 07:44:59.714000,21,INCINEROAR,False,2,3,0,False,3734
8803,2025-12-10 07:46:04.668000,38,BOWSER,False,3,2,0,True,3735
8804,2025-12-10 07:46:04.766000,2106,UNKNOWN,False,0,0,0,False,3735
8805,2025-12-10 07:48:22.817000,38,BOWSER,False,2,1,0,True,3736
8806,2025-12-10 07:48:22.907000,21,BOWSER,False,1,2,0,False,3736
8807,2025-12-10 07:56:36.373000,38,BOWSER,False,2,3,0,False,3737
8808,2025-12-10 07:56:36.471000,21,BOWSER,False,3,2,0,True,3737
8809,2025-12-10 07:58:48.701000,38,RYU,False,2,3,0,False,3738
8810,2025-12-10 07:58:48.794000,21,RYU,False,3,0,0,True,3738
8811,2025-12-10 08:02:22.340000,38,KING K. ROOL,False,3,2,0,True,3739
8812,2025-12-10 08:02:22.424000,21,KING K. ROOL,False,2,3,0,False,3739
8813,2025-12-10 08:06:12.489000,38,MARIO,False,3,2,0,True,3740
8814,2025-12-10 08:06:12.571000,21,MARIO,False,2,3,0,False,3740
8815,2025-12-10 08:08:45.886000,38,DONKEY KONG,False,3,1,0,True,3741
8816,2025-12-10 08:08:45.974000,21,DONKEY KONG,False,1,3,0,False,3741
8817,2025-12-10 08:11:46.699000,38,LINK,False,3,2,0,True,3742
8818,2025-12-10 08:11:46.776000,21,LINK,False,2,3,0,False,3742
8819,2025-12-10 08:18:30.081000,38,SAMUS,False,4,0,0,True,3743
8820,2025-12-10 08:18:30.179000,21,SAMUS,False,2,3,0,False,3743
8821,2025-12-10 08:22:29.532000,38,DARK SAMUS,False,3,2,0,True,3744
8822,2025-12-10 08:22:29.628000,21,DARK SAMUS,False,2,3,0,False,3744
8823,2025-12-10 08:26:01.259000,38,YOSHI,False,3,2,0,True,3745
8824,2025-12-10 08:26:01.349000,21,YOSHI,False,0,3,1,False,3745
8825,2025-12-10 08:27:14.467000,38,KIRBY,False,2,2,0,True,3746
8826,2025-12-10 08:27:14.553000,21,KIRBY,False,2,2,1,False,3746
8827,2025-12-10 08:30:00.298000,38,FOX,False,2,3,0,False,3747
8828,2025-12-10 08:30:00.369000,21,FOX,False,3,2,0,True,3747
8829,2025-12-10 08:35:39.909000,38,PIKACHU,False,2,0,0,True,3748
8830,2025-12-10 08:35:40.008000,21,PIKACHU,False,0,2,0,False,3748
8831,2025-12-10 08:35:44.060000,38,LUIGI,False,3,1,0,True,3749
8832,2025-12-10 08:35:44.141000,21,LUIGI,False,1,3,0,False,3749
8833,2025-12-10 08:39:13.462000,38,LUIGI,False,3,2,0,True,3750
8834,2025-12-10 08:39:13.549000,21,LUIGI,False,0,3,0,False,3750
8835,2025-12-10 08:41:15.555000,38,LUIGI,False,3,0,0,True,3751
8836,2025-12-10 08:41:15.641000,21,LUIGI,False,2,3,0,False,3751
8837,2025-12-10 08:44:15.888000,38,NESS,False,3,1,0,True,3752
8838,2025-12-10 08:44:15.974000,21,NESS,False,1,3,0,False,3752
8839,2025-12-10 08:49:04.494000,38,JIGGLYPUFF,False,2,3,0,False,3753
8840,2025-12-10 08:49:04.585000,21,JIGGLYPUFF,False,3,2,0,True,3753
8841,2025-12-10 08:53:51.418000,38,PEACH,False,3,2,0,True,3754
8842,2025-12-10 08:53:51.516000,21,PEACH,False,2,2,0,False,3754
8843,2025-12-10 09:01:51.687000,38,BOWSER,False,3,2,0,True,3755
8844,2025-12-10 09:01:51.772000,21,BOWSER,False,2,3,0,False,3755
8845,2025-12-10 09:04:41.106000,38,BOWSER,False,3,1,1,True,3756
8846,2025-12-10 09:04:41.229000,21,BOWSER,False,1,2,0,False,3756
8847,2025-12-10 09:17:35.646000,38,ZELDA,False,1,3,0,False,3757
8848,2025-12-10 09:17:35.763000,21,ZELDA,False,3,1,0,True,3757
8849,2025-12-10 09:22:32.834000,38,DR. MARIO,False,2,3,0,False,3758
8850,2025-12-10 09:22:32.927000,21,DR. MARIO,False,3,2,0,True,3758
8851,2025-12-10 09:26:51.701000,38,MARTH,False,3,2,0,True,3759
8852,2025-12-10 09:26:51.796000,21,MARTH,False,2,3,0,False,3759
8853,2025-12-10 09:32:35.621000,38,YOUNG LINK,False,3,2,0,True,3760
8854,2025-12-10 09:32:35.720000,21,YOUNG LINK,False,2,3,0,False,3760
8855,2025-12-10 09:36:13.250000,38,GANONDORF,False,3,1,0,True,3761
8856,2025-12-10 09:36:13.346000,21,GANONDORF,False,1,3,0,False,3761
8857,2025-12-10 09:36:23.472000,38,GANONDORF,False,3,0,0,True,3762
8858,2025-12-10 09:36:23.552000,21,GANONDORF,False,0,3,0,False,3762
8859,2025-12-10 09:39:08.089000,38,GANONDORF,False,3,2,0,True,3763
8860,2025-12-10 09:39:08.164000,21,GANONDORF,False,2,3,0,False,3763
8861,2025-12-10 09:41:49.554000,38,MEWTWO,False,3,1,0,True,3764
8862,2025-12-10 09:41:49.634000,21,MEWTWO,False,1,3,0,False,3764
8863,2025-12-10 09:44:11.235000,38,ROY,False,3,2,0,True,3765
8864,2025-12-10 09:44:11.317000,21,ROY,False,2,3,0,False,3765
8865,2025-12-10 09:47:58.654000,38,CHROM,False,3,2,0,True,3766
8866,2025-12-10 09:47:58.737000,21,CHROM,False,2,3,0,False,3766
8867,2025-12-10 09:54:32.656000,38,MR. GAME & WATCH,False,2,3,0,False,3767
8868,2025-12-10 09:54:32.726000,21,MR. GAME & WATCH,False,3,2,0,True,3767
8869,2025-12-10 09:57:37.956000,38,META KNIGHT,False,2,3,0,False,3768
8870,2025-12-10 09:57:38.111000,21,META KNIGHT,False,3,2,0,True,3768
8871,2025-12-10 10:01:32.912000,38,PIT,False,3,2,0,True,3769
8872,2025-12-10 10:01:33.001000,21,PIT,False,2,3,0,False,3769
8873,2025-12-10 10:10:42.903000,38,SNAKE,False,3,0,0,True,3770
8874,2025-12-10 10:10:43.002000,21,SNAKE,False,1,3,0,False,3770
8875,2025-12-10 10:14:40.449000,38,IKE,False,2,1,0,True,3771
8876,2025-12-10 10:14:40.543000,21,IKE,False,1,3,0,False,3771
8877,2025-12-10 10:15:44.463000,38,KING DEDEDE,False,3,2,0,True,3772
8878,2025-12-10 10:15:44.556000,21,KING DEDEDE,False,0,3,0,False,3772
8879,2025-12-10 10:18:04.521000,38,LITTLE MAC,False,3,1,0,True,3773
8880,2025-12-10 10:18:04.602000,21,LITTLE MAC,False,0,0,0,False,3773
8881,2025-12-10 10:20:49.891000,38,PALUTENA,False,3,1,0,True,3774
8882,2025-12-10 10:20:49.990000,21,PALUTENA,False,1,3,0,False,3774
8883,2025-12-10 10:24:44.659000,38,CLOUD,False,3,2,0,True,3775
8884,2025-12-10 10:24:44.754000,21,CLOUD,False,2,3,0,False,3775
8885,2025-12-10 10:27:41.976000,38,RIDLEY,False,2,3,0,False,3776
8886,2025-12-10 10:27:42.043000,21,RIDLEY,False,3,2,0,True,3776
8887,2025-12-10 10:33:31.149000,38,INCINEROAR,False,3,2,0,True,3777
8888,2025-12-10 10:33:31.229000,21,INCINEROAR,False,2,3,0,False,3777
8889,2025-12-10 10:35:16.239000,38,PIRANHA PLANT,False,3,1,0,True,3778
8890,2025-12-10 10:35:16.330000,21,PIRANHA PLANT,False,2,3,0,False,3778
8891,2025-12-10 10:39:13.395000,38,JOKER,False,3,0,0,True,3779
8892,2025-12-10 10:39:13.493000,21,JOKER,False,0,3,0,False,3779
8893,2025-12-10 10:39:37.017000,38,BYLETH,False,3,0,0,True,3780
8894,2025-12-10 10:39:37.089000,21,BYLETH,False,0,3,0,False,3780
8895,2025-12-10 10:42:10.915000,38,ALEX,False,3,0,0,True,3781
8896,2025-12-10 10:42:10.994000,21,STEVE,False,0,3,0,False,3781
8897,2025-12-10 10:46:29.920000,38,SEPHIROTH,False,3,2,0,True,3782
8898,2025-12-10 10:46:30.011000,21,SEPHIROTH,False,2,3,0,False,3782
8899,2025-12-10 10:49:33.199000,38,PYRA,False,4,1,0,True,3783
8900,2025-12-10 10:49:33.273000,21,PYRA,False,1,4,0,False,3783
8901,2025-12-10 10:53:12.942000,38,KAZUYA,False,1,3,0,False,3784
8902,2025-12-10 10:53:13.038000,21,KAZUYA,False,3,1,0,True,3784
8903,2025-12-10 10:58:33.439000,38,SORA,False,3,2,0,True,3785
8904,2025-12-10 10:58:33.530000,21,SORA,False,2,3,0,False,3785
8905,2025-12-10 11:01:43.855000,38,JOKER,False,0,0,0,True,3786
8906,2025-12-10 11:01:43.937000,21,MR. GAME & WATCH,False,0,0,0,False,3786
8907,2025-12-11 01:50:33.824000,1112,NESS,False,1,3,0,False,3787
8908,2025-12-11 01:50:33.988000,21,JOKER,False,3,1,0,True,3787
8909,2025-12-11 01:55:32.650000,1112,NESS,False,0,0,0,False,3788
8910,2025-12-11 01:55:32.837000,21,JOKER,False,0,0,0,True,3788
8911,2025-12-11 04:17:06.993000,1112,NESS,False,3,2,0,True,3789
8912,2025-12-11 04:17:07.151000,21,JOKER,False,2,3,0,False,3789
8913,2025-12-11 04:21:57.357000,1112,NESS,False,2,3,0,False,3790
8914,2025-12-11 04:21:57.496000,23,SAMUS,False,3,2,0,True,3790
8915,2025-12-11 04:26:01.977000,21,JOKER,False,3,2,0,True,3791
8916,2025-12-11 04:26:02.101000,23,SAMUS,False,2,3,0,False,3791
8917,2025-12-11 04:30:46.039000,1112,NESS,False,2,3,0,False,3792
8918,2025-12-11 04:30:46.137000,21,JOKER,False,3,2,0,True,3792
8919,2025-12-11 04:33:51.035000,21,INCINEROAR,False,3,1,0,True,3793
8920,2025-12-11 04:33:51.134000,23,SAMUS,False,1,3,0,False,3793
8921,2025-12-11 04:37:37.083000,1112,NESS,False,3,3,0,False,3794
8922,2025-12-11 04:37:37.166000,21,JOKER,False,3,2,0,True,3794
8923,2025-12-11 04:39:55.608000,21,GANONDORF,False,2,1,0,True,3795
8924,2025-12-11 04:39:55.688000,23,SAMUS,False,1,2,0,False,3795
8925,2025-12-11 04:49:03.124000,21,GANONDORF,False,3,1,0,True,3796
8926,2025-12-11 04:49:03.246000,23,SAMUS,False,1,3,0,False,3796
8927,2025-12-11 04:51:00.384000,1112,NESS,False,0,3,0,False,3797
8928,2025-12-11 04:51:00.465000,21,JOKER,False,3,0,0,True,3797
8929,2025-12-11 05:01:12.524000,1112,NESS,False,0,0,0,False,3798
8930,2025-12-11 05:01:12.617000,21,JOKER,False,3,1,0,True,3798
8931,2025-12-11 05:06:10.234000,1112,NESS,False,2,3,0,False,3799
8932,2025-12-11 05:06:10.342000,21,JOKER,False,3,2,0,True,3799
8933,2025-12-11 05:11:06.261000,1112,NESS,False,1,3,0,False,3800
8934,2025-12-11 05:11:06.351000,21,JOKER,False,3,1,0,True,3800
8935,2025-12-11 05:14:17.787000,21,JOKER,False,2,0,0,True,3801
8936,2025-12-11 05:14:17.874000,23,SAMUS,False,0,2,1,False,3801
8937,2025-12-11 05:17:28.442000,21,JOKER,False,0,0,0,True,3802
8938,2025-12-11 05:17:28.543000,23,SAMUS,False,0,0,0,False,3802
8939,2025-12-11 05:20:39.195000,21,JOKER,False,3,1,0,True,3803
8940,2025-12-11 05:20:39.334000,23,SAMUS,False,1,3,0,False,3803
8941,2025-12-11 05:23:17.051000,21,GANONDORF,False,3,1,0,True,3804
8942,2025-12-11 05:23:17.162000,23,SAMUS,False,1,3,0,False,3804
8943,2025-12-11 05:31:17.574000,23,SAMUS,False,3,2,0,True,3805
8944,2025-12-11 05:31:17.684000,8659,CAPTAIN FALCON,False,2,3,0,False,3805
8945,2025-12-11 10:09:29.625000,23,IKE,False,3,3,0,False,3806
8946,2025-12-11 10:09:29.795000,8661,RYU,False,0,3,0,False,3806
8947,2025-12-11 10:09:29.951000,255,KIRBY,False,5,2,0,True,3806
8948,2025-12-11 10:21:01.802000,23,SAMUS,False,4,0,0,True,3807
8949,2025-12-11 10:21:01.964000,8661,KEN,False,2,3,0,False,3807
8950,2025-12-11 10:21:02.130000,255,INCINEROAR,False,0,3,0,False,3807
8951,2025-12-11 10:25:18.077000,23,DARK SAMUS,False,2,1,0,True,3808
8952,2025-12-11 10:25:18.210000,8661,HERO,False,2,3,0,False,3808
8953,2025-12-11 10:25:18.362000,255,IKE,False,3,3,0,False,3808
8954,2025-12-11 10:37:03.065000,23,SAMUS,False,0,0,0,False,3809
8955,2025-12-11 10:37:03.191000,8661,HERO,False,0,0,0,True,3809
8956,2025-12-11 10:37:03.298000,255,KIRBY,False,0,0,0,False,3809
8957,2025-12-11 21:26:15.003000,39,DONKEY KONG,False,0,3,0,False,3810
8958,2025-12-11 21:26:15.188000,104,SAMUS,False,3,0,0,True,3810
8959,2025-12-11 21:28:19.222000,39,DONKEY KONG,False,0,3,0,False,3811
8960,2025-12-11 21:28:19.364000,104,GANONDORF,False,3,1,0,True,3811
8961,2025-12-11 21:30:00.516000,39,DONKEY KONG,False,2,3,0,False,3812
8962,2025-12-11 21:30:00.606000,104,GANONDORF,False,3,2,0,True,3812
8963,2025-12-11 21:32:25.181000,39,DONKEY KONG,False,3,2,0,True,3813
8964,2025-12-11 21:32:25.321000,104,GANONDORF,False,2,3,0,False,3813
8965,2025-12-11 21:35:35.396000,39,SORA,False,3,2,0,True,3814
8966,2025-12-11 21:35:35.487000,104,GANONDORF,False,2,3,0,False,3814
8967,2025-12-11 21:39:32.883000,39,SORA,False,3,2,0,True,3815
8968,2025-12-11 21:39:32.985000,104,KING DEDEDE,False,2,3,0,False,3815
8969,2025-12-12 20:47:31.457000,8661,IKE,False,4,1,0,True,3816
8970,2025-12-12 20:47:31.621000,255,IKE,False,1,3,0,False,3816
8971,2025-12-12 20:47:31.782000,8686,HERO,False,2,3,0,False,3816
8972,2025-12-12 20:51:34.093000,8661,IKE,False,6,2,0,True,3817
8973,2025-12-12 20:51:34.208000,255,KIRBY,False,2,3,0,False,3817
8974,2025-12-12 20:51:34.321000,8686,RYU,False,0,3,0,False,3817
8975,2025-12-12 21:01:18.457000,8661,IKE,False,4,2,0,True,3818
8976,2025-12-12 21:01:18.584000,255,KIRBY,False,4,3,0,False,3818
8977,2025-12-12 21:01:18.675000,8686,BAYONETTA,False,0,3,0,False,3818
8978,2025-12-12 21:05:34.963000,8661,SAMUS,False,4,2,0,True,3819
8979,2025-12-12 21:05:35.052000,255,KIRBY,False,1,3,0,False,3819
8980,2025-12-12 21:05:35.158000,8686,CAPTAIN FALCON,False,3,3,0,False,3819
8981,2025-12-13 02:17:42.395000,23,SAMUS,False,2,3,0,False,3820
8982,2025-12-13 02:17:42.565000,1112,NESS,False,3,2,0,True,3820
8983,2025-12-13 02:20:41.581000,23,SAMUS,False,2,3,0,False,3821
8984,2025-12-13 02:20:41.758000,1112,NESS,False,3,2,0,True,3821
8985,2025-12-13 02:24:18.494000,23,SAMUS,False,3,1,0,True,3822
8986,2025-12-13 02:24:18.624000,1112,NESS,False,1,3,0,False,3822
8987,2025-12-13 02:29:12.062000,23,SAMUS,False,3,2,0,True,3823
8988,2025-12-13 02:29:12.204000,1112,NESS,False,2,3,0,False,3823
8989,2025-12-13 02:33:50.141000,38,JOKER,False,0,0,0,True,3824
8990,2025-12-13 02:33:50.250000,1112,NESS,False,0,0,0,False,3824
8991,2025-12-13 03:33:08.268000,39,DONKEY KONG,False,3,0,0,True,3825
8992,2025-12-13 03:33:08.457000,23,SAMUS,False,1,3,0,False,3825
8993,2025-12-13 03:37:11.663000,39,DONKEY KONG,False,2,1,0,True,3826
8994,2025-12-13 03:37:11.778000,23,SAMUS,False,2,2,1,False,3826
8995,2025-12-13 07:13:29.200000,104,CAPTAIN FALCON,False,3,1,0,True,3827
8996,2025-12-13 07:13:29.384000,23,DARK SAMUS,False,1,3,0,False,3827
8997,2025-12-13 07:15:23.886000,104,GANONDORF,False,3,0,0,True,3828
8998,2025-12-13 07:15:23.988000,23,PIKACHU,False,0,3,0,False,3828
8999,2025-12-13 07:17:54.827000,104,IKE,False,3,2,0,True,3829
9000,2025-12-13 07:17:54.962000,23,RICHTER,False,2,3,0,False,3829
9001,2025-12-13 07:23:16.759000,104,BAYONETTA,False,3,2,0,True,3830
9002,2025-12-13 07:23:16.861000,23,CLOUD,False,2,3,0,False,3830
9003,2025-12-13 07:28:36.285000,104,LUCARIO,False,3,1,0,True,3831
9004,2025-12-13 07:28:36.403000,23,SIMON,False,1,3,0,False,3831
9005,2025-12-13 07:42:46.760000,104,FOX,False,3,1,0,True,3832
9006,2025-12-13 07:42:46.851000,23,R.O.B.,False,1,3,0,False,3832
9007,2025-12-13 07:52:16.663000,23,SAMUS,False,4,1,0,True,3833
9008,2025-12-13 07:52:16.773000,39,CHROM,False,0,3,0,False,3833
9009,2025-12-13 07:52:16.890000,22,CAPTAIN FALCON,False,3,3,0,False,3833
9010,2025-12-13 07:56:29.346000,23,SAMUS,False,2,3,0,False,3834
9011,2025-12-13 07:56:29.510000,39,DONKEY KONG,False,6,2,0,True,3834
9012,2025-12-13 07:56:29.634000,8727,DONKEY KONG,False,0,3,0,False,3834
9013,2025-12-13 08:00:02.725000,23,SAMUS,False,1,3,0,False,3835
9014,2025-12-13 08:00:02.833000,22,DONKEY KONG,False,3,1,0,True,3835
9015,2025-12-13 08:03:04.299000,23,SAMUS,False,3,0,0,True,3836
9016,2025-12-13 08:03:04.395000,22,DONKEY KONG,False,0,3,0,False,3836
9017,2025-12-13 08:06:50.153000,23,SAMUS,False,1,3,0,False,3837
9018,2025-12-13 08:06:50.231000,22,DONKEY KONG,False,3,1,0,True,3837
9019,2025-12-13 08:10:11.611000,23,SAMUS,False,2,3,0,False,3838
9020,2025-12-13 08:10:11.705000,22,DONKEY KONG,False,3,2,0,True,3838
9021,2025-12-13 08:15:20.178000,23,SAMUS,False,3,2,0,True,3839
9022,2025-12-13 08:15:20.251000,22,DONKEY KONG,False,2,3,0,False,3839
9023,2025-12-13 08:17:28.114000,23,SAMUS,False,0,3,0,False,3840
9024,2025-12-13 08:17:28.201000,22,GANONDORF,False,3,0,0,True,3840
9025,2025-12-13 08:21:18.599000,23,SAMUS,False,1,3,0,False,3841
9026,2025-12-13 08:21:18.684000,22,GANONDORF,False,3,1,0,True,3841
9027,2025-12-13 08:26:42.455000,23,SAMUS,False,2,3,0,False,3842
9028,2025-12-13 08:26:42.538000,39,SORA,False,3,2,0,True,3842
9029,2025-12-13 08:26:42.617000,22,ENDERMAN,False,3,3,0,False,3842
9030,2025-12-13 08:30:51.667000,23,SAMUS,False,2,3,0,False,3843
9031,2025-12-13 08:30:51.748000,39,SORA,False,1,3,0,False,3843
9032,2025-12-13 08:30:51.832000,22,STEVE,False,5,2,0,True,3843
9033,2025-12-13 08:34:11.962000,23,SAMUS,False,1,3,0,False,3844
9034,2025-12-13 08:34:12.091000,39,DONKEY KONG,False,4,0,0,True,3844
9035,2025-12-13 08:34:12.174000,22,LITTLE MAC,False,2,3,0,False,3844
9036,2025-12-13 08:38:07.054000,39,DONKEY KONG,False,3,2,0,True,3845
9037,2025-12-13 08:38:07.132000,22,CAPTAIN FALCON,False,2,3,0,False,3845
9038,2025-12-13 08:40:54.226000,39,DONKEY KONG,False,3,2,0,True,3846
9039,2025-12-13 08:40:54.308000,22,CAPTAIN FALCON,False,2,3,0,False,3846
9040,2025-12-13 08:44:13.445000,39,DONKEY KONG,False,2,3,0,False,3847
9041,2025-12-13 08:44:13.525000,22,CAPTAIN FALCON,False,3,2,0,True,3847
9042,2025-12-13 08:49:10.283000,39,SORA,False,4,0,0,True,3848
9043,2025-12-13 08:49:10.374000,23,SAMUS,False,1,2,0,False,3848
9044,2025-12-13 08:49:10.451000,22,BOWSER,False,1,3,0,False,3848
9045,2025-12-13 08:52:20.462000,39,FOX,False,2,3,0,False,3849
9046,2025-12-13 08:52:20.560000,23,SAMUS,False,4,2,0,True,3849
9047,2025-12-13 08:52:20.677000,22,LITTLE MAC,False,2,3,0,False,3849
9048,2025-12-13 09:00:19.695000,39,DONKEY KONG,False,5,2,0,True,3850
9049,2025-12-13 09:00:19.794000,23,SAMUS,False,2,2,0,False,3850
9050,2025-12-13 09:00:19.880000,22,LUCINA,False,0,3,0,False,3850
9051,2025-12-14 00:37:04.556000,678,DARK PIT,False,3,1,0,True,3851
9052,2025-12-14 00:37:04.711000,1112,NESS,False,0,3,0,False,3851
9053,2025-12-14 00:41:24.241000,678,DARK PIT,False,2,1,0,True,3852
9054,2025-12-14 00:41:24.392000,1112,NESS,False,1,1,1,False,3852
9055,2025-12-14 00:45:28.132000,678,DARK PIT,False,2,0,0,False,3853
9056,2025-12-14 00:45:28.263000,1112,NESS,False,3,2,0,True,3853
9057,2025-12-14 00:58:04.224000,678,DARK PIT,False,1,3,0,False,3854
9058,2025-12-14 00:58:04.360000,1112,NESS,False,3,1,0,True,3854
9059,2025-12-14 02:47:09.611000,38,CAPTAIN FALCON,False,3,1,0,True,3855
9060,2025-12-14 02:47:09.779000,39,DONKEY KONG,False,1,3,0,False,3855
9061,2025-12-14 02:48:48.135000,38,CAPTAIN FALCON,False,3,1,0,True,3856
9062,2025-12-14 02:48:48.294000,39,DONKEY KONG,False,1,3,0,False,3856
9063,2025-12-14 02:50:52.783000,38,CAPTAIN FALCON,False,3,0,0,True,3857
9064,2025-12-14 02:50:52.867000,39,DONKEY KONG,False,1,3,0,False,3857
9065,2025-12-14 02:52:57.530000,38,CAPTAIN FALCON,False,3,0,0,True,3858
9066,2025-12-14 02:52:57.627000,39,DONKEY KONG,False,1,3,0,False,3858
9067,2025-12-14 02:54:44.923000,38,CAPTAIN FALCON,False,3,1,0,True,3859
9068,2025-12-14 02:54:45.050000,39,DONKEY KONG,False,1,3,0,False,3859
9069,2025-12-14 02:56:34.552000,38,MARTH,False,3,1,0,True,3860
9070,2025-12-14 02:56:34.642000,39,DONKEY KONG,False,1,3,0,False,3860
9071,2025-12-14 03:02:12.630000,38,INCINEROAR,False,3,2,0,True,3861
9072,2025-12-14 03:02:12.732000,39,SORA,False,2,3,0,False,3861
9073,2025-12-14 03:04:54.444000,38,GANONDORF,False,3,1,0,True,3862
9074,2025-12-14 03:04:54.530000,39,SORA,False,1,3,0,False,3862
9075,2025-12-14 03:08:46.099000,38,BYLETH,False,6,2,0,True,3863
9076,2025-12-14 03:08:46.215000,39,SORA,False,2,3,0,False,3863
9077,2025-12-14 03:08:46.327000,22,RYU,False,0,3,0,False,3863
9078,2025-12-14 06:14:42.299000,93,KAZUYA,False,2,3,0,False,3864
9079,2025-12-14 06:14:42.440000,39,SORA,False,3,2,0,True,3864
9080,2025-12-14 06:19:40.658000,93,KAZUYA,False,2,3,0,False,3865
9081,2025-12-14 06:19:40.802000,39,SORA,False,3,2,0,True,3865
9082,2025-12-14 06:22:04.512000,93,KAZUYA,False,2,1,0,True,3866
9083,2025-12-14 06:22:04.608000,2106,UNKNOWN,False,0,0,0,False,3866
9084,2025-12-14 06:22:04.704000,2106,UNKNOWN,False,0,0,0,False,3866
9085,2025-12-14 06:27:44.999000,93,KAZUYA,False,2,2,1,True,3867
9086,2025-12-14 06:27:45.109000,38,JOKER,False,0,0,0,False,3867
9087,2025-12-14 06:27:45.204000,39,DONKEY KONG,False,0,0,1,True,3867
9088,2025-12-14 06:31:32.262000,22,DONKEY KONG,False,3,1,0,True,3868
9089,2025-12-14 06:31:32.372000,23,SAMUS,False,1,3,0,False,3868
9090,2025-12-14 06:33:43.752000,22,DONKEY KONG,False,3,0,0,True,3869
9091,2025-12-14 06:33:43.864000,23,SAMUS,False,0,3,0,False,3869
9092,2025-12-14 06:37:26.584000,22,DONKEY KONG,False,3,2,0,True,3870
9093,2025-12-14 06:37:26.660000,23,SAMUS,False,2,3,0,False,3870
9094,2025-12-14 06:42:03.154000,22,CAPTAIN FALCON,False,3,1,0,True,3871
9095,2025-12-14 06:42:03.258000,23,SAMUS,False,1,3,0,False,3871
9096,2025-12-14 06:46:33.113000,8811,CAPTAIN FALCON,False,2,3,0,False,3872
9097,2025-12-14 06:46:33.205000,39,DONKEY KONG,False,4,2,0,True,3872
9098,2025-12-14 06:46:33.289000,22,GANONDORF,False,2,3,0,False,3872
9099,2025-12-14 06:52:32.635000,22,ENDERMAN,False,3,2,0,True,3873
9100,2025-12-14 06:52:32.719000,8659,CAPTAIN FALCON,False,2,3,0,False,3873
9101,2025-12-14 07:01:29.509000,22,BYLETH,False,1,3,0,False,3874
9102,2025-12-14 07:01:29.599000,8659,CAPTAIN FALCON,False,3,0,0,True,3874
9103,2025-12-14 07:01:29.697000,39,SORA,False,2,2,0,False,3874
9104,2025-12-14 07:08:26.767000,22,CAPTAIN FALCON,False,2,3,0,False,3875
9105,2025-12-14 07:08:26.883000,8659,CAPTAIN FALCON,False,3,2,0,True,3875
9106,2025-12-14 08:17:15.281000,39,DONKEY KONG,False,0,0,0,True,3876
9107,2025-12-14 08:17:15.453000,22,CAPTAIN FALCON,False,0,0,0,False,3876
9108,2025-12-15 03:16:20.602000,23,SAMUS,False,2,3,0,False,3877
9109,2025-12-15 03:16:20.754000,88,LUCAS,False,3,2,0,True,3877
9110,2025-12-15 19:26:57.780000,39,SORA,False,0,3,0,False,3878
9111,2025-12-15 19:26:57.932000,104,SAMUS,False,3,0,0,True,3878
9112,2025-12-15 19:30:45.750000,39,SORA,False,2,2,0,False,3879
9113,2025-12-15 19:30:45.876000,104,ZELDA,False,3,2,0,True,3879
9114,2025-12-15 19:33:39.819000,39,SORA,False,3,2,0,True,3880
9115,2025-12-15 19:33:39.936000,104,GANONDORF,False,2,3,0,False,3880
9116,2025-12-15 19:38:30.159000,39,DONKEY KONG,False,0,0,0,False,3881
9117,2025-12-15 19:38:30.284000,104,GANONDORF,False,0,0,0,True,3881
9118,2025-12-16 02:05:21.746000,3007,FOX,False,0,3,0,False,3882
9119,2025-12-16 02:05:21.922000,38,CAPTAIN FALCON,False,3,1,0,True,3882
9120,2025-12-16 02:06:59.830000,3007,FOX,False,2,3,0,False,3883
9121,2025-12-16 02:06:59.960000,38,CAPTAIN FALCON,False,3,2,0,True,3883
9122,2025-12-16 02:08:02.474000,3007,FOX,False,1,3,0,False,3884
9123,2025-12-16 02:08:02.604000,38,CAPTAIN FALCON,False,3,1,0,True,3884
9124,2025-12-16 02:09:59.079000,3007,FOX,False,0,3,0,False,3885
9125,2025-12-16 02:09:59.179000,38,GANONDORF,False,3,0,0,True,3885
9126,2025-12-16 02:13:00.287000,3007,FOX,False,1,3,0,False,3886
9127,2025-12-16 02:13:00.387000,38,GANONDORF,False,3,1,0,True,3886
9128,2025-12-16 02:15:19.760000,3007,FOX,False,0,3,0,False,3887
9129,2025-12-16 02:15:19.866000,38,INCINEROAR,False,3,0,0,True,3887
9130,2025-12-16 02:16:54.672000,3007,FOX,False,1,3,0,False,3888
9131,2025-12-16 02:16:54.765000,38,DONKEY KONG,False,3,1,0,True,3888
9132,2025-12-16 02:18:25.363000,3007,FOX,False,0,3,0,False,3889
9133,2025-12-16 02:18:25.505000,38,LUIGI,False,3,0,0,True,3889
9134,2025-12-16 02:21:08.429000,3007,KAZUYA,False,1,3,0,False,3890
9135,2025-12-16 02:21:08.534000,38,PIRANHA PLANT,False,3,1,0,True,3890
9136,2025-12-16 02:25:39.048000,3007,PYRA,False,1,1,0,False,3891
9137,2025-12-16 02:25:39.129000,38,JOKER,False,6,2,0,True,3891
9138,2025-12-16 02:25:39.219000,39,DONKEY KONG,False,1,3,0,False,3891
9139,2025-12-16 02:27:44.826000,3007,CLOUD,False,1,3,0,False,3892
9140,2025-12-16 02:27:44.905000,38,SEPHIROTH,False,3,1,0,True,3892
9141,2025-12-16 02:30:38.211000,3007,CLOUD,False,0,3,0,False,3893
9142,2025-12-16 02:30:38.306000,38,MARIO,False,3,0,0,True,3893
9143,2025-12-16 02:33:14.133000,3007,CAPTAIN FALCON,False,2,3,0,False,3894
9144,2025-12-16 02:33:14.249000,38,KIRBY,False,3,2,0,True,3894
9145,2025-12-16 02:36:17.273000,3007,CAPTAIN FALCON,False,1,3,0,False,3895
9146,2025-12-16 02:36:17.354000,38,CAPTAIN FALCON,False,3,1,0,True,3895
9147,2025-12-16 02:38:38.651000,3007,CAPTAIN FALCON,False,0,3,0,False,3896
9148,2025-12-16 02:38:38.736000,38,CAPTAIN FALCON,False,3,0,0,True,3896
9149,2025-12-16 02:41:11.312000,3007,CAPTAIN FALCON,False,0,0,0,False,3897
9150,2025-12-16 02:41:11.380000,38,CAPTAIN FALCON,False,0,0,0,True,3897
9151,2025-12-16 03:08:06.550000,38,CAPTAIN FALCON,False,3,0,0,True,3898
9152,2025-12-16 03:08:06.678000,104,KING DEDEDE,False,2,3,0,False,3898
9153,2025-12-16 03:09:16.232000,38,CAPTAIN FALCON,False,3,0,0,True,3899
9154,2025-12-16 03:09:16.348000,104,KING DEDEDE,False,0,3,0,False,3899
9155,2025-12-16 03:11:41.461000,38,CAPTAIN FALCON,False,2,3,0,False,3900
9156,2025-12-16 03:11:41.543000,104,KING DEDEDE,False,3,2,0,True,3900
9157,2025-12-16 03:15:15.316000,38,CAPTAIN FALCON,False,2,3,0,False,3901
9158,2025-12-16 03:15:15.413000,104,KING DEDEDE,False,3,2,0,True,3901
9159,2025-12-16 03:29:06.971000,38,INCINEROAR,False,3,1,0,True,3902
9160,2025-12-16 03:29:07.091000,2106,UNKNOWN,False,0,0,0,False,3902
9161,2025-12-16 03:31:04.573000,38,INCINEROAR,False,2,3,0,False,3903
9162,2025-12-16 03:31:04.727000,104,KING DEDEDE,False,3,2,0,True,3903
9163,2025-12-16 03:33:40.733000,38,INCINEROAR,False,3,2,0,True,3904
9164,2025-12-16 03:33:40.846000,104,KING DEDEDE,False,2,3,0,False,3904
9165,2025-12-16 03:37:00.139000,38,CAPTAIN FALCON,False,3,2,0,True,3905
9166,2025-12-16 03:37:00.221000,104,SAMUS,False,2,3,0,False,3905
9167,2025-12-16 03:39:22.498000,38,CAPTAIN FALCON,False,3,1,0,True,3906
9168,2025-12-16 03:39:22.591000,104,SAMUS,False,1,3,0,False,3906
9169,2025-12-16 03:42:24.982000,38,CAPTAIN FALCON,False,2,3,0,False,3907
9170,2025-12-16 03:42:25.052000,104,ZELDA,False,3,2,0,True,3907
9171,2025-12-16 03:45:51.708000,38,PALUTENA,False,3,0,0,True,3908
9172,2025-12-16 03:45:51.812000,2106,UNKNOWN,False,0,0,0,False,3908
9173,2025-12-16 03:47:58.141000,38,PALUTENA,False,3,1,0,True,3909
9174,2025-12-16 03:47:58.236000,104,SAMUS,False,1,3,0,False,3909
9175,2025-12-16 03:51:14.094000,38,PALUTENA,False,3,1,0,True,3910
9176,2025-12-16 03:51:14.188000,104,KING DEDEDE,False,1,3,0,False,3910
9177,2025-12-16 03:54:11.116000,38,PALUTENA,False,3,2,0,True,3911
9178,2025-12-16 03:54:11.207000,104,ZELDA,False,2,3,0,False,3911
9179,2025-12-16 03:57:12.315000,38,PALUTENA,False,3,0,0,True,3912
9180,2025-12-16 03:57:12.436000,104,ZELDA,False,1,3,0,False,3912
9181,2025-12-16 04:00:39.728000,38,PALUTENA,False,3,2,0,True,3913
9182,2025-12-16 04:00:39.827000,104,ZELDA,False,2,3,0,False,3913
9183,2025-12-16 04:03:19.313000,38,PALUTENA,False,3,1,0,True,3914
9184,2025-12-16 04:03:19.418000,104,SAMUS,False,1,3,0,False,3914
9185,2025-12-16 04:08:14.729000,38,PALUTENA,False,3,2,0,True,3915
9186,2025-12-16 04:08:14.851000,104,ZELDA,False,2,3,0,False,3915
9187,2025-12-16 04:11:51.955000,38,PALUTENA,False,3,1,0,True,3916
9188,2025-12-16 04:11:52.048000,2106,UNKNOWN,False,0,0,0,False,3916
9189,2025-12-16 04:15:40.097000,38,PALUTENA,False,3,2,0,True,3917
9190,2025-12-16 04:15:40.198000,2106,UNKNOWN,False,0,0,0,False,3917
9191,2025-12-16 04:17:26.999000,38,PALUTENA,False,3,2,0,True,3918
9192,2025-12-16 04:17:27.101000,104,ZELDA,False,2,3,0,False,3918
9193,2025-12-16 04:20:13.863000,38,PALUTENA,False,3,1,0,True,3919
9194,2025-12-16 04:20:13.943000,104,ZELDA,False,1,3,0,False,3919
9195,2025-12-16 04:23:30.221000,38,PALUTENA,False,3,0,0,True,3920
9196,2025-12-16 04:23:30.293000,104,ZELDA,False,1,3,0,False,3920
9197,2025-12-16 04:30:24.635000,38,PALUTENA,False,3,1,0,True,3921
9198,2025-12-16 04:30:24.732000,104,ZELDA,False,1,3,0,False,3921
9199,2025-12-16 04:33:55.399000,38,PALUTENA,False,2,3,0,False,3922
9200,2025-12-16 04:33:55.499000,104,ZELDA,False,3,2,0,True,3922
9201,2025-12-16 06:20:02.944000,23,SAMUS,False,2,3,0,False,3923
9202,2025-12-16 06:20:03.114000,104,DONKEY KONG,False,3,2,0,True,3923
9203,2025-12-16 06:22:49.854000,23,SAMUS,False,1,3,0,False,3924
9204,2025-12-16 06:22:50.001000,39,DONKEY KONG,False,3,1,0,True,3924
9205,2025-12-16 06:26:15.769000,23,SAMUS,False,2,3,0,False,3925
9206,2025-12-16 06:26:15.928000,39,DONKEY KONG,False,3,2,0,True,3925
9207,2025-12-16 06:29:49.234000,23,SAMUS,False,2,3,0,False,3926
9208,2025-12-16 06:29:49.320000,39,RIDLEY,False,3,2,0,True,3926
9209,2025-12-16 06:32:30.889000,23,SAMUS,False,0,0,0,False,3927
9210,2025-12-16 06:32:30.979000,39,DONKEY KONG,False,3,1,0,True,3927
9211,2025-12-16 06:35:54.752000,23,SAMUS,False,3,1,1,True,3928
9212,2025-12-16 06:35:54.843000,39,DONKEY KONG,False,0,3,0,False,3928
9213,2025-12-16 06:44:09.216000,23,SAMUS,False,2,3,0,False,3929
9214,2025-12-16 06:44:09.298000,39,DONKEY KONG,False,3,2,0,True,3929
9215,2025-12-17 07:24:44.675000,375,BOWSER JR.,False,2,3,0,False,3930
9216,2025-12-17 07:24:44.880000,376,PIKACHU,False,3,0,0,True,3930
9217,2026-01-05 22:43:35.819000,39,DONKEY KONG,False,2,2,0,False,3931
9218,2026-01-05 22:43:35.972000,104,KING DEDEDE,False,2,2,0,True,3931
9219,2026-01-05 22:46:29.567000,39,DONKEY KONG,False,2,3,0,False,3932
9220,2026-01-05 22:46:29.714000,104,KING DEDEDE,False,3,2,0,True,3932
9221,2026-01-05 22:49:52.680000,39,DONKEY KONG,False,1,3,0,False,3933
9222,2026-01-05 22:49:52.791000,104,ZELDA,False,3,1,0,True,3933
9223,2026-01-07 02:25:23.230000,104,ZELDA,False,3,2,0,True,3934
9224,2026-01-07 02:25:23.402000,39,SORA,False,0,3,0,False,3934
9225,2026-01-07 02:28:27.054000,104,SAMUS,False,2,0,0,True,3935
9226,2026-01-07 02:28:27.177000,39,SORA,False,0,2,1,False,3935
9227,2026-01-08 02:28:10.813000,23,SAMUS,False,3,2,0,True,3936
9228,2026-01-08 02:28:10.961000,77,JOKER,False,2,3,0,False,3936
9229,2026-01-08 02:32:13.819000,23,SAMUS,False,3,0,0,True,3937
9230,2026-01-08 02:32:13.982000,77,JOKER,False,1,3,0,False,3937
9231,2026-01-08 02:38:13.653000,23,SAMUS,False,2,1,0,True,3938
9232,2026-01-08 02:38:13.740000,77,JOKER,False,1,2,0,True,3938
9233,2026-01-08 02:38:13.830000,104,ZELDA,False,2,2,1,True,3938
9234,2026-01-08 02:38:13.918000,21,GANONDORF,False,5,3,1,False,3938
9235,2026-01-08 02:38:14.022000,39,SORA,False,0,0,0,False,3938
9236,2026-01-08 02:42:25.813000,23,SAMUS,False,0,2,0,False,3939
9237,2026-01-08 02:42:25.925000,77,PYRA/MYTHRA,False,3,3,0,False,3939
9238,2026-01-08 02:42:26.022000,104,ZELDA,False,2,3,2,False,3939
9239,2026-01-08 02:42:26.129000,21,GANONDORF,False,7,2,0,True,3939
9240,2026-01-08 02:42:26.242000,39,DONKEY KONG,False,0,0,0,True,3939
9241,2026-01-08 02:46:40.929000,23,SAMUS,False,4,1,1,True,3940
9242,2026-01-08 02:46:41.025000,77,JOKER,False,0,1,0,True,3940
9243,2026-01-08 02:46:41.123000,104,ZELDA,False,2,0,0,True,3940
9244,2026-01-08 02:46:41.224000,2106,UNKNOWN,False,0,0,0,False,3940
9245,2026-01-08 02:46:41.343000,39,DONKEY KONG,False,1,2,1,False,3940
9246,2026-01-08 02:49:43.310000,23,SAMUS,False,1,1,0,True,3941
9247,2026-01-08 02:49:43.415000,77,JOKER,False,0,2,0,True,3941
9248,2026-01-08 02:49:43.508000,104,ZELDA,False,0,0,0,True,3941
9249,2026-01-08 02:49:43.586000,21,GANONDORF,False,4,3,1,False,3941
9250,2026-01-08 02:49:43.671000,39,SORA,False,2,3,0,False,3941
9251,2026-01-08 02:52:54.087000,23,SAMUS,False,0,0,0,True,3942
9252,2026-01-08 02:52:54.181000,77,JOKER,False,0,2,0,True,3942
9253,2026-01-08 02:52:54.272000,104,ZELDA,False,6,2,0,True,3942
9254,2026-01-08 02:52:54.353000,21,GANONDORF,False,5,3,0,False,3942
9255,2026-01-08 02:52:54.436000,39,DONKEY KONG,False,0,3,0,False,3942
9256,2026-01-08 02:59:44.046000,39,DONKEY KONG,False,1,3,0,False,3943
9257,2026-01-08 02:59:44.150000,21,GANONDORF,False,3,1,0,True,3943
9258,2026-01-08 03:01:21.261000,21,GANONDORF,False,3,2,0,True,3944
9259,2026-01-08 03:01:21.354000,104,GANONDORF,False,2,3,0,False,3944
9260,2026-01-08 03:04:25.815000,21,GANONDORF,False,3,1,0,True,3945
9261,2026-01-08 03:04:25.938000,104,GANONDORF,False,1,3,0,False,3945
9262,2026-01-08 03:07:30.741000,21,ZELDA,False,2,3,0,False,3946
9263,2026-01-08 03:07:30.837000,104,ZELDA,False,3,2,0,True,3946
9264,2026-01-08 03:11:02.896000,21,ZELDA,False,2,3,0,False,3947
9265,2026-01-08 03:11:03.005000,104,ZELDA,False,3,2,0,True,3947
9266,2026-01-08 23:36:42.804000,77,JOKER,False,2,2,1,False,3948
9267,2026-01-08 23:36:43.004000,23,SAMUS,False,2,2,0,True,3948
9268,2026-01-08 23:41:27.559000,77,JOKER,False,0,3,0,False,3949
9269,2026-01-08 23:41:27.706000,23,SAMUS,False,3,1,0,True,3949
9270,2026-01-08 23:43:21.586000,77,MYTHRA,False,0,1,0,False,3950
9271,2026-01-08 23:43:21.732000,23,SAMUS,False,2,0,0,True,3950
9272,2026-01-08 23:47:36.851000,77,JOKER,False,2,3,0,False,3951
9273,2026-01-08 23:47:36.939000,8988,SAMUS,False,3,2,0,True,3951
9274,2026-01-09 02:45:59.121000,39,SORA,False,3,3,0,True,3952
9275,2026-01-09 02:45:59.379000,2106,UNKNOWN,False,0,0,0,False,3952
9276,2026-01-09 02:47:30.083000,39,DONKEY KONG,False,3,1,0,True,3953
9277,2026-01-09 02:47:30.201000,77,JOKER,False,1,3,0,False,3953
9278,2026-01-09 02:49:30.421000,39,DONKEY KONG,False,3,0,0,True,3954
9279,2026-01-09 02:49:30.512000,77,PYRA/MYTHRA,False,0,3,0,False,3954
9280,2026-01-09 02:56:09.560000,39,DONKEY KONG,False,3,1,0,True,3955
9281,2026-01-09 02:56:09.660000,77,SONIC,False,1,3,0,False,3955
9282,2026-01-09 02:58:26.768000,39,SORA,False,0,0,0,False,3956
9283,2026-01-09 02:58:26.899000,77,JOKER,False,0,0,0,True,3956
9284,2026-01-09 03:03:35.980000,104,ZELDA,False,3,2,0,True,3957
9285,2026-01-09 03:03:36.083000,21,ZELDA,False,2,3,0,False,3957
9286,2026-01-09 03:05:36.818000,104,ZELDA,False,0,2,1,False,3958
9287,2026-01-09 03:05:36.927000,21,ZELDA,False,2,1,0,True,3958
9288,2026-01-09 03:09:07.700000,104,ZELDA,False,3,2,0,True,3959
9289,2026-01-09 03:09:07.818000,21,GANONDORF,False,2,3,0,False,3959
9290,2026-01-09 03:12:12.650000,104,ZELDA,False,2,3,0,False,3960
9291,2026-01-09 03:12:12.749000,21,GANONDORF,False,3,2,0,True,3960
9292,2026-01-09 03:15:37.602000,104,ZELDA,False,2,3,0,False,3961
9293,2026-01-09 03:15:37.728000,21,MR. GAME & WATCH,False,3,2,0,True,3961
9294,2026-01-09 03:18:03.697000,104,ZELDA,False,3,2,0,True,3962
9295,2026-01-09 03:18:03.789000,21,INCINEROAR,False,2,3,0,False,3962
9296,2026-01-09 03:23:00.891000,104,SAMUS,False,1,3,1,False,3963
9297,2026-01-09 03:23:00.995000,21,GANONDORF,False,1,3,0,True,3963
9298,2026-01-09 03:23:01.082000,8659,CAPTAIN FALCON,False,3,2,1,True,3963
9299,2026-01-09 03:23:01.209000,39,DONKEY KONG,False,2,2,1,False,3963
9300,2026-01-09 03:26:56.206000,104,ZELDA,False,3,1,0,True,3964
9301,2026-01-09 03:26:56.291000,39,DONKEY KONG,False,1,3,0,False,3964
9302,2026-01-09 03:29:57.245000,104,SAMUS,False,1,3,0,False,3965
9303,2026-01-09 03:29:57.340000,21,MR. GAME & WATCH,False,3,1,0,True,3965
9304,2026-01-09 03:34:11.572000,104,SAMUS,False,2,3,0,False,3966
9305,2026-01-09 03:34:11.666000,21,MR. GAME & WATCH,False,3,2,0,True,3966
9306,2026-01-09 03:37:46.545000,104,SAMUS,False,2,3,0,False,3967
9307,2026-01-09 03:37:46.636000,21,MR. GAME & WATCH,False,3,2,0,True,3967
9308,2026-01-09 03:40:42.135000,104,SAMUS,False,0,3,0,False,3968
9309,2026-01-09 03:40:42.225000,21,MR. GAME & WATCH,False,3,0,0,True,3968
9310,2026-01-09 03:42:43.019000,104,SAMUS,False,0,3,0,False,3969
9311,2026-01-09 03:42:43.093000,21,MR. GAME & WATCH,False,3,0,0,True,3969
9312,2026-01-09 03:46:09.462000,104,SAMUS,False,3,2,0,True,3970
9313,2026-01-09 03:46:09.556000,21,MR. GAME & WATCH,False,2,3,0,False,3970
9314,2026-01-10 21:07:25.315000,39,DONKEY KONG,False,3,2,0,True,3971
9315,2026-01-10 21:07:25.473000,104,ZELDA,False,2,3,0,False,3971
9316,2026-01-10 21:11:45.746000,39,DONKEY KONG,False,2,3,0,False,3972
9317,2026-01-10 21:11:45.863000,104,ZELDA,False,3,2,0,True,3972
9318,2026-01-10 21:17:38.221000,39,DONKEY KONG,False,2,3,0,False,3973
9319,2026-01-10 21:17:38.328000,104,KING DEDEDE,False,3,2,0,True,3973
9320,2026-01-10 21:22:04.113000,39,SORA,False,1,3,0,False,3974
9321,2026-01-10 21:22:04.207000,104,ZELDA,False,3,0,0,True,3974
9322,2026-01-10 21:24:15.913000,39,DONKEY KONG,False,3,1,0,True,3975
9323,2026-01-10 21:24:16.015000,104,SAMUS,False,1,3,0,False,3975
9324,2026-01-10 21:35:36.369000,39,DONKEY KONG,False,2,3,0,False,3976
9325,2026-01-10 21:35:36.564000,104,SAMUS,False,3,2,0,True,3976
9326,2026-01-11 23:13:11.671000,23,SAMUS,False,3,1,0,True,3977
9327,2026-01-11 23:13:11.804000,77,JOKER,False,1,3,0,False,3977
9328,2026-01-11 23:16:18.311000,23,SAMUS,False,3,1,0,True,3978
9329,2026-01-11 23:16:18.464000,77,JOKER,False,1,3,0,False,3978
9330,2026-01-11 23:20:37.643000,23,SAMUS,False,3,2,0,True,3979
9331,2026-01-11 23:20:37.723000,77,JOKER,False,2,3,0,False,3979
9332,2026-01-11 23:24:44.465000,23,SAMUS,False,3,1,0,True,3980
9333,2026-01-11 23:24:44.590000,77,JOKER,False,1,3,0,False,3980
9334,2026-01-11 23:34:22.950000,23,SAMUS,False,3,1,0,True,3981
9335,2026-01-11 23:34:23.033000,77,JOKER,False,1,3,0,False,3981
9336,2026-01-12 04:47:18.039000,77,JOKER,False,2,3,0,False,3982
9337,2026-01-12 04:47:18.183000,23,SAMUS,False,3,2,0,True,3982
9338,2026-01-12 04:51:50.445000,77,JOKER,False,3,2,0,True,3983
9339,2026-01-12 04:51:50.541000,23,SAMUS,False,2,3,0,False,3983
9340,2026-01-13 01:41:03.614000,77,JOKER,False,3,4,0,False,3984
9341,2026-01-13 01:41:03.795000,23,SAMUS,False,4,3,0,True,3984
9342,2026-01-13 01:44:36.064000,77,JOKER,False,2,3,0,False,3985
9343,2026-01-13 01:44:36.168000,23,SAMUS,False,3,2,0,True,3985
9344,2026-01-13 01:48:57.104000,77,JOKER,False,0,3,0,False,3986
9345,2026-01-13 01:48:57.193000,23,SAMUS,False,3,1,0,True,3986
9346,2026-01-13 01:51:20.687000,77,SONIC,False,0,3,0,False,3987
9347,2026-01-13 01:51:20.803000,23,SAMUS,False,3,0,0,True,3987
9348,2026-01-13 01:56:25.807000,77,JOKER,False,0,0,0,False,3988
9349,2026-01-13 01:56:25.983000,23,SAMUS,False,3,1,0,True,3988
9350,2026-01-13 01:58:53.655000,2106,UNKNOWN,False,0,0,0,False,3989
9351,2026-01-13 01:58:53.764000,23,SAMUS,False,3,2,0,True,3989
9352,2026-01-13 02:07:29.926000,77,JOKER,False,1,3,0,False,3990
9353,2026-01-13 02:07:30.068000,23,SAMUS,False,3,1,0,True,3990
9354,2026-01-13 04:17:04.948000,104,ZELDA,False,3,2,0,True,3991
9355,2026-01-13 04:17:05.147000,39,DONKEY KONG,False,2,3,0,False,3991
9356,2026-01-13 04:19:44.015000,104,ZELDA,False,3,3,0,True,3992
9357,2026-01-13 04:19:44.158000,39,DONKEY KONG,False,2,3,0,False,3992
9358,2026-01-13 04:22:31.852000,104,ZELDA,False,3,1,0,True,3993
9359,2026-01-13 04:22:31.939000,39,DONKEY KONG,False,1,3,0,False,3993
9360,2026-01-13 04:24:55.327000,104,ZELDA,False,2,3,0,False,3994
9361,2026-01-13 04:24:55.436000,39,DONKEY KONG,False,3,2,0,True,3994
9362,2026-01-13 04:27:41.563000,104,ZELDA,False,0,3,0,False,3995
9363,2026-01-13 04:27:41.675000,39,DONKEY KONG,False,3,1,0,True,3995
9364,2026-01-13 04:31:08.956000,104,ZELDA,False,3,2,0,True,3996
9365,2026-01-13 04:31:09.059000,39,DONKEY KONG,False,2,3,0,False,3996
9366,2026-01-13 04:34:22.284000,104,ZELDA,False,0,3,0,False,3997
9367,2026-01-13 04:34:22.372000,39,DONKEY KONG,False,3,1,0,True,3997
9368,2026-01-13 04:36:05.925000,104,ZELDA,False,3,1,0,True,3998
9369,2026-01-13 04:36:06.023000,39,DONKEY KONG,False,1,3,0,False,3998
9370,2026-01-13 04:39:07.295000,104,ZELDA,False,3,2,0,True,3999
9371,2026-01-13 04:39:07.392000,39,DONKEY KONG,False,2,3,0,False,3999
9372,2026-01-13 04:42:18.383000,104,ZELDA,False,3,1,0,True,4000
9373,2026-01-13 04:42:18.483000,39,DONKEY KONG,False,1,3,0,False,4000
9374,2026-01-13 04:45:04.223000,104,ZELDA,False,2,3,0,False,4001
9375,2026-01-13 04:45:04.354000,39,DONKEY KONG,False,3,2,0,True,4001
9376,2026-01-13 04:46:47.309000,104,ZELDA,False,1,3,0,False,4002
9377,2026-01-13 04:46:47.428000,39,DONKEY KONG,False,3,1,0,True,4002
9378,2026-01-13 04:50:03.596000,104,ZELDA,False,2,3,0,False,4003
9379,2026-01-13 04:50:03.699000,39,DONKEY KONG,False,3,2,0,True,4003
9380,2026-01-13 04:53:07.458000,104,ZELDA,False,2,3,0,False,4004
9381,2026-01-13 04:53:07.537000,39,DONKEY KONG,False,3,2,0,True,4004
9382,2026-01-13 04:58:20.803000,104,ZELDA,False,3,2,0,True,4005
9383,2026-01-13 04:58:20.889000,39,DONKEY KONG,False,2,3,0,False,4005
9384,2026-01-14 00:32:19.611000,39,DONKEY KONG,False,1,3,0,False,4006
9385,2026-01-14 00:32:19.791000,9100,KIRBY,False,3,0,0,True,4006
9386,2026-01-14 00:35:39.611000,39,DONKEY KONG,False,2,3,0,False,4007
9387,2026-01-14 00:35:39.718000,9100,KIRBY,False,3,0,0,True,4007
9388,2026-01-14 00:39:46.700000,39,DONKEY KONG,False,3,3,0,False,4008
9389,2026-01-14 00:39:46.842000,9100,KIRBY,False,4,3,0,False,4008
9390,2026-01-14 00:39:46.981000,77,JOKER,False,3,0,0,True,4008
9391,2026-01-14 00:42:36.606000,39,DONKEY KONG,False,0,4,0,False,4009
9392,2026-01-14 00:42:36.716000,9100,KIRBY,False,5,2,0,True,4009
9393,2026-01-14 00:42:36.824000,77,JOKER,False,2,3,0,False,4009
9394,2026-01-14 00:47:00.432000,39,SORA,False,0,3,0,False,4010
9395,2026-01-14 00:47:00.548000,9100,KIRBY,False,5,2,0,True,4010
9396,2026-01-14 00:47:00.680000,77,JOKER,False,0,3,0,False,4010
9397,2026-01-14 00:51:12.448000,39,DONKEY KONG,False,0,2,1,False,4011
9398,2026-01-14 00:51:12.553000,9100,KIRBY,False,4,2,0,True,4011
9399,2026-01-14 00:51:12.626000,77,PYRA/MYTHRA,False,2,2,0,False,4011
9400,2026-01-14 00:53:02.613000,9100,KIRBY,False,3,0,0,True,4012
9401,2026-01-14 00:53:02.728000,77,SONIC,False,0,3,0,False,4012
9402,2026-01-14 00:56:43.875000,9100,ISABELLE,False,3,1,0,True,4013
9403,2026-01-14 00:56:43.962000,77,JOKER,False,1,3,0,False,4013
9404,2026-01-14 02:26:33.274000,104,KING DEDEDE,False,2,3,0,False,4014
9405,2026-01-14 02:26:33.452000,9100,KIRBY,False,3,2,0,True,4014
9406,2026-01-14 02:29:24.462000,104,KING DEDEDE,False,3,1,0,True,4015
9407,2026-01-14 02:29:24.573000,9100,KIRBY,False,1,3,0,False,4015
9408,2026-01-14 02:33:13.447000,104,ZELDA,False,2,3,0,False,4016
9409,2026-01-14 02:33:13.572000,9100,KIRBY,False,3,2,0,True,4016
9410,2026-01-14 02:36:52.282000,104,ZELDA,False,3,2,0,True,4017
9411,2026-01-14 02:36:52.362000,9100,KIRBY,False,2,3,0,False,4017
9412,2026-01-14 02:40:31.221000,104,SAMUS,False,2,3,0,False,4018
9413,2026-01-14 02:40:31.333000,9100,KIRBY,False,3,2,0,True,4018
9414,2026-01-14 02:44:07.258000,104,SAMUS,False,3,2,0,True,4019
9415,2026-01-14 02:44:07.337000,9100,KIRBY,False,2,3,0,False,4019
9416,2026-01-14 02:47:26.461000,104,ZELDA,False,3,2,0,True,4020
9417,2026-01-14 02:47:26.541000,9100,ISABELLE,False,2,3,0,False,4020
9418,2026-01-14 03:25:56.086000,104,KING DEDEDE,False,3,2,0,True,4021
9419,2026-01-14 03:25:56.302000,2106,UNKNOWN,False,0,0,0,False,4021
9420,2026-01-14 03:28:00.105000,9100,KIRBY,False,3,1,0,True,4022
9421,2026-01-14 03:28:00.191000,23,SAMUS,False,1,3,0,False,4022
9422,2026-01-14 03:38:24.382000,9100,KIRBY,False,3,2,0,True,4023
9423,2026-01-14 03:38:24.496000,23,SAMUS,False,2,3,0,False,4023
9424,2026-01-15 03:03:49.588000,104,ZELDA,False,2,2,0,True,4024
9425,2026-01-15 03:03:49.794000,9100,KIRBY,False,2,3,0,False,4024
9426,2026-01-15 03:06:38.585000,104,ZELDA,False,3,0,0,True,4025
9427,2026-01-15 03:06:38.721000,9100,KIRBY,False,0,3,0,False,4025
9428,2026-01-15 03:09:56.216000,104,ZELDA,False,3,0,0,True,4026
9429,2026-01-15 03:09:56.290000,9144,KIRBY,False,2,3,0,False,4026
9430,2026-01-15 03:11:54.538000,104,ZELDA,False,2,0,0,True,4027
9431,2026-01-15 03:11:54.641000,9100,KIRBY,False,0,3,0,False,4027
9432,2026-01-15 03:18:33.598000,104,ZELDA,False,2,2,0,False,4028
9433,2026-01-15 03:18:33.698000,9100,KIRBY,False,3,2,0,True,4028
9434,2026-01-15 03:20:47.335000,104,KING DEDEDE,False,2,0,0,True,4029
9435,2026-01-15 03:20:47.422000,9100,KIRBY,False,0,2,1,False,4029
9436,2026-01-15 03:23:46.741000,104,KING DEDEDE,False,2,0,0,True,4030
9437,2026-01-15 03:23:46.812000,9100,KIRBY,False,0,2,1,False,4030
9438,2026-01-15 03:30:26.988000,104,KING DEDEDE,False,2,3,0,False,4031
9439,2026-01-15 03:30:27.102000,9154,KIRBY,False,3,2,0,True,4031
9440,2026-01-15 03:35:20.471000,9155,KING DEDEDE,False,3,2,0,True,4032
9441,2026-01-15 03:35:20.588000,9156,KIRBY,False,2,3,0,False,4032
9442,2026-01-15 05:14:18.419000,9157,CAPTAIN FALCON,False,2,2,0,True,4033
9443,2026-01-15 05:14:18.549000,9100,LITTLE MAC,False,2,2,1,False,4033
9444,2026-01-16 01:12:33.026000,23,SAMUS,False,3,2,0,True,4034
9445,2026-01-16 01:12:33.177000,1112,NESS,False,2,3,0,False,4034
9446,2026-01-16 01:16:09.129000,23,SAMUS,False,2,3,0,False,4035
9447,2026-01-16 01:16:09.286000,1112,NESS,False,3,2,0,True,4035
9448,2026-01-16 01:18:41.530000,23,SAMUS,False,0,3,0,False,4036
9449,2026-01-16 01:18:41.613000,1112,NESS,False,3,0,0,True,4036
9450,2026-01-16 01:23:02.247000,23,SAMUS,False,3,2,0,True,4037
9451,2026-01-16 01:23:02.362000,1112,NESS,False,2,3,0,False,4037
9452,2026-01-16 01:29:30.799000,23,SAMUS,False,2,2,0,False,4038
9453,2026-01-16 01:29:30.901000,1112,NESS,False,2,2,0,True,4038
9454,2026-01-16 01:32:22.147000,23,SAMUS,False,1,3,0,False,4039
9455,2026-01-16 01:32:22.230000,1112,NESS,False,3,1,0,True,4039
9456,2026-01-16 02:32:20.678000,2106,UNKNOWN,False,0,0,0,False,4040
9457,2026-01-16 02:32:20.849000,1112,NESS,False,1,3,0,True,4040
9458,2026-01-16 21:59:55.351000,21,GANONDORF,False,2,3,0,False,4041
9459,2026-01-16 21:59:55.533000,8659,CAPTAIN FALCON,False,3,2,0,True,4041
9460,2026-01-16 22:02:00.143000,38,GANONDORF,False,3,1,0,True,4042
9461,2026-01-16 22:02:00.306000,8659,CAPTAIN FALCON,False,1,3,0,False,4042
9462,2026-01-16 22:06:16.229000,21,GANONDORF,False,1,3,0,False,4043
9463,2026-01-16 22:06:16.337000,38,GANONDORF,False,3,1,1,True,4043
9464,2026-01-16 22:08:06.715000,38,GANONDORF,False,3,0,0,True,4044
9465,2026-01-16 22:08:06.822000,8659,GANONDORF,False,0,3,0,False,4044
9466,2026-01-16 22:10:38.767000,21,GANONDORF,False,1,3,0,False,4045
9467,2026-01-16 22:10:38.829000,38,GANONDORF,False,3,1,0,True,4045
9468,2026-01-16 22:13:54.344000,38,CAPTAIN FALCON,False,3,1,0,True,4046
9469,2026-01-16 22:13:54.442000,8659,CAPTAIN FALCON,False,1,3,0,False,4046
9470,2026-01-16 22:16:38.211000,21,GANONDORF,False,3,2,0,True,4047
9471,2026-01-16 22:16:38.286000,38,GANONDORF,False,2,3,0,False,4047
9472,2026-01-16 22:29:07.826000,21,GANONDORF,False,0,0,0,True,4048
9473,2026-01-16 22:29:07.920000,77,JOKER,False,0,0,0,False,4048
9474,2026-01-16 22:44:45.567000,21,GANONDORF,False,2,3,0,False,4049
9475,2026-01-16 22:44:45.701000,38,GANONDORF,False,3,2,0,True,4049
9476,2026-01-16 22:47:34.826000,21,GANONDORF,False,1,3,0,False,4050
9477,2026-01-16 22:47:34.941000,38,GANONDORF,False,3,1,1,True,4050
9478,2026-01-16 22:49:33.813000,21,GANONDORF,False,0,3,0,False,4051
9479,2026-01-16 22:49:33.898000,38,GANONDORF,False,3,0,0,True,4051
9480,2026-01-16 22:53:03.246000,21,ZELDA,False,1,3,0,False,4052
9481,2026-01-16 22:53:03.360000,38,GANONDORF,False,3,1,0,True,4052
9482,2026-01-16 22:55:46.651000,21,MR. GAME & WATCH,False,1,3,0,False,4053
9483,2026-01-16 22:55:46.730000,38,GANONDORF,False,3,1,0,True,4053
9484,2026-01-16 22:59:49.377000,21,MR. GAME & WATCH,False,2,3,0,False,4054
9485,2026-01-16 22:59:49.468000,38,GANONDORF,False,3,2,0,True,4054
9486,2026-01-16 23:10:57.933000,21,MR. GAME & WATCH,False,0,0,0,False,4055
9487,2026-01-16 23:10:58.016000,38,JOKER,False,0,0,0,True,4055
9488,2026-01-17 03:26:04.312000,54,DONKEY KONG,False,1,3,0,False,4056
9489,2026-01-17 03:26:04.481000,9100,KIRBY,False,3,1,0,True,4056
9490,2026-01-17 03:30:54.557000,54,JOKER,False,3,2,0,True,4057
9491,2026-01-17 03:30:54.630000,9100,KIRBY,False,2,3,0,False,4057
9492,2026-01-17 03:33:35.316000,54,STEVE,False,3,2,0,True,4058
9493,2026-01-17 03:33:35.405000,9100,KIRBY,False,2,3,0,False,4058
9494,2026-01-17 03:38:22.861000,54,STEVE,False,3,2,0,True,4059
9495,2026-01-17 03:38:22.965000,38,JOKER,False,2,3,0,False,4059
9496,2026-01-17 03:44:00.537000,54,JOKER,False,0,3,0,False,4060
9497,2026-01-17 03:44:00.691000,38,INCINEROAR,False,3,0,0,True,4060
9498,2026-01-17 03:46:53.706000,54,JOKER,False,2,3,0,False,4061
9499,2026-01-17 03:46:53.797000,38,INCINEROAR,False,3,2,0,True,4061
9500,2026-01-17 03:52:07.768000,54,LINK,False,3,2,0,True,4062
9501,2026-01-17 03:52:07.885000,77,JOKER,False,1,3,0,False,4062
9502,2026-01-17 03:56:45.527000,54,CLOUD,False,3,1,0,True,4063
9503,2026-01-17 03:56:45.615000,77,JOKER,False,0,3,0,False,4063
9504,2026-01-17 03:58:50.899000,54,STEVE,False,1,3,0,False,4064
9505,2026-01-17 03:58:50.977000,38,INCINEROAR,False,3,1,0,True,4064
9506,2026-01-17 04:02:00.696000,54,STEVE,False,3,1,0,True,4065
9507,2026-01-17 04:02:00.781000,38,INCINEROAR,False,1,3,0,False,4065
9508,2026-01-17 04:05:20.703000,54,STEVE,False,2,3,0,False,4066
9509,2026-01-17 04:05:20.793000,38,JOKER,False,3,2,0,True,4066
9510,2026-01-17 04:11:41.368000,54,STEVE,False,1,3,0,False,4067
9511,2026-01-17 04:11:41.478000,38,JOKER,False,3,1,0,True,4067
9512,2026-01-17 04:16:32.272000,54,STEVE,False,0,0,0,False,4068
9513,2026-01-17 04:16:32.358000,38,JOKER,False,0,0,0,True,4068
9620,2026-01-21 20:00:37.004000,9238,DONKEY KONG,False,3,0,0,True,4130
9621,2026-01-21 20:00:37.004000,9326,STEVE,False,0,3,0,False,4130
9645,2026-01-23 01:29:44.613000,104,KING DEDEDE,False,6,2,0,True,4140
9646,2026-01-23 01:29:44.709000,2586,BOWSER,False,0,3,0,False,4140
9647,2026-01-23 01:29:44.792000,39,DONKEY KONG,False,2,3,0,False,4140
9672,2026-01-23 02:08:56.858000,9157,PALUTENA,False,0,3,1,False,4148
9673,2026-01-23 02:08:56.969000,3007,BOWSER,False,2,3,0,False,4148
9693,2026-01-23 02:38:02.112000,23,SAMUS,False,2,4,0,False,4153
9694,2026-01-23 02:38:02.211000,9373,CAPTAIN FALCON,False,6,2,0,True,4153
9695,2026-01-23 02:38:02.306000,104,ZELDA,False,2,2,1,True,4153
9696,2026-01-23 02:38:02.394000,9157,CAPTAIN FALCON,False,0,3,0,False,4153
9697,2026-01-23 02:38:02.479000,3657,SEPHIROTH,False,0,2,1,False,4153
9709,2026-01-23 02:55:44.314000,23,SAMUS,False,1,3,0,False,4156
9710,2026-01-23 02:55:44.433000,3657,BOWSER,False,0,3,0,False,4156
9711,2026-01-23 02:55:44.543000,9157,SEPHIROTH,False,1,3,0,False,4156
9712,2026-01-23 02:55:44.656000,9373,CAPTAIN FALCON,False,2,2,0,True,4156
9718,2026-01-23 03:03:28.551000,104,KING DEDEDE,False,6,2,0,True,4158
9719,2026-01-23 03:03:28.620000,23,SAMUS,False,2,3,1,False,4158
9720,2026-01-23 03:03:28.684000,3657,BANJO & KAZOOIE,False,0,3,0,False,4158
9721,2026-01-23 03:03:28.748000,9157,SEPHIROTH,False,1,3,0,False,4158
9722,2026-01-23 03:03:28.811000,9373,CAPTAIN FALCON,False,2,1,0,True,4158
9728,2026-01-23 03:13:46.500000,23,SAMUS,False,1,3,0,False,4160
9729,2026-01-23 03:13:46.642000,104,ZELDA,False,6,1,0,True,4160
9730,2026-01-23 03:13:46.736000,9157,SEPHIROTH,False,0,0,1,False,4160
9731,2026-01-23 03:13:46.816000,9373,CLOUD,False,3,3,0,False,4160
9736,2026-01-23 03:23:04.955000,23,SAMUS,False,4,2,0,True,4162
9737,2026-01-23 03:23:05.049000,104,ZELDA,False,0,3,0,False,4162
9738,2026-01-23 03:23:05.143000,9157,CLOUD,False,0,1,1,False,4162
9739,2026-01-23 03:23:05.228000,9373,BYLETH,False,0,3,0,False,4162
9740,2026-01-23 03:28:17.074000,23,SAMUS,False,2,2,0,True,4163
9741,2026-01-23 03:28:17.177000,104,ZELDA,False,3,3,0,False,4163
9742,2026-01-23 03:28:17.271000,9157,SEPHIROTH,False,1,3,0,False,4163
9743,2026-01-23 03:28:17.367000,9373,CAPTAIN FALCON,False,5,3,0,False,4163
9744,2026-01-23 03:32:45.426000,23,SAMUS,False,3,3,0,False,4164
9622,2026-01-05 14:49:52.876000,39,DONKEY KONG,False,1,3,0,False,4131
9623,2026-01-05 14:49:52.876000,104,ZELDA,False,3,1,0,True,4131
9648,2026-01-23 01:32:32.077000,104,KING DEDEDE,False,2,2,0,False,4141
9649,2026-01-23 01:32:32.147000,2586,BOWSER,False,4,1,1,True,4141
9650,2026-01-23 01:32:32.227000,39,DONKEY KONG,False,1,3,0,False,4141
9674,2026-01-23 02:19:39.716000,23,SAMUS,False,4,2,0,True,4149
9675,2026-01-23 02:19:39.843000,9373,GANONDORF,False,4,3,0,False,4149
9676,2026-01-23 02:19:39.951000,9157,PALUTENA,False,2,3,0,False,4149
9677,2026-01-23 02:19:40.059000,3657,SEPHIROTH,False,1,3,0,False,4149
9514,2026-01-19 04:16:32.125000,38,JOKER,False,0,0,0,True,4069
9515,2026-01-19 04:16:32.125000,4639,ENDERMAN,False,0,0,0,False,4069
9516,2026-01-19 04:11:41.247000,38,JOKER,False,3,1,0,True,4070
9517,2026-01-19 04:11:41.247000,4639,ENDERMAN,False,1,3,0,False,4070
9518,2026-01-19 04:05:20.565000,38,CAPTAIN FALCON,False,3,2,0,True,4071
9519,2026-01-19 04:05:20.565000,4639,ENDERMAN,False,2,3,0,False,4071
9520,2026-01-19 04:02:00.589000,38,PALUTENA,False,1,3,0,True,4072
9698,2026-01-23 02:47:55.865000,104,ZELDA,False,2,3,0,True,4154
9522,2026-01-19 04:44:00.389000,38,INCINEROAR,False,3,1,0,True,4073
9699,2026-01-23 02:47:55.962000,23,SAMUS,False,4,3,0,False,4154
9700,2026-01-23 02:47:56.064000,3657,DONKEY KONG,False,1,3,0,False,4154
9525,2026-01-19 04:44:00.389000,38,INCINEROAR,False,3,1,0,True,4074
9701,2026-01-23 02:47:56.157000,9157,RIDLEY,False,1,1,1,False,4154
9702,2026-01-23 02:47:56.247000,9373,CAPTAIN FALCON,False,0,1,0,True,4154
9713,2026-01-23 02:59:09.099000,104,KING DEDEDE,False,6,1,1,True,4157
9714,2026-01-23 02:59:09.177000,23,SAMUS,False,0,3,0,False,4157
9715,2026-01-23 02:59:09.247000,3657,SEPHIROTH,False,1,3,0,False,4157
9531,2026-01-19 04:05:20.565000,38,JOKER,False,3,1,0,True,4077
9716,2026-01-23 02:59:09.322000,9157,PALUTENA,False,0,3,0,False,4157
9717,2026-01-23 02:59:09.399000,9373,CAPTAIN FALCON,False,3,1,0,True,4157
9723,2026-01-23 03:08:03.524000,104,GANONDORF,False,0,2,0,False,4159
9724,2026-01-23 03:08:03.606000,23,SAMUS,False,0,1,0,False,4159
9725,2026-01-23 03:08:03.686000,3657,BOWSER,False,0,2,0,False,4159
9726,2026-01-23 03:08:03.766000,9157,SEPHIROTH,False,6,0,0,True,4159
9727,2026-01-23 03:08:03.838000,9373,CAPTAIN FALCON,False,0,1,0,False,4159
9529,2026-01-19 04:58:50.815000,38,INCINEROAR,False,3,2,0,True,4076
9732,2026-01-23 03:17:53.879000,23,SAMUS,False,0,3,0,False,4161
9733,2026-01-23 03:17:53.968000,104,ZELDA,False,4,0,0,True,4161
9734,2026-01-23 03:17:54.070000,9157,CLOUD,False,1,3,0,False,4161
9735,2026-01-23 03:17:54.174000,9373,NESS,False,2,3,0,False,4161
9536,2026-01-19 04:22:32.125000,4639,ENDERMAN,False,3,1,0,False,4079
9537,2026-01-19 04:22:32.125000,38,INCINEROAR,False,1,3,0,True,4079
9530,2026-01-19 04:02:00.589000,4639,ENDERMAN,False,1,3,0,False,4077
9528,2026-01-19 04:56:45.444000,4639,ENDERMAN,False,2,3,0,False,4076
9524,2026-01-19 04:38:22.664000,4639,ENDERMAN,False,1,3,0,False,4074
9523,2026-01-19 04:38:22.664000,4639,ENDERMAN,False,1,3,0,False,4073
9521,2026-01-19 04:02:00.589000,4639,ENDERMAN,False,3,1,0,False,4072
9544,2025-12-29 17:13:51.122000,104,KING DEDEDE,False,3,2,0,True,4097
9532,2026-01-19 04:16:32.125000,4639,ENDERMAN,False,1,3,0,False,4078
9545,2025-12-29 17:13:51.122000,54,KING K. ROOL,False,2,3,0,False,4097
9546,2025-12-29 17:16:56.787000,104,KING DEDEDE,False,3,1,0,True,4098
9533,2026-01-19 04:16:32.125000,38,INCINEROAR,False,3,1,0,True,4078
9527,2026-01-19 04:52:07.596000,38,INCINEROAR,False,1,3,0,True,4075
9526,2026-01-19 04:46:53.607000,4639,ENDERMAN,False,3,1,0,False,4075
9538,2026-01-22 17:23:02.523000,104,KING DEDEDE,False,2,3,0,False,4094
9539,2026-01-22 17:23:02.694000,39,DONKEY KONG,False,3,2,0,True,4094
9540,2026-01-22 17:23:38.851000,104,KING DEDEDE,False,3,0,0,True,4095
9541,2026-01-22 17:23:39.002000,39,DONKEY KONG,False,0,3,0,False,4095
9542,2025-12-23 16:28:49.162000,104,KING DEDEDE,False,3,0,0,True,4096
9543,2025-12-23 16:28:49.162000,39,DONKEY KONG,False,2,3,0,False,4096
9547,2025-12-29 17:16:56.787000,54,KING K. ROOL,False,1,3,0,False,4098
9548,2025-12-29 17:19:55.252000,104,KING DEDEDE,False,4,1,0,True,4099
9549,2025-12-29 17:19:55.252000,54,KING K. ROOL,False,1,3,0,False,4099
9550,2025-12-29 17:38:58.226000,104,SAMUS,False,0,0,0,False,4100
9551,2025-12-29 17:38:58.226000,54,JOKER,False,0,0,0,True,4100
9552,2025-12-29 17:43:26.093000,104,SAMUS,False,3,2,0,True,4101
9553,2025-12-29 17:43:26.093000,54,JOKER,False,2,3,0,False,4101
9554,2025-12-29 17:49:31.739000,104,SAMUS,False,3,0,0,True,4102
9555,2025-12-29 17:49:31.739000,54,DONKEY KONG,False,0,3,0,False,4102
9556,2025-12-29 17:51:13.921000,104,SAMUS,False,3,2,0,True,4103
9557,2025-12-29 17:51:13.921000,54,DONKEY KONG,False,2,3,0,False,4103
9558,2025-12-29 17:54:22.737000,104,ZELDA,False,0,0,0,True,4104
9559,2025-12-29 17:54:22.737000,54,JOKER,False,0,0,0,False,4104
9560,2026-01-05 14:39:10.999000,39,DONKEY KONG,False,2,3,0,False,4105
9561,2026-01-05 14:39:10.999000,104,KING DEDEDE,False,3,2,0,True,4105
9562,2026-01-05 14:42:37.269000,39,DONKEY KONG,False,2,3,0,False,4106
9563,2026-01-05 14:42:37.269000,104,KING DEDEDE,False,3,0,0,True,4106
9564,2026-01-06 18:20:27.364000,104,ZELDA,False,3,2,0,True,4107
9565,2026-01-06 18:20:27.364000,39,SORA,False,2,3,0,False,4107
9566,2026-01-06 18:24:47.847000,104,SAMUS,False,2,2,0,True,4108
9567,2026-01-06 18:24:47.847000,39,SORA,False,0,1,1,False,4108
9568,2026-01-07 18:23:20.234000,23,SAMUS,False,3,2,0,True,4109
9569,2026-01-07 18:23:20.234000,77,JOKER,False,2,3,0,False,4109
9570,2026-01-07 18:27:54.003000,23,SAMUS,False,3,0,0,True,4110
9571,2026-01-07 18:27:54.003000,77,JOKER,False,1,3,0,False,4110
9572,2026-01-07 18:56:15.224000,39,DONKEY KONG,False,1,3,0,False,4111
9573,2026-01-07 18:56:15.224000,21,GANONDORF,False,3,1,0,True,4111
9574,2026-01-20 19:26:10.077000,21,GANONDORF,False,3,1,1,True,4112
9575,2026-01-20 19:26:10.077000,9238,DONKEY KONG,False,1,3,0,False,4112
9576,2026-01-20 19:30:02.214000,21,GANONDORF,False,3,2,0,True,4113
9577,2026-01-20 19:30:02.214000,8659,CAPTAIN FALCON,False,2,3,0,False,4113
9745,2026-01-23 03:32:45.503000,104,ZELDA,False,2,2,0,True,4164
9746,2026-01-23 03:32:45.573000,9157,GANONDORF,False,1,3,0,False,4164
9747,2026-01-23 03:32:45.638000,9373,CAPTAIN FALCON,False,5,3,0,False,4164
9748,2026-01-23 03:37:09.942000,23,SAMUS,False,3,3,0,False,4165
9749,2026-01-23 03:37:10.037000,104,SAMUS,False,4,1,0,True,4165
9750,2026-01-23 03:37:10.136000,9455,SEPHIROTH,False,0,3,0,False,4165
9751,2026-01-23 03:37:10.220000,9373,CAPTAIN FALCON,False,2,3,0,False,4165
9752,2026-01-23 03:41:45.149000,9373,CAPTAIN FALCON,False,3,2,0,True,4166
9753,2026-01-23 03:41:45.259000,104,KING DEDEDE,False,2,3,0,False,4166
9754,2026-01-23 03:45:06.232000,9373,CAPTAIN FALCON,False,2,3,0,False,4167
9755,2026-01-23 03:45:06.346000,104,ZELDA,False,3,2,0,True,4167
9756,2026-01-23 03:48:20.373000,9373,CAPTAIN FALCON,False,3,1,0,True,4168
9757,2026-01-23 03:48:20.462000,104,ZELDA,False,0,3,0,False,4168
9758,2026-01-23 03:51:03.531000,9373,CAPTAIN FALCON,False,2,3,0,False,4169
9759,2026-01-23 03:51:03.637000,104,ZELDA,False,3,2,0,True,4169
9760,2026-01-23 03:55:38.038000,9373,CAPTAIN FALCON,False,0,0,0,True,4170
9761,2026-01-23 03:55:38.154000,104,ZELDA,False,0,0,0,False,4170
9762,2026-01-23 05:20:05.252000,77,JOKER,False,2,3,0,False,4171
9763,2026-01-23 05:20:05.428000,23,SAMUS,False,3,2,0,True,4171
9764,2026-01-23 05:24:30.748000,77,JOKER,False,1,3,0,False,4172
9765,2026-01-23 05:24:30.860000,23,SAMUS,False,3,1,0,True,4172
9766,2026-01-23 05:28:54.364000,77,JOKER,False,1,3,0,False,4173
9767,2026-01-23 05:28:54.484000,23,SAMUS,False,3,1,0,True,4173
9768,2026-01-23 05:31:51.457000,77,SONIC,False,0,3,0,False,4174
9769,2026-01-23 05:31:51.566000,23,SAMUS,False,3,0,0,True,4174
9770,2026-01-23 05:35:42.925000,77,SONIC,False,1,3,0,False,4175
9771,2026-01-23 05:35:43.032000,23,SAMUS,False,3,1,0,True,4175
9772,2026-01-23 05:38:35.771000,77,SONIC,False,0,3,0,False,4176
9773,2026-01-23 05:38:35.862000,23,SAMUS,False,3,0,0,True,4176
9774,2026-01-23 05:42:21.072000,77,PYRA,False,1,3,0,False,4177
9775,2026-01-23 05:42:21.160000,23,SAMUS,False,3,1,0,True,4177
9776,2026-01-24 02:13:28.557000,23,SAMUS,False,5,0,0,True,4178
9777,2026-01-24 02:13:28.731000,3657,SEPHIROTH,False,1,3,0,False,4178
9778,2026-01-24 02:13:28.891000,3007,CAPTAIN FALCON,False,3,3,0,False,4178
9779,2026-01-24 02:17:22.395000,23,SAMUS,False,4,0,0,True,4179
9780,2026-01-24 02:17:22.508000,3657,SEPHIROTH,False,1,1,0,False,4179
9781,2026-01-24 02:17:22.609000,3007,KAZUYA,False,0,2,1,False,4179
9782,2026-01-24 02:22:09.681000,23,SAMUS,False,4,3,0,False,4180
9783,2026-01-24 02:22:09.826000,3657,SEPHIROTH,False,4,2,0,True,4180
9784,2026-01-24 02:22:09.976000,3007,FOX,False,0,3,0,False,4180
9785,2026-01-24 02:25:53.585000,23,SAMUS,False,3,0,0,True,4181
9786,2026-01-24 02:25:53.687000,3657,SEPHIROTH,False,1,3,0,False,4181
9787,2026-01-24 02:25:53.761000,3007,CLOUD,False,2,2,0,False,4181
9788,2026-01-24 02:31:49.228000,23,SAMUS,False,3,2,0,True,4182
9789,2026-01-24 02:31:49.343000,3657,BOWSER,False,3,3,0,False,4182
9790,2026-01-24 02:31:49.457000,3007,CLOUD,False,2,3,0,False,4182
9791,2026-01-24 02:36:39.317000,23,SAMUS,False,1,3,0,False,4183
9792,2026-01-24 02:36:39.414000,3657,SEPHIROTH,False,5,2,0,True,4183
9793,2026-01-24 02:36:39.491000,3007,FOX,False,1,2,0,False,4183
9794,2026-01-24 02:39:41.678000,23,SAMUS,False,3,1,0,True,4184
9795,2026-01-24 02:39:41.765000,3657,SEPHIROTH,False,1,3,0,False,4184
9796,2026-01-24 02:43:54.131000,23,SAMUS,False,3,1,0,True,4185
9797,2026-01-24 02:43:54.215000,3657,SEPHIROTH,False,1,3,0,False,4185
9798,2026-01-24 02:47:05.201000,23,SAMUS,False,2,3,0,False,4186
9799,2026-01-24 02:47:05.295000,3657,BOWSER,False,3,2,0,True,4186
9800,2026-01-24 02:57:41.701000,23,SAMUS,False,3,1,0,True,4187
9801,2026-01-24 02:57:41.788000,3657,BOWSER,False,1,3,0,False,4187
9802,2026-01-24 05:58:14.022000,9157,META KNIGHT,False,0,0,0,False,4188
9803,2026-01-24 05:58:14.210000,3657,POKÉMON TRAINER,False,3,1,0,True,4188
9804,2026-01-24 06:00:55.088000,9157,WOLF,False,3,2,0,True,4189
9805,2026-01-24 06:00:55.175000,3657,CAPTAIN FALCON,False,2,3,0,False,4189
9806,2026-01-24 06:50:46.326000,9157,NESS,False,2,3,0,False,4190
9807,2026-01-24 06:50:46.465000,23,SAMUS,False,3,2,0,True,4190
9808,2026-01-27 04:32:44.546000,77,JOKER,False,1,3,0,False,4191
9809,2026-01-27 04:32:44.696000,23,SAMUS,False,3,1,0,True,4191
9810,2026-01-27 04:35:11.917000,77,JOKER,False,0,3,0,False,4192
9811,2026-01-27 04:35:12.063000,23,SAMUS,False,3,0,0,True,4192
9812,2026-01-27 04:38:34.328000,77,JOKER,False,1,3,0,False,4193
9813,2026-01-27 04:38:34.432000,23,SAMUS,False,3,1,0,True,4193
9814,2026-01-27 04:46:56.818000,77,JOKER,False,3,2,0,True,4194
9815,2026-01-27 04:46:56.932000,23,SAMUS,False,2,3,0,False,4194
9816,2026-01-27 04:50:55.404000,77,JOKER,False,2,3,1,False,4195
9817,2026-01-27 04:50:55.517000,23,SAMUS,False,2,2,0,True,4195
9818,2026-01-27 04:55:54.263000,77,JOKER,False,0,3,0,False,4196
9819,2026-01-27 04:55:54.356000,23,SAMUS,False,3,0,0,True,4196
9820,2026-01-27 05:00:02.836000,77,JOKER,False,2,3,0,False,4197
9821,2026-01-27 05:00:02.934000,23,SAMUS,False,3,2,0,True,4197
9822,2026-01-27 05:07:57.812000,77,JOKER,False,1,3,0,False,4198
9823,2026-01-27 05:07:57.933000,23,SAMUS,False,3,1,0,True,4198
9824,2026-01-27 05:14:02.812000,77,JOKER,False,2,3,0,False,4199
9825,2026-01-27 05:14:02.923000,22,CAPTAIN FALCON,False,2,3,0,False,4199
9826,2026-01-27 05:14:03.025000,23,SAMUS,False,1,0,0,True,4199
9827,2026-01-27 05:14:03.124000,255,KING K. ROOL,False,4,3,0,True,4199
9828,2026-01-27 05:18:40.903000,77,PYRA/MYTHRA,False,1,2,1,False,4200
9829,2026-01-27 05:18:41.101000,22,CAPTAIN FALCON,False,3,3,0,False,4200
9830,2026-01-27 05:18:41.259000,23,SAMUS,False,3,2,0,True,4200
9831,2026-01-27 05:18:41.419000,255,KING K. ROOL,False,2,3,0,True,4200
9832,2026-01-27 05:22:07.723000,77,JOKER,False,2,3,0,False,4201
9833,2026-01-27 05:22:07.802000,22,CAPTAIN FALCON,False,1,3,0,False,4201
9834,2026-01-27 05:22:07.875000,23,SAMUS,False,1,2,0,True,4201
9835,2026-01-27 05:22:07.945000,255,KING K. ROOL,False,5,1,0,True,4201
9836,2026-01-27 05:27:52.983000,77,JOKER,False,0,3,0,False,4202
9837,2026-01-27 05:27:53.067000,22,ENDERMAN,False,2,4,0,False,4202
9838,2026-01-27 05:27:53.153000,23,SAMUS,False,1,3,0,True,4202
9839,2026-01-27 05:27:53.241000,255,KING K. ROOL,False,5,2,0,True,4202
9840,2026-01-27 05:32:30.752000,77,JOKER,False,1,3,0,False,4203
9841,2026-01-27 05:32:30.863000,22,ENDERMAN,False,2,3,0,False,4203
9842,2026-01-27 05:32:30.961000,23,SAMUS,False,0,3,1,True,4203
9843,2026-01-27 05:32:31.043000,255,KING K. ROOL,False,6,2,1,True,4203
9844,2026-01-27 05:35:59.215000,77,JOKER,False,0,2,0,True,4204
9845,2026-01-27 05:35:59.307000,22,DONKEY KONG,False,6,1,0,True,4204
9846,2026-01-27 05:35:59.405000,23,SAMUS,False,3,3,0,False,4204
9847,2026-01-27 05:35:59.523000,255,KING K. ROOL,False,0,3,0,False,4204
9848,2026-01-27 05:40:46.196000,77,JOKER,False,0,3,0,False,4205
9849,2026-01-27 05:40:46.301000,22,DONKEY KONG,False,4,3,0,False,4205
9850,2026-01-27 05:40:46.401000,23,SAMUS,False,3,2,0,True,4205
9851,2026-01-27 05:40:46.505000,255,KING K. ROOL,False,3,2,0,True,4205
9852,2026-01-27 05:45:31.065000,77,JOKER,False,3,3,0,True,4206
9853,2026-01-27 05:45:31.160000,22,DONKEY KONG,False,3,2,0,True,4206
9854,2026-01-27 05:45:31.252000,23,SAMUS,False,1,2,0,False,4206
9855,2026-01-27 05:45:31.338000,255,KING K. ROOL,False,4,4,0,False,4206
9856,2026-01-27 07:05:48.914000,23,SAMUS,False,3,2,0,True,4207
9857,2026-01-27 07:05:49.097000,77,JOKER,False,2,3,0,False,4207
9858,2026-01-27 07:10:19.251000,23,SAMUS,False,2,3,0,False,4208
9859,2026-01-27 07:10:19.372000,77,JOKER,False,3,2,0,True,4208
9860,2026-01-27 07:14:05.236000,23,SAMUS,False,1,3,0,False,4209
9861,2026-01-27 07:14:05.350000,77,JOKER,False,3,1,0,True,4209
9862,2026-01-27 07:19:31.010000,23,SAMUS,False,3,2,0,True,4210
9863,2026-01-27 07:19:31.148000,77,JOKER,False,2,3,0,False,4210
9864,2026-01-27 07:24:08.686000,23,SAMUS,False,3,1,0,True,4211
9865,2026-01-27 07:24:08.780000,77,JOKER,False,1,3,0,False,4211
9866,2026-01-28 01:38:00.960000,21,GANONDORF,False,3,1,0,True,4212
9867,2026-01-28 01:38:01.160000,104,KING DEDEDE,False,0,3,0,False,4212
9868,2026-01-28 01:40:36.399000,21,GANONDORF,False,3,1,0,True,4213
9869,2026-01-28 01:40:36.553000,2106,UNKNOWN,False,0,0,0,False,4213
9870,2026-01-28 01:42:54.758000,21,GANONDORF,False,1,3,0,False,4214
9871,2026-01-28 01:42:54.881000,104,KING DEDEDE,False,3,1,0,True,4214
9872,2026-01-28 01:45:32.612000,21,GANONDORF,False,3,2,0,True,4215
9873,2026-01-28 01:45:32.723000,104,KING DEDEDE,False,2,3,0,False,4215
9874,2026-01-28 01:48:25.682000,21,GANONDORF,False,1,3,0,False,4216
9875,2026-01-28 01:48:25.769000,104,KING DEDEDE,False,3,1,0,True,4216
9876,2026-01-28 01:55:00.130000,21,GANONDORF,False,3,2,0,True,4217
9877,2026-01-28 01:55:00.294000,39,DONKEY KONG,False,2,3,0,False,4217
9878,2026-01-28 01:56:51.954000,21,GANONDORF,False,3,1,0,True,4218
9879,2026-01-28 01:56:52.041000,39,DONKEY KONG,False,1,3,0,False,4218
9880,2026-01-28 01:59:08.667000,21,GANONDORF,False,3,0,0,True,4219
9881,2026-01-28 01:59:08.801000,77,JOKER,False,0,3,0,False,4219
9882,2026-01-28 02:03:02.438000,21,GANONDORF,False,3,0,0,True,4220
9883,2026-01-28 02:03:02.549000,77,JOKER,False,0,0,0,False,4220
9884,2026-01-28 02:07:02.208000,21,ZELDA,False,2,3,0,False,4221
9885,2026-01-28 02:07:02.325000,104,ZELDA,False,3,2,0,True,4221
9886,2026-01-28 02:24:55.083000,21,INCINEROAR,False,1,3,0,False,4222
9887,2026-01-28 02:24:55.232000,38,INCINEROAR,False,3,0,0,True,4222
9888,2026-01-28 02:30:59.294000,21,MR. GAME & WATCH,False,2,3,0,False,4223
9889,2026-01-28 02:30:59.406000,9100,KIRBY,False,3,0,0,True,4223
9890,2026-01-28 02:34:28.298000,21,INCINEROAR,False,2,3,0,False,4224
9891,2026-01-28 02:34:28.411000,38,INCINEROAR,False,3,2,0,True,4224
9892,2026-01-28 02:38:21.233000,9157,SEPHIROTH,False,1,3,0,False,4225
9893,2026-01-28 02:38:21.345000,9100,KIRBY,False,3,1,0,True,4225
9894,2026-01-28 02:42:32.920000,9157,CLOUD,False,1,3,0,False,4226
9895,2026-01-28 02:42:33.036000,9100,CAPTAIN FALCON,False,3,1,0,True,4226
9896,2026-01-28 02:47:39.255000,21,INCINEROAR,False,2,3,0,False,4227
9897,2026-01-28 02:47:39.385000,38,INCINEROAR,False,3,2,0,True,4227
9898,2026-01-28 02:51:25.167000,21,INCINEROAR,False,3,2,0,True,4228
9899,2026-01-28 02:51:25.242000,38,CHROM,False,2,3,0,False,4228
9900,2026-01-28 02:56:35.602000,21,MR. GAME & WATCH,False,3,2,0,True,4229
9901,2026-01-28 02:56:35.713000,38,JOKER,False,2,3,0,False,4229
9902,2026-01-28 03:00:46.104000,21,ZELDA,False,2,3,0,False,4230
9903,2026-01-28 03:00:46.213000,38,BOWSER,False,3,0,0,True,4230
9904,2026-01-28 03:05:53.531000,9609,KAZUYA,False,0,0,0,True,4231
9905,2026-01-28 03:05:53.650000,38,MEGA MAN,False,0,0,0,False,4231
9906,2026-01-28 04:27:40.606000,9157,NESS,False,3,1,0,True,4232
9907,2026-01-28 04:27:40.875000,77,JOKER,False,1,3,0,False,4232
9908,2026-01-28 04:31:09.711000,9157,NESS,False,3,1,0,True,4233
9909,2026-01-28 04:31:09.853000,77,JOKER,False,1,3,0,False,4233
9910,2026-01-28 04:35:27.126000,9157,NESS,False,3,0,0,True,4234
9911,2026-01-28 04:35:27.257000,77,JOKER,False,1,3,0,False,4234
9912,2026-01-28 04:40:54.699000,9157,DIDDY KONG,False,3,2,0,True,4235
9913,2026-01-28 04:40:54.819000,77,PYRA,False,2,3,0,False,4235
9914,2026-01-28 04:50:44.756000,9157,JIGGLYPUFF,False,3,1,0,True,4236
9915,2026-01-28 04:50:44.839000,77,JOKER,False,1,3,0,False,4236
9916,2026-01-28 07:14:56.091000,77,JOKER,False,1,3,0,False,4237
9917,2026-01-28 07:14:56.259000,23,SAMUS,False,3,1,0,True,4237
9918,2026-01-28 07:18:01.668000,77,JOKER,False,2,3,0,False,4238
9919,2026-01-28 07:18:01.807000,23,SAMUS,False,3,2,0,True,4238
9920,2026-01-28 10:07:13.522000,23,SAMUS,False,3,2,0,True,4239
9921,2026-01-28 10:07:13.699000,77,JOKER,False,2,3,0,False,4239
9922,2026-01-28 10:12:09.743000,23,SAMUS,False,3,2,0,True,4240
9923,2026-01-28 10:12:09.878000,77,JOKER,False,2,3,0,False,4240
9924,2026-01-28 10:19:02.268000,23,SAMUS,False,2,3,0,False,4241
9925,2026-01-28 10:19:02.468000,77,JOKER,False,2,2,0,False,4241
9926,2026-01-28 10:19:02.653000,22,DONKEY KONG,False,4,2,0,True,4241
9927,2026-01-28 10:25:08.195000,23,SAMUS,False,2,2,0,True,4242
9928,2026-01-28 10:25:08.320000,77,JOKER,False,2,3,0,False,4242
9929,2026-01-28 10:25:08.428000,22,DONKEY KONG,False,0,0,0,False,4242
9930,2026-01-28 10:28:26.302000,23,SAMUS,False,5,1,0,True,4243
9931,2026-01-28 10:28:26.422000,77,JOKER,False,1,3,0,False,4243
9932,2026-01-28 10:28:26.532000,22,DONKEY KONG,False,1,3,0,False,4243
9933,2026-01-28 10:34:29.617000,23,SAMUS,False,4,1,0,True,4244
9934,2026-01-28 10:34:29.715000,77,JOKER,False,1,4,0,False,4244
9935,2026-01-28 10:34:29.804000,22,DONKEY KONG,False,3,3,0,False,4244
9936,2026-01-28 10:41:07.652000,23,SAMUS,False,3,3,0,False,4245
9937,2026-01-28 10:41:07.768000,77,JOKER,False,2,3,0,False,4245
9938,2026-01-28 10:41:07.884000,22,DONKEY KONG,False,3,2,0,True,4245
9939,2026-01-28 10:47:16.830000,23,SAMUS,False,2,3,0,False,4246
9940,2026-01-28 10:47:16.956000,77,JOKER,False,0,3,0,False,4246
9941,2026-01-28 10:47:17.082000,22,DONKEY KONG,False,3,1,0,True,4246
9942,2026-01-28 10:53:37.563000,23,SAMUS,False,4,3,0,False,4247
9943,2026-01-28 10:53:37.681000,77,JOKER,False,3,2,0,True,4247
9944,2026-01-28 10:53:37.802000,22,CAPTAIN FALCON,False,1,3,0,False,4247
9945,2026-01-28 11:04:42.179000,23,SAMUS,False,4,2,0,True,4248
9946,2026-01-28 11:04:42.303000,77,MYTHRA,False,0,3,0,False,4248
9947,2026-01-28 11:04:42.385000,22,DONKEY KONG,False,4,3,0,False,4248
9948,2026-01-28 11:07:42.789000,23,SAMUS,False,3,0,0,True,4249
9949,2026-01-28 11:07:42.910000,77,JOKER,False,2,3,0,False,4249
9950,2026-01-28 11:10:23.081000,23,SAMUS,False,3,1,0,True,4250
9951,2026-01-28 11:10:23.172000,77,JOKER,False,1,3,0,False,4250
9952,2026-01-28 12:12:28.202000,77,JOKER,False,3,3,0,False,4251
9953,2026-01-28 12:12:28.396000,23,SAMUS,False,4,2,0,True,4251
9954,2026-01-28 12:12:28.531000,22,CAPTAIN FALCON,False,1,3,0,False,4251
9955,2026-01-29 02:27:49.129000,77,JOKER,False,2,3,0,False,4252
9956,2026-01-29 02:27:49.283000,23,SAMUS,False,3,2,0,True,4252
9957,2026-01-29 02:30:24.733000,77,PYRA,False,1,3,0,False,4253
9958,2026-01-29 02:30:24.882000,23,SAMUS,False,3,1,0,True,4253
9959,2026-01-29 02:34:43.377000,77,PYRA/MYTHRA,False,1,3,0,False,4254
9960,2026-01-29 02:34:43.527000,23,SAMUS,False,3,1,0,True,4254
9961,2026-01-29 02:40:02.445000,77,KING K. ROOL,False,1,3,0,False,4255
9962,2026-01-29 02:40:02.565000,23,SAMUS,False,3,1,0,True,4255
9963,2026-01-29 02:45:22.326000,9157,PALUTENA,False,2,3,0,False,4256
9964,2026-01-29 02:45:22.433000,23,SAMUS,False,3,2,0,True,4256
9965,2026-01-29 02:56:05.102000,23,SAMUS,False,3,1,0,True,4257
9966,2026-01-29 02:56:05.219000,9157,PALUTENA,False,1,3,0,False,4257
9967,2026-01-29 06:41:25.170000,22,DONKEY KONG,False,1,2,1,False,4258
9968,2026-01-29 06:41:25.341000,21,GANONDORF,False,2,1,0,True,4258
9969,2026-01-29 06:43:14.283000,22,DONKEY KONG,False,0,3,0,False,4259
9970,2026-01-29 06:43:14.427000,21,GANONDORF,False,3,1,0,True,4259
9971,2026-01-29 06:47:40.449000,22,CAPTAIN FALCON,False,1,2,1,False,4260
9972,2026-01-29 06:47:40.581000,21,GANONDORF,False,2,1,0,True,4260
9973,2026-01-29 06:50:37.096000,22,CAPTAIN FALCON,False,2,3,0,False,4261
9974,2026-01-29 06:50:37.210000,21,GANONDORF,False,3,2,0,True,4261
9975,2026-01-29 06:53:46.471000,22,CAPTAIN FALCON,False,2,3,0,False,4262
9976,2026-01-29 06:53:46.568000,21,GANONDORF,False,3,2,0,True,4262
9977,2026-01-29 06:57:36.031000,22,ENDERMAN,False,3,1,0,True,4263
9978,2026-01-29 06:57:36.156000,21,GANONDORF,False,0,0,0,False,4263
9979,2026-01-29 07:00:10.238000,22,ENDERMAN,False,3,2,0,True,4264
9980,2026-01-29 07:00:10.341000,21,GANONDORF,False,2,3,0,False,4264
9981,2026-01-29 07:05:34.395000,22,DONKEY KONG,False,1,3,0,False,4265
9982,2026-01-29 07:05:34.477000,21,GANONDORF,False,4,0,0,True,4265
9983,2026-01-29 07:05:34.588000,23,SAMUS,False,1,3,0,False,4265
9984,2026-01-29 07:09:00.551000,22,CAPTAIN FALCON,False,2,3,0,False,4266
9985,2026-01-29 07:09:00.664000,21,KING K. ROOL,False,5,2,0,True,4266
9986,2026-01-29 07:09:00.757000,23,SAMUS,False,0,3,0,False,4266
9987,2026-01-29 07:14:59.608000,22,STEVE,False,1,3,0,False,4267
9988,2026-01-29 07:14:59.699000,21,KING K. ROOL,False,5,3,0,False,4267
9989,2026-01-29 07:14:59.793000,23,SAMUS,False,2,2,0,True,4267
9990,2026-01-29 07:20:50.379000,22,DONKEY KONG,False,1,3,0,False,4268
9991,2026-01-29 07:20:50.518000,21,GANONDORF,False,3,2,0,True,4268
9992,2026-01-29 07:20:50.619000,2106,UNKNOWN,False,0,0,0,False,4268
9993,2026-01-30 02:54:55.842000,38,CAPTAIN FALCON,False,3,0,0,True,4269
9994,2026-01-30 02:54:56.006000,3007,FOX,False,0,3,0,False,4269
9995,2026-01-30 02:57:48.629000,38,CAPTAIN FALCON,False,3,1,0,True,4270
9996,2026-01-30 02:57:48.780000,9701,FOX,False,1,3,0,False,4270
9997,2026-01-30 03:00:19.477000,38,CAPTAIN FALCON,False,3,1,0,True,4271
9998,2026-01-30 03:00:19.549000,3007,R.O.B.,False,0,3,0,False,4271
9999,2026-01-30 03:02:08.728000,38,INCINEROAR,False,3,1,0,True,4272
10000,2026-01-30 03:02:08.823000,3007,KAZUYA,False,1,3,0,False,4272
10001,2026-01-30 03:05:30.643000,38,INCINEROAR,False,3,1,0,True,4273
10002,2026-01-30 03:05:30.746000,3007,FOX,False,2,3,0,False,4273
10003,2026-01-30 03:08:16.667000,38,DONKEY KONG,False,3,1,0,True,4274
10004,2026-01-30 03:08:16.775000,3007,FOX,False,0,3,0,False,4274
10005,2026-01-30 03:10:32.464000,38,LUIGI,False,3,0,0,True,4275
10006,2026-01-30 03:10:32.556000,3007,PIKACHU,False,0,3,0,False,4275
10007,2026-01-30 03:14:11.192000,38,WOLF,False,3,1,0,True,4276
10008,2026-01-30 03:14:11.286000,3007,PYRA,False,1,3,0,False,4276
10009,2026-01-30 03:16:55.067000,38,WOLF,False,3,0,0,True,4277
10010,2026-01-30 03:16:55.165000,3007,GANONDORF,False,2,3,0,False,4277
10011,2026-01-30 03:18:27.935000,38,GANONDORF,False,3,1,0,True,4278
10012,2026-01-30 03:18:28.052000,3007,CAPTAIN FALCON,False,1,3,0,False,4278
10013,2026-01-30 03:20:10.781000,38,GANONDORF,False,2,0,0,True,4279
10014,2026-01-30 03:20:10.860000,3007,CLOUD,False,0,2,1,False,4279
10015,2026-01-30 03:21:28.098000,38,GANONDORF,False,3,2,0,True,4280
10016,2026-01-30 03:21:28.201000,3007,FOX,False,0,3,0,False,4280
10017,2026-01-30 03:23:43.469000,38,RIDLEY,False,3,0,0,True,4281
10018,2026-01-30 03:23:43.548000,3007,MYTHRA,False,0,3,0,False,4281
10019,2026-01-30 03:25:48.331000,38,JOKER,False,3,0,0,True,4282
10020,2026-01-30 03:25:48.419000,3007,SAMUS,False,0,3,0,False,4282
10021,2026-01-30 03:34:50.654000,38,SEPHIROTH,False,0,0,0,True,4283
10022,2026-01-30 03:34:50.780000,3007,FOX,False,0,0,0,False,4283
10023,2026-01-30 03:55:05.941000,77,JOKER,False,1,3,0,False,4284
10024,2026-01-30 03:55:06.077000,23,SAMUS,False,3,1,0,True,4284
10025,2026-01-30 03:58:52.329000,77,JOKER,False,1,3,0,False,4285
10026,2026-01-30 03:58:52.433000,23,SAMUS,False,3,1,0,True,4285
10027,2026-01-30 04:06:04.808000,77,JOKER,False,2,3,0,False,4286
10028,2026-01-30 04:06:04.936000,23,SAMUS,False,5,1,0,True,4286
10029,2026-01-30 04:06:05.047000,9734,NESS,False,0,3,0,False,4286
10030,2026-01-30 04:17:52.947000,77,JOKER,False,5,2,0,True,4287
10031,2026-01-30 04:17:53.080000,23,SAMUS,False,0,3,0,False,4287
10032,2026-01-30 04:17:53.199000,9734,KING K. ROOL,False,0,3,0,False,4287
10033,2026-01-30 04:22:45.185000,77,JOKER,False,3,1,0,False,4288
10034,2026-01-30 04:22:45.301000,23,SAMUS,False,6,1,0,True,4288
10035,2026-01-30 04:22:45.409000,9734,KIRBY,False,0,3,0,False,4288
10036,2026-01-30 04:27:15.101000,77,JOKER,False,0,3,0,False,4289
10037,2026-01-30 04:27:15.232000,23,SAMUS,False,5,1,0,True,4289
10038,2026-01-30 04:27:15.392000,9734,KIRBY,False,2,3,0,False,4289
10039,2026-01-30 04:32:27.077000,77,JOKER,False,3,3,0,False,4290
10040,2026-01-30 04:32:27.178000,23,SAMUS,False,4,2,0,True,4290
10041,2026-01-30 04:32:27.278000,9734,MARTH,False,1,3,0,False,4290
10042,2026-01-30 04:39:20.181000,23,SAMUS,False,3,2,0,True,4291
10043,2026-01-30 04:39:20.320000,9734,LUCARIO,False,0,3,0,False,4291
10044,2026-01-30 04:44:29.444000,77,JOKER,False,1,3,0,False,4292
10045,2026-01-30 04:44:29.559000,23,SAMUS,False,3,1,0,True,4292
10046,2026-01-30 04:49:56.060000,77,JOKER,False,2,3,0,False,4293
10047,2026-01-30 04:49:56.186000,23,SAMUS,False,3,2,0,True,4293
10048,2026-01-30 05:01:14.506000,77,JOKER,False,0,0,0,False,4294
10049,2026-01-30 05:01:14.661000,23,SAMUS,False,0,0,0,True,4294
10050,2026-01-30 05:40:18.146000,255,KING K. ROOL,False,3,2,0,True,4295
10051,2026-01-30 05:40:18.351000,22,DONKEY KONG,False,2,3,0,False,4295
10052,2026-01-30 05:43:52.335000,255,KING K. ROOL,False,1,3,0,False,4296
10053,2026-01-30 05:43:52.477000,22,DONKEY KONG,False,3,1,0,True,4296
10054,2026-01-30 05:54:04.427000,255,KING K. ROOL,False,3,2,0,True,4297
10055,2026-01-30 05:54:04.560000,22,ENDERMAN,False,3,2,0,True,4297
10056,2026-01-30 05:54:04.692000,23,SAMUS,False,3,3,0,False,4297
10057,2026-01-30 05:54:04.819000,39,DONKEY KONG,False,1,3,0,False,4297
10058,2026-01-30 05:59:18.672000,255,KING K. ROOL,False,3,3,0,False,4298
10059,2026-01-30 05:59:18.774000,22,CAPTAIN FALCON,False,0,3,0,False,4298
10060,2026-01-30 05:59:18.892000,23,SAMUS,False,0,1,0,True,4298
10061,2026-01-30 05:59:18.986000,39,DONKEY KONG,False,6,3,0,True,4298
10062,2026-01-30 06:03:28.581000,255,KING K. ROOL,False,3,2,0,True,4299
10063,2026-01-30 06:03:28.694000,22,CAPTAIN FALCON,False,2,2,0,True,4299
10064,2026-01-30 06:03:28.814000,23,SAMUS,False,2,2,1,False,4299
10065,2026-01-30 06:03:28.984000,39,DONKEY KONG,False,2,4,0,False,4299
10066,2026-01-30 06:08:43.204000,255,KING K. ROOL,False,3,3,0,False,4300
10067,2026-01-30 06:08:43.311000,2106,UNKNOWN,False,0,0,0,False,4300
10068,2026-01-30 06:08:43.414000,23,SAMUS,False,1,1,0,True,4300
10069,2026-01-30 06:08:43.506000,39,SORA,False,4,0,0,True,4300
10070,2026-01-30 06:12:19.226000,255,KING K. ROOL,False,4,2,0,True,4301
10071,2026-01-30 06:12:19.318000,22,ENDERMAN,False,2,1,1,True,4301
10072,2026-01-30 06:12:19.420000,23,SAMUS,False,1,3,0,False,4301
10073,2026-01-30 06:12:19.501000,39,SORA,False,1,3,0,False,4301
10074,2026-01-30 06:17:02.599000,255,KING K. ROOL,False,3,3,0,False,4302
10075,2026-01-30 06:17:02.713000,22,ENDERMAN,False,1,3,0,False,4302
10076,2026-01-30 06:17:02.800000,23,SAMUS,False,2,2,0,True,4302
10077,2026-01-30 06:17:02.892000,39,DONKEY KONG,False,4,2,0,True,4302
10078,2026-01-30 06:20:35.335000,255,KING K. ROOL,False,3,3,0,True,4303
10079,2026-01-30 06:20:35.414000,22,ENDERMAN,False,2,1,0,True,4303
10080,2026-01-30 06:20:35.484000,23,SAMUS,False,1,3,0,False,4303
10081,2026-01-30 06:20:35.552000,39,DONKEY KONG,False,2,3,1,False,4303
10082,2026-01-30 06:24:53.058000,255,KING K. ROOL,False,2,2,1,True,4304
10083,2026-01-30 06:24:53.169000,22,ENDERMAN,False,4,2,1,True,4304
10084,2026-01-30 06:24:53.269000,23,SAMUS,False,1,3,0,False,4304
10085,2026-01-30 06:24:53.364000,39,DONKEY KONG,False,1,3,0,False,4304
10086,2026-01-30 06:33:05.601000,255,KING K. ROOL,False,4,2,0,True,4305
10087,2026-01-30 06:33:05.750000,22,CAPTAIN FALCON,False,0,3,0,False,4305
10088,2026-01-30 06:33:05.871000,23,SAMUS,False,1,2,0,False,4305
10089,2026-01-30 06:33:05.998000,39,DONKEY KONG,False,1,0,0,True,4305
10090,2026-01-30 06:36:27.778000,255,KING K. ROOL,False,3,3,1,False,4306
10091,2026-01-30 06:36:27.884000,22,CAPTAIN FALCON,False,4,2,0,True,4306
10092,2026-01-30 06:36:27.985000,23,SAMUS,False,1,2,0,True,4306
10093,2026-01-30 06:36:28.090000,39,DONKEY KONG,False,1,3,0,False,4306
10094,2026-01-30 06:40:06.697000,255,KING K. ROOL,False,3,3,2,True,4307
10095,2026-01-30 06:40:06.804000,22,CAPTAIN FALCON,False,2,3,0,False,4307
10096,2026-01-30 06:40:06.888000,23,SAMUS,False,0,3,1,False,4307
10097,2026-01-30 06:40:07.007000,39,DONKEY KONG,False,2,2,1,True,4307
10098,2026-01-30 06:44:17.243000,255,KING K. ROOL,False,1,2,0,True,4308
10099,2026-01-30 06:44:17.330000,22,ENDERMAN,False,1,2,1,False,4308
10100,2026-01-30 06:44:17.432000,23,SAMUS,False,1,2,0,False,4308
10101,2026-01-30 06:44:17.529000,39,DONKEY KONG,False,4,2,0,True,4308
10102,2026-01-30 06:47:48.575000,255,KING K. ROOL,False,3,3,0,False,4309
10103,2026-01-30 06:47:48.660000,22,ENDERMAN,False,4,2,0,True,4309
10104,2026-01-30 06:47:48.743000,23,SAMUS,False,0,0,0,True,4309
10105,2026-01-30 06:47:48.823000,39,DONKEY KONG,False,2,3,1,False,4309
10106,2026-01-30 06:55:01.276000,255,KING K. ROOL,False,2,4,0,False,4310
10107,2026-01-30 06:55:01.388000,22,DONKEY KONG,False,3,0,0,True,4310
10108,2026-01-30 06:55:01.480000,23,SAMUS,False,1,2,0,False,4310
10109,2026-01-30 06:55:01.571000,39,SORA,False,2,1,1,True,4310
10110,2026-01-30 06:57:57.654000,255,KING K. ROOL,False,2,3,0,False,4311
10111,2026-01-30 06:57:57.771000,22,ENDERMAN,False,2,1,1,True,4311
10112,2026-01-30 06:57:57.888000,23,SAMUS,False,0,3,2,False,4311
10113,2026-01-30 06:57:57.996000,39,DONKEY KONG,False,4,2,0,True,4311
10114,2026-01-30 07:04:08.352000,255,KING K. ROOL,False,2,3,0,True,4312
10115,2026-01-30 07:04:08.455000,22,CAPTAIN FALCON,False,1,3,1,False,4312
10116,2026-01-30 07:04:08.532000,23,SAMUS,False,3,1,1,True,4312
10117,2026-01-30 07:04:08.626000,39,DONKEY KONG,False,0,1,1,False,4312
10118,2026-01-30 07:10:10.387000,255,KING K. ROOL,False,3,3,0,False,4313
10119,2026-01-30 07:10:10.509000,22,ENDERMAN,False,7,2,0,True,4313
10120,2026-01-30 07:10:10.608000,23,SAMUS,False,1,3,0,False,4313
10121,2026-01-30 07:10:10.730000,39,SORA,False,3,3,0,False,4313
10122,2026-01-30 07:10:10.845000,9238,DONKEY KONG,False,0,3,0,False,4313
10123,2026-01-30 07:12:11.928000,39,DONKEY KONG,False,3,0,0,True,4314
10124,2026-01-30 07:12:12.027000,9238,DONKEY KONG,False,0,3,0,False,4314
10125,2026-01-30 07:14:40.966000,39,DONKEY KONG,False,3,1,0,True,4315
10126,2026-01-30 07:14:41.043000,9238,DONKEY KONG,False,1,3,0,False,4315
10127,2026-01-30 07:24:01.647000,39,DONKEY KONG,False,0,0,0,True,4316
10128,2026-01-30 07:24:01.765000,9238,DONKEY KONG,False,0,0,0,False,4316
10129,2026-01-31 01:38:58.314000,3007,FOX,False,1,3,0,False,4317
10130,2026-01-31 01:38:58.503000,39,DONKEY KONG,False,3,0,0,True,4317
10131,2026-01-31 01:41:27.459000,3007,FOX,False,0,3,0,False,4318
10132,2026-01-31 01:41:27.614000,39,SORA,False,3,0,0,True,4318
10133,2026-01-31 01:44:07.175000,3007,FOX,False,0,3,0,False,4319
10134,2026-01-31 01:44:07.318000,39,SORA,False,3,0,0,True,4319
10135,2026-01-31 01:47:35.463000,3007,FOX,False,3,2,0,True,4320
10136,2026-01-31 01:47:35.557000,9841,FALCO,False,2,3,0,False,4320
10137,2026-01-31 01:51:10.375000,3007,FOX,False,2,3,0,False,4321
10138,2026-01-31 01:51:10.453000,39,FALCO,False,3,2,0,True,4321
10139,2026-01-31 01:54:40.314000,3007,FOX,False,3,2,0,True,4322
10140,2026-01-31 01:54:40.429000,39,SEPHIROTH,False,2,3,0,False,4322
10141,2026-01-31 01:58:09.714000,3007,FOX,False,1,3,0,False,4323
10142,2026-01-31 01:58:09.818000,39,SORA,False,3,1,0,True,4323
10143,2026-01-31 01:59:26.303000,3007,CAPTAIN FALCON,False,1,2,1,False,4324
10144,2026-01-31 01:59:26.397000,39,DONKEY KONG,False,2,1,0,True,4324
10145,2026-01-31 02:01:27.343000,39,DONKEY KONG,False,3,0,0,True,4325
10146,2026-01-31 02:01:27.431000,2106,UNKNOWN,False,0,0,0,False,4325
10147,2026-01-31 02:03:42.432000,3007,FOX,False,1,3,0,False,4326
10148,2026-01-31 02:03:42.557000,39,DONKEY KONG,False,3,1,0,True,4326
10149,2026-01-31 02:07:34.589000,3007,FOX,False,1,3,0,False,4327
10150,2026-01-31 02:07:34.708000,39,DONKEY KONG,False,3,1,0,True,4327
10151,2026-01-31 02:18:50.580000,77,JOKER,False,1,3,0,False,4328
10152,2026-01-31 02:18:50.680000,23,SAMUS,False,3,1,0,True,4328
10153,2026-01-31 02:24:13.921000,23,SAMUS,False,3,1,0,True,4329
10154,2026-01-31 02:24:14.056000,2106,UNKNOWN,False,0,0,0,False,4329
10155,2026-01-31 02:26:14.310000,77,WOLF,False,0,3,0,False,4330
10156,2026-01-31 02:26:14.406000,23,SAMUS,False,3,0,0,True,4330
10157,2026-01-31 02:28:42.165000,77,CAPTAIN FALCON,False,1,3,0,False,4331
10158,2026-01-31 02:28:42.260000,23,SAMUS,False,3,1,0,True,4331
10159,2026-01-31 02:32:18.031000,77,CAPTAIN FALCON,False,1,3,0,False,4332
10160,2026-01-31 02:32:18.117000,23,SAMUS,False,3,1,1,True,4332
10161,2026-01-31 02:36:20.284000,77,MIN MIN,False,0,3,0,False,4333
10162,2026-01-31 02:36:20.370000,23,SAMUS,False,3,0,0,True,4333
10163,2026-01-31 02:39:39.461000,77,JOKER,False,1,3,0,False,4334
10164,2026-01-31 02:39:39.553000,23,SAMUS,False,3,1,0,True,4334
10165,2026-01-31 02:44:15.773000,77,JOKER,False,2,3,0,False,4335
10166,2026-01-31 02:44:15.903000,23,SAMUS,False,3,2,0,True,4335
10167,2026-01-31 02:48:46.145000,77,JOKER,False,2,3,0,False,4336
10168,2026-01-31 02:48:46.233000,23,SAMUS,False,3,2,0,True,4336
10169,2026-01-31 03:08:07.092000,3007,FOX,False,2,3,0,False,4337
10170,2026-01-31 03:08:07.249000,54,STEVE,False,3,0,0,True,4337
10171,2026-01-31 03:10:25.981000,3007,FOX,False,1,3,0,False,4338
10172,2026-01-31 03:10:26.097000,54,GANONDORF,False,3,1,0,True,4338
10173,2026-01-31 03:13:29.489000,3007,FOX,False,1,3,0,False,4339
10174,2026-01-31 03:13:29.609000,54,DARK PIT,False,3,1,0,True,4339
10175,2026-01-31 03:17:16.725000,3007,FOX,False,2,3,0,False,4340
10176,2026-01-31 03:17:16.819000,54,RIDLEY,False,3,2,0,True,4340
10177,2026-01-31 03:20:28.237000,3007,FOX,False,2,3,0,False,4341
10178,2026-01-31 03:20:28.357000,54,KING DEDEDE,False,3,2,0,True,4341
10179,2026-01-31 03:24:09.135000,3007,FOX,False,3,2,0,True,4342
10180,2026-01-31 03:24:09.225000,2106,UNKNOWN,False,0,0,0,False,4342
10181,2026-01-31 03:27:06.987000,3007,FOX,False,1,3,0,False,4343
10182,2026-01-31 03:27:07.087000,54,JOKER,False,3,1,0,True,4343
10183,2026-01-31 03:29:27.316000,3007,CAPTAIN FALCON,False,1,3,0,False,4344
10184,2026-01-31 03:29:27.416000,54,DONKEY KONG,False,3,1,0,True,4344
10185,2026-01-31 03:32:32.328000,3007,R.O.B.,False,1,3,0,False,4345
10186,2026-01-31 03:32:32.452000,54,DONKEY KONG,False,3,1,0,True,4345
10187,2026-01-31 03:34:49.378000,3007,GANONDORF,False,2,3,0,False,4346
10188,2026-01-31 03:34:49.476000,54,DONKEY KONG,False,3,2,0,True,4346
10189,2026-01-31 03:39:00.945000,3007,PYRA/MYTHRA,False,2,3,0,False,4347
10190,2026-01-31 03:39:01.025000,54,LINK,False,3,2,0,True,4347
10191,2026-01-31 03:41:48.339000,3007,KAZUYA,False,1,3,0,False,4348
10192,2026-01-31 03:41:48.426000,54,JOKER,False,3,1,0,True,4348
10193,2026-01-31 03:45:17.823000,3007,RYU,False,2,3,0,False,4349
10194,2026-01-31 03:45:17.925000,54,FOX,False,3,2,0,True,4349
10195,2026-01-31 03:48:13.704000,3007,ROY,False,1,3,0,False,4350
10196,2026-01-31 03:48:13.782000,54,SHEIK,False,3,1,0,True,4350
10197,2026-01-31 03:50:53.639000,3007,INCINEROAR,False,1,3,0,False,4351
10198,2026-01-31 03:50:53.737000,54,IKE,False,3,1,1,True,4351
10199,2026-01-31 03:53:32.203000,3007,GANONDORF,False,1,3,0,False,4352
10200,2026-01-31 03:53:32.308000,54,INCINEROAR,False,3,1,0,True,4352
10201,2026-01-31 03:56:35.383000,3007,KEN,False,1,3,0,False,4353
10202,2026-01-31 03:56:35.460000,54,WARIO,False,3,1,0,True,4353
10203,2026-01-31 04:00:23.852000,9157,NESS,False,3,2,0,True,4354
10204,2026-01-31 04:00:23.940000,54,INCINEROAR,False,2,3,0,False,4354
10205,2026-01-31 04:05:00.215000,9157,NESS,False,1,3,0,False,4355
10206,2026-01-31 04:05:00.299000,54,JOKER,False,3,0,0,True,4355
10207,2026-01-31 04:08:19.271000,9157,JIGGLYPUFF,False,1,3,0,False,4356
10208,2026-01-31 04:08:19.354000,54,DONKEY KONG,False,3,1,0,True,4356
10209,2026-01-31 04:20:11.973000,54,DONKEY KONG,False,0,0,0,True,4357
10210,2026-01-31 04:20:12.102000,9157,DIDDY KONG,False,0,0,0,False,4357
10211,2026-01-31 06:41:15.295000,74,MARIO,False,3,3,0,False,4358
10212,2026-01-31 06:41:15.522000,23,SAMUS,False,3,1,0,True,4358
10213,2026-01-31 06:41:15.684000,22,CAPTAIN FALCON,False,1,3,0,False,4358
10214,2026-01-31 06:46:42.018000,74,MARIO,False,3,2,0,True,4359
10215,2026-01-31 06:46:42.160000,23,SAMUS,False,2,3,0,False,4359
10216,2026-01-31 06:46:42.289000,22,DONKEY KONG,False,3,3,0,False,4359
10217,2026-01-31 06:52:03.303000,74,MARIO,False,5,2,0,True,4360
10218,2026-01-31 06:52:03.464000,23,SAMUS,False,1,3,0,False,4360
10219,2026-01-31 06:52:03.613000,22,DONKEY KONG,False,2,3,0,False,4360
10220,2026-01-31 06:56:49.251000,74,MARIO,False,1,3,0,False,4361
10221,2026-01-31 06:56:49.361000,23,SAMUS,False,5,2,0,True,4361
10222,2026-01-31 06:56:49.465000,22,DONKEY KONG,False,2,3,0,False,4361
10223,2026-01-31 07:01:55.369000,74,MARIO,False,3,2,0,False,4362
10224,2026-01-31 07:01:55.465000,23,SAMUS,False,3,2,0,True,4362
10225,2026-01-31 07:01:55.578000,22,CAPTAIN FALCON,False,4,3,0,False,4362
10226,2026-01-31 07:06:57.785000,74,MARIO,False,1,3,0,False,4363
10227,2026-01-31 07:06:57.883000,23,SAMUS,False,3,3,0,False,4363
10228,2026-01-31 07:06:57.990000,22,GANONDORF,False,4,2,0,True,4363
10229,2026-01-31 07:14:27.642000,74,MARIO,False,0,3,0,False,4364
10230,2026-01-31 07:14:27.806000,23,SAMUS,False,3,2,0,True,4364
10231,2026-01-31 07:14:27.957000,22,ENDERMAN,False,3,3,2,False,4364
10232,2026-01-31 07:16:56.427000,74,MARIO,False,3,1,0,True,4365
10233,2026-01-31 07:16:56.530000,22,DONKEY KONG,False,1,3,0,False,4365
10234,2026-01-31 07:21:04.669000,74,MARIO,False,2,3,0,False,4366
10235,2026-01-31 07:21:04.762000,22,DONKEY KONG,False,3,2,0,True,4366
10236,2026-01-31 07:26:57.646000,74,MARIO,False,3,2,0,True,4367
10237,2026-01-31 07:26:57.723000,22,DONKEY KONG,False,2,3,0,False,4367
10238,2026-01-31 07:30:28.871000,74,MARIO,False,2,3,0,False,4368
10239,2026-01-31 07:30:28.952000,22,DONKEY KONG,False,3,2,0,True,4368
10240,2026-01-31 07:34:13.608000,74,MARIO,False,2,3,0,False,4369
10241,2026-01-31 07:34:13.714000,22,CAPTAIN FALCON,False,3,2,0,True,4369
10242,2026-01-31 07:39:08.701000,74,MARIO,False,3,1,0,True,4370
10243,2026-01-31 07:39:08.805000,22,DONKEY KONG,False,1,3,0,False,4370
10244,2026-01-31 07:43:41.535000,74,MARIO,False,2,3,0,False,4371
10245,2026-01-31 07:43:41.686000,22,BYLETH,False,3,2,0,True,4371
10246,2026-01-31 09:50:47.083000,74,DONKEY KONG,False,1,0,1,True,4372
10247,2026-01-31 09:50:47.279000,23,PIKACHU,False,0,1,2,False,4372
10248,2026-01-31 09:58:23.847000,74,SONIC,False,0,2,1,False,4373
10249,2026-01-31 09:58:24.001000,23,JIGGLYPUFF,False,2,0,0,True,4373
10250,2026-02-01 00:00:38.603000,54,DONKEY KONG,False,4,0,0,True,4374
10251,2026-02-01 00:00:38.774000,9238,DONKEY KONG,False,0,4,0,False,4374
10252,2026-02-01 00:03:14.667000,54,JOKER,False,0,0,0,True,4375
10253,2026-02-01 00:03:14.754000,9238,GANONDORF,False,0,0,0,False,4375
10254,2026-02-01 00:05:04.730000,54,INCINEROAR,False,4,1,0,True,4376
10255,2026-02-01 00:05:04.882000,9238,GANONDORF,False,0,3,0,False,4376
10256,2026-02-01 00:11:09.143000,54,RICHTER,False,2,3,0,False,4377
10257,2026-02-01 00:11:09.445000,9238,DONKEY KONG,False,3,2,0,True,4377
10258,2026-02-01 00:13:27.314000,54,STEVE,False,0,0,0,True,4378
10259,2026-02-01 00:13:27.427000,9238,DONKEY KONG,False,0,0,0,False,4378
10260,2026-02-01 00:32:33.093000,54,DONKEY KONG,False,3,2,0,True,4379
10261,2026-02-01 00:32:33.243000,38,JOKER,False,2,3,0,False,4379
10262,2026-02-01 00:35:52.386000,54,INCINEROAR,False,1,3,0,False,4380
10263,2026-02-01 00:35:52.538000,38,JOKER,False,3,1,0,True,4380
10264,2026-02-01 00:40:00.411000,54,STEVE,False,2,3,0,False,4381
10265,2026-02-01 00:40:00.527000,38,JOKER,False,3,2,0,True,4381
10266,2026-02-01 00:43:13.532000,54,DONKEY KONG,False,1,3,0,False,4382
10267,2026-02-01 00:43:13.612000,38,INCINEROAR,False,3,1,0,True,4382
10268,2026-02-01 00:46:55.728000,54,JOKER,False,2,3,0,False,4383
10269,2026-02-01 00:46:55.844000,38,INCINEROAR,False,3,0,0,True,4383
10270,2026-02-07 19:18:00.878000,54,LITTLE MAC,False,2,3,0,False,4384
10271,2026-02-07 19:18:01.048000,21,GANONDORF,False,3,2,0,True,4384
10272,2026-02-07 19:22:50.830000,21,GANONDORF,False,3,1,0,True,4385
10273,2026-02-07 19:22:50.943000,54,LITTLE MAC,False,1,3,0,False,4385
10274,2026-02-07 19:24:57.006000,21,GANONDORF,False,2,1,1,False,4386
10275,2026-02-07 19:24:57.125000,54,LITTLE MAC,False,2,2,0,True,4386
10276,2026-02-07 19:27:46.797000,21,GANONDORF,False,2,3,0,False,4387
10277,2026-02-07 19:27:46.874000,54,LITTLE MAC,False,3,2,0,True,4387
10278,2026-02-07 19:30:26.638000,21,GANONDORF,False,3,1,0,True,4388
10279,2026-02-07 19:30:26.739000,54,LITTLE MAC,False,1,3,0,False,4388
10280,2026-02-07 19:35:31.298000,21,GANONDORF,False,3,2,0,True,4389
10281,2026-02-07 19:35:31.417000,54,LITTLE MAC,False,2,3,0,False,4389
10282,2026-02-07 19:38:08.586000,21,GANONDORF,False,3,2,0,True,4390
10283,2026-02-07 19:38:08.694000,54,LITTLE MAC,False,2,3,0,False,4390
10284,2026-02-07 19:40:44.593000,21,GANONDORF,False,1,3,0,False,4391
10285,2026-02-07 19:40:44.680000,54,LITTLE MAC,False,3,1,0,True,4391
10286,2026-02-07 19:44:08.711000,21,GANONDORF,False,2,3,0,False,4392
10287,2026-02-07 19:44:08.818000,54,LITTLE MAC,False,3,2,0,True,4392
10288,2026-02-07 19:46:38.445000,21,GANONDORF,False,3,1,0,True,4393
10289,2026-02-07 19:46:38.538000,54,LITTLE MAC,False,1,3,0,False,4393
10290,2026-02-07 19:49:21.414000,21,GANONDORF,False,3,1,0,True,4394
10291,2026-02-07 19:49:21.526000,54,LITTLE MAC,False,1,3,0,False,4394
10292,2026-02-07 19:52:33.130000,21,GANONDORF,False,2,3,0,False,4395
10293,2026-02-07 19:52:33.246000,54,LITTLE MAC,False,3,2,0,True,4395
10294,2026-02-07 19:55:45.632000,21,GANONDORF,False,2,3,0,False,4396
10295,2026-02-07 19:55:45.733000,54,LITTLE MAC,False,3,2,0,True,4396
10296,2026-02-07 19:58:37.005000,21,GANONDORF,False,3,2,0,True,4397
10297,2026-02-07 19:58:37.091000,54,LITTLE MAC,False,2,3,0,False,4397
10298,2026-02-07 20:01:23.695000,21,GANONDORF,False,3,1,0,True,4398
10299,2026-02-07 20:01:23.768000,54,LITTLE MAC,False,1,3,0,False,4398
10300,2026-02-07 20:04:27.783000,21,GANONDORF,False,3,1,0,True,4399
10301,2026-02-07 20:04:27.861000,54,STEVE,False,1,3,0,False,4399
10302,2026-02-07 20:07:52.889000,21,GANONDORF,False,2,3,0,False,4400
10303,2026-02-07 20:07:52.997000,54,STEVE,False,3,2,0,True,4400
10304,2026-02-07 20:12:01.965000,21,GANONDORF,False,2,2,0,False,4401
10305,2026-02-07 20:12:02.054000,54,STEVE,False,2,2,0,True,4401
10306,2026-02-07 20:15:14.796000,21,GANONDORF,False,3,2,0,True,4402
10307,2026-02-07 20:15:14.895000,54,JOKER,False,2,3,0,False,4402
10308,2026-02-07 20:18:06.736000,21,GANONDORF,False,0,0,0,True,4403
10309,2026-02-07 20:18:06.828000,54,STEVE,False,0,0,0,False,4403
10310,2026-02-07 23:32:03.649000,54,DONKEY KONG,False,3,0,0,True,4404
10311,2026-02-07 23:32:03.825000,21,GANONDORF,False,1,3,0,False,4404
10312,2026-02-07 23:33:38.332000,54,DONKEY KONG,False,2,3,0,False,4405
10313,2026-02-07 23:33:38.464000,21,GANONDORF,False,3,2,0,True,4405
10314,2026-02-07 23:35:30.043000,54,DONKEY KONG,False,2,3,0,False,4406
10315,2026-02-07 23:35:30.156000,21,GANONDORF,False,3,2,0,True,4406
10316,2026-02-07 23:38:27.901000,54,DONKEY KONG,False,2,3,0,False,4407
10317,2026-02-07 23:38:27.993000,21,GANONDORF,False,3,2,0,True,4407
10318,2026-02-07 23:40:36.612000,54,DONKEY KONG,False,3,1,0,True,4408
10319,2026-02-07 23:40:36.699000,21,GANONDORF,False,1,3,0,False,4408
10320,2026-02-07 23:42:49.992000,54,DONKEY KONG,False,2,3,0,False,4409
10321,2026-02-07 23:42:50.065000,21,GANONDORF,False,3,2,0,True,4409
10322,2026-02-07 23:46:31.421000,54,DONKEY KONG,False,2,3,0,False,4410
10323,2026-02-07 23:46:31.516000,21,GANONDORF,False,3,2,0,True,4410
10324,2026-02-07 23:50:31.801000,54,DONKEY KONG,False,3,2,0,True,4411
10325,2026-02-07 23:50:31.926000,21,GANONDORF,False,2,3,0,False,4411
10326,2026-02-07 23:53:07.435000,54,DONKEY KONG,False,3,0,0,True,4412
10327,2026-02-07 23:53:07.526000,21,GANONDORF,False,0,3,0,False,4412
10328,2026-02-07 23:54:57.520000,54,DONKEY KONG,False,1,3,0,False,4413
10329,2026-02-07 23:54:57.628000,21,GANONDORF,False,3,1,0,True,4413
10330,2026-02-07 23:58:04.478000,54,DONKEY KONG,False,3,2,0,True,4414
10331,2026-02-07 23:58:04.594000,21,GANONDORF,False,2,3,0,False,4414
10332,2026-02-08 00:00:56.701000,54,DONKEY KONG,False,2,3,0,False,4415
10333,2026-02-08 00:00:56.780000,21,GANONDORF,False,3,2,0,True,4415
10334,2026-02-08 00:02:15.359000,54,DONKEY KONG,False,2,3,0,False,4416
10335,2026-02-08 00:02:15.473000,21,GANONDORF,False,3,2,0,True,4416
10336,2026-02-08 00:04:58.622000,54,DONKEY KONG,False,3,1,0,True,4417
10337,2026-02-08 00:04:58.749000,21,GANONDORF,False,1,3,0,False,4417
10338,2026-02-08 00:07:30.042000,54,DONKEY KONG,False,2,3,0,False,4418
10339,2026-02-08 00:07:30.117000,21,GANONDORF,False,3,2,0,True,4418
10340,2026-02-08 00:12:34.960000,54,STEVE,False,3,2,0,True,4419
10341,2026-02-08 00:12:35.072000,21,MR. GAME & WATCH,False,2,3,0,False,4419
10342,2026-02-08 00:16:19.317000,54,STEVE,False,3,2,0,True,4420
10343,2026-02-08 00:16:19.416000,21,MR. GAME & WATCH,False,2,3,0,False,4420
10344,2026-02-08 02:21:01.985000,22,DONKEY KONG,False,0,3,0,False,4421
10345,2026-02-08 02:21:02.186000,255,KING K. ROOL,False,3,0,0,True,4421
10346,2026-02-08 02:23:11.706000,22,DONKEY KONG,False,2,3,0,False,4422
10347,2026-02-08 02:23:11.847000,255,KING K. ROOL,False,3,2,0,True,4422
10348,2026-02-08 02:26:49.087000,22,DONKEY KONG,False,3,2,0,True,4423
10349,2026-02-08 02:26:49.195000,255,KING K. ROOL,False,2,3,0,False,4423
10350,2026-02-08 02:30:11.382000,22,CAPTAIN FALCON,False,3,0,0,True,4424
10351,2026-02-08 02:30:11.489000,255,KING K. ROOL,False,0,3,0,False,4424
10352,2026-02-08 02:34:33.225000,22,CAPTAIN FALCON,False,3,2,0,True,4425
10353,2026-02-08 02:34:33.321000,255,KING K. ROOL,False,2,3,0,False,4425
10354,2026-02-08 02:38:28.862000,22,CAPTAIN FALCON,False,2,3,0,False,4426
10355,2026-02-08 02:38:28.983000,255,KING K. ROOL,False,3,2,0,True,4426
10356,2026-02-08 02:46:50.902000,22,CAPTAIN FALCON,False,3,0,0,True,4427
10357,2026-02-08 02:46:51.014000,255,KING K. ROOL,False,2,3,0,False,4427
10358,2026-02-08 02:50:45.068000,22,CAPTAIN FALCON,False,3,2,0,True,4428
10359,2026-02-08 02:50:45.216000,10064,KING K. ROOL,False,2,3,0,False,4428
10360,2026-02-08 02:55:08.892000,22,BOWSER,False,2,3,0,False,4429
10361,2026-02-08 02:55:09.007000,255,KING K. ROOL,False,3,2,0,True,4429
10362,2026-02-08 03:42:22.165000,39,DONKEY KONG,False,3,1,0,True,4430
10363,2026-02-08 03:42:22.379000,22,BOWSER,False,0,3,0,False,4430
10364,2026-02-08 03:44:07.580000,39,DONKEY KONG,False,3,1,0,True,4431
10365,2026-02-08 03:44:07.701000,22,BOWSER,False,1,3,0,False,4431
10366,2026-02-08 03:47:27.389000,39,DONKEY KONG,False,2,3,0,False,4432
10367,2026-02-08 03:47:27.474000,22,BOWSER,False,3,2,0,True,4432
10368,2026-02-08 03:53:42.128000,39,RIDLEY,False,3,0,0,True,4433
10369,2026-02-08 03:53:42.244000,22,LITTLE MAC,False,0,3,0,False,4433
10370,2026-02-08 04:01:53.508000,39,CHROM,False,0,0,0,False,4434
10371,2026-02-08 04:01:53.639000,22,LITTLE MAC,False,0,0,0,True,4434
10372,2026-02-09 00:31:01.383000,21,MR. GAME & WATCH,False,2,3,0,False,4435
10373,2026-02-09 00:31:01.575000,54,STEVE,False,3,2,0,True,4435
10374,2026-02-09 00:36:04.480000,21,MR. GAME & WATCH,False,3,2,0,True,4436
10375,2026-02-09 00:36:04.617000,54,JOKER,False,2,3,0,False,4436
10376,2026-02-09 00:39:58.339000,21,MR. GAME & WATCH,False,2,3,0,False,4437
10377,2026-02-09 00:39:58.437000,54,STEVE,False,3,2,0,True,4437
10378,2026-02-09 00:43:57.629000,21,MR. GAME & WATCH,False,3,2,0,True,4438
10379,2026-02-09 00:43:57.758000,54,JOKER,False,2,3,0,False,4438
10380,2026-02-09 00:49:38.788000,21,MR. GAME & WATCH,False,2,3,0,False,4439
10381,2026-02-09 00:49:38.887000,54,STEVE,False,3,2,0,True,4439
10382,2026-02-09 00:53:18.027000,54,STEVE,False,2,3,0,False,4440
10383,2026-02-09 00:53:18.119000,38,INCINEROAR,False,3,2,0,True,4440
10384,2026-02-09 00:56:33.610000,54,STEVE,False,1,3,0,False,4441
10385,2026-02-09 00:56:33.702000,38,INCINEROAR,False,3,0,0,True,4441
10386,2026-02-09 00:59:18.417000,21,GANONDORF,False,2,3,0,False,4442
10387,2026-02-09 00:59:18.501000,38,GANONDORF,False,3,2,0,True,4442
10388,2026-02-09 01:01:50.290000,21,GANONDORF,False,2,3,0,False,4443
10389,2026-02-09 01:01:50.397000,38,GANONDORF,False,3,0,0,True,4443
10390,2026-02-09 01:12:55.534000,21,GANONDORF,False,3,2,0,True,4444
10391,2026-02-09 01:12:55.615000,38,GANONDORF,False,2,3,0,False,4444
10392,2026-02-09 01:14:30.616000,21,GANONDORF,False,1,3,0,False,4445
10393,2026-02-09 01:14:30.730000,38,GANONDORF,False,3,1,0,True,4445
10394,2026-02-09 01:17:43.267000,21,GANONDORF,False,2,3,0,False,4446
10395,2026-02-09 01:17:43.348000,38,GANONDORF,False,3,2,0,True,4446
10396,2026-02-09 01:19:58.102000,21,GANONDORF,False,1,3,0,False,4447
10397,2026-02-09 01:19:58.171000,38,GANONDORF,False,3,0,0,True,4447
10398,2026-02-09 01:21:41.585000,21,GANONDORF,False,2,1,0,True,4448
10399,2026-02-09 01:21:41.671000,38,GANONDORF,False,1,2,0,False,4448
10400,2026-02-09 01:22:57.505000,21,GANONDORF,False,1,3,0,False,4449
10401,2026-02-09 01:22:57.614000,38,GANONDORF,False,3,1,0,True,4449
10402,2026-02-09 01:27:14.829000,21,MR. GAME & WATCH,False,2,3,0,False,4450
10403,2026-02-09 01:27:14.900000,38,JOKER,False,3,2,0,True,4450
10404,2026-02-09 01:32:02.088000,21,MR. GAME & WATCH,False,2,3,0,False,4451
10405,2026-02-09 01:32:02.191000,38,JOKER,False,3,2,0,True,4451
10406,2026-02-09 01:35:48.355000,21,MR. GAME & WATCH,False,2,3,0,False,4452
10407,2026-02-09 01:35:48.463000,38,JOKER,False,3,2,0,True,4452
10408,2026-02-09 02:16:19.585000,54,DONKEY KONG,False,1,3,0,False,4453
10409,2026-02-09 02:16:19.786000,21,META KNIGHT,False,3,1,0,True,4453
10410,2026-02-09 02:23:14.863000,54,KEN,False,3,0,1,True,4454
10411,2026-02-09 02:23:15,21,PIT,False,0,3,0,False,4454
10412,2026-02-09 02:32:33.864000,54,PAC-MAN,False,0,3,0,False,4455
10413,2026-02-09 02:32:33.989000,21,KIRBY,False,3,0,0,True,4455
10414,2026-02-09 02:37:18.409000,54,R.O.B.,False,2,3,0,False,4456
10415,2026-02-09 02:37:18.513000,21,MEWTWO,False,3,2,0,True,4456
10416,2026-02-09 02:41:37.662000,54,INCINEROAR,False,3,1,0,True,4457
10417,2026-02-09 02:41:37.736000,21,SORA,False,1,3,0,False,4457
10418,2026-02-09 02:51:34.587000,54,PALUTENA,False,3,2,0,True,4458
10419,2026-02-09 02:51:34.685000,21,MARTH,False,2,3,0,False,4458
10420,2026-02-10 02:36:54.914000,104,KING DEDEDE,False,2,3,0,False,4459
10421,2026-02-10 02:36:55.054000,54,DONKEY KONG,False,3,2,0,True,4459
10422,2026-02-10 02:40:18.143000,104,KING DEDEDE,False,3,2,0,True,4460
10423,2026-02-10 02:40:18.260000,54,DONKEY KONG,False,2,3,0,False,4460
10424,2026-02-10 02:42:39.142000,54,SEPHIROTH,False,1,3,0,False,4461
10425,2026-02-10 02:42:39.232000,104,KING DEDEDE,False,3,1,0,True,4461
10426,2026-02-10 02:45:54.212000,54,DONKEY KONG,False,2,3,0,False,4462
10427,2026-02-10 02:45:54.357000,104,KING DEDEDE,False,3,0,0,True,4462
10428,2026-02-10 02:48:36.430000,54,SEPHIROTH,False,1,3,0,False,4463
10429,2026-02-10 02:48:36.532000,104,ZELDA,False,3,1,0,True,4463
10430,2026-02-10 06:06:45.423000,21,GANONDORF,False,5,1,0,True,4464
10431,2026-02-10 06:06:45.609000,2106,UNKNOWN,False,0,0,0,False,4464
10432,2026-02-10 06:06:45.732000,767,YOSHI,False,2,3,0,False,4464
10433,2026-02-10 06:06:45.852000,8659,CAPTAIN FALCON,False,0,0,0,False,4464
10434,2026-02-10 06:45:05.087000,767,YOSHI,False,17,9,1,False,4465
10435,2026-02-10 06:45:05.243000,21,MARIO,False,7,8,2,False,4465
10436,2026-02-10 06:45:05.397000,8659,CAPTAIN FALCON,False,4,10,0,False,4465
10437,2026-02-10 06:45:05.516000,22,ENDERMAN,False,6,10,0,False,4465
10438,2026-02-10 06:45:05.632000,74,MARIO,False,12,9,0,True,4465
10439,2026-02-10 06:48:24.329000,22,DONKEY KONG,False,3,3,0,True,4466
10440,2026-02-10 06:48:24.462000,21,GANONDORF,False,0,4,0,False,4466
10441,2026-02-10 06:48:24.564000,74,MARIO,False,2,2,0,True,4466
10442,2026-02-10 06:51:54.553000,22,DONKEY KONG,False,3,2,1,True,4467
10443,2026-02-10 06:51:54.664000,21,GANONDORF,False,2,3,0,False,4467
10444,2026-02-10 06:51:54.751000,74,MARIO,False,0,2,1,True,4467
10445,2026-02-10 06:54:32.656000,22,DONKEY KONG,False,2,3,2,False,4468
10446,2026-02-10 06:54:32.745000,21,GANONDORF,False,4,2,0,True,4468
10447,2026-02-10 06:54:32.829000,74,MARIO,False,0,0,0,False,4468
10448,2026-02-10 06:58:48.801000,22,DONKEY KONG,False,0,1,0,False,4469
10449,2026-02-10 06:58:48.894000,21,GANONDORF,False,5,2,0,True,4469
10450,2026-02-10 06:58:48.986000,74,MARIO,False,0,1,1,False,4469
10451,2026-02-10 07:00:37.208000,22,DONKEY KONG,False,3,2,1,True,4470
10452,2026-02-10 07:00:37.284000,21,GANONDORF,False,2,3,0,False,4470
10453,2026-02-10 07:00:37.364000,74,MARIO,False,0,1,0,True,4470
10454,2026-02-10 07:03:46.949000,22,DONKEY KONG,False,1,3,1,True,4471
10455,2026-02-10 07:03:47.064000,21,GANONDORF,False,3,3,0,False,4471
10456,2026-02-10 07:03:47.167000,74,MARIO,False,2,1,1,True,4471
10457,2026-02-10 07:08:55.275000,22,DONKEY KONG,False,2,4,0,True,4472
10458,2026-02-10 07:08:55.355000,21,GANONDORF,False,4,2,0,False,4472
10459,2026-02-10 07:08:55.441000,74,MARIO,False,1,1,1,True,4472
10460,2026-02-10 07:09:24.051000,22,DONKEY KONG,False,3,0,0,True,4473
10461,2026-02-10 07:09:24.149000,21,GANONDORF,False,0,3,0,False,4473
10462,2026-02-10 07:09:24.240000,74,MARIO,False,0,0,0,True,4473
10463,2026-02-10 07:12:09.741000,22,DONKEY KONG,False,1,3,0,True,4474
10464,2026-02-10 07:12:09.820000,21,GANONDORF,False,3,3,0,False,4474
10465,2026-02-10 07:12:09.900000,74,MARIO,False,2,0,0,True,4474
10466,2026-02-10 07:17:23.248000,22,DONKEY KONG,False,3,2,0,True,4475
10467,2026-02-10 07:17:23.349000,21,GANONDORF,False,3,4,0,False,4475
10468,2026-02-10 07:17:23.437000,74,MARIO,False,1,2,0,True,4475
10469,2026-02-10 07:20:16.883000,22,DONKEY KONG,False,2,1,0,False,4476
10470,2026-02-10 07:20:16.980000,21,GANONDORF,False,3,1,0,True,4476
10471,2026-02-10 07:20:17.069000,74,MARIO,False,2,1,0,False,4476
10472,2026-02-10 07:25:00.933000,22,DONKEY KONG,False,0,3,0,False,4477
10473,2026-02-10 07:25:01.069000,21,GANONDORF,False,6,2,0,True,4477
10474,2026-02-10 07:25:01.160000,74,MARIO,False,0,3,0,False,4477
10475,2026-02-10 07:29:47.697000,22,DONKEY KONG,False,1,3,1,False,4478
10476,2026-02-10 07:29:47.802000,21,GANONDORF,False,5,1,0,True,4478
10477,2026-02-10 07:29:47.887000,74,MARIO,False,1,3,0,False,4478
10478,2026-02-10 07:35:21.672000,22,ENDERMAN,False,3,3,0,False,4479
10479,2026-02-10 07:35:21.810000,21,INCINEROAR,False,3,3,0,True,4479
10480,2026-02-10 07:35:21.908000,74,MARIO,False,1,3,0,False,4479
10481,2026-02-10 07:35:22.010000,39,SORA,False,3,2,1,True,4479
10482,2026-02-10 07:39:42.184000,22,ENDERMAN,False,3,3,0,True,4480
10483,2026-02-10 07:39:42.269000,21,GANONDORF,False,3,4,1,False,4480
10484,2026-02-10 07:39:42.353000,74,MARIO,False,2,2,0,False,4480
10485,2026-02-10 07:39:42.426000,39,SORA,False,2,2,0,True,4480
10486,2026-02-10 07:44:27.839000,22,ENDERMAN,False,2,4,1,False,4481
10487,2026-02-10 07:44:27.934000,21,GANONDORF,False,4,2,0,True,4481
10488,2026-02-10 07:44:28,74,MARIO,False,0,1,0,True,4481
10489,2026-02-10 07:44:28.074000,39,DONKEY KONG,False,1,0,0,False,4481
10490,2026-02-10 07:48:51.418000,22,BOWSER,False,1,3,0,False,4482
10491,2026-02-10 07:48:51.522000,21,GANONDORF,False,3,1,0,True,4482
10492,2026-02-10 07:48:51.632000,74,MARIO,False,1,3,0,True,4482
10493,2026-02-10 07:48:51.726000,39,SORA,False,1,1,0,False,4482
10494,2026-02-10 07:52:52.742000,22,BOWSER,False,1,3,0,False,4483
10495,2026-02-10 07:52:52.869000,21,GANONDORF,False,4,2,0,True,4483
10496,2026-02-10 07:52:52.969000,74,MARIO,False,2,2,0,True,4483
10497,2026-02-10 07:52:53.056000,39,DONKEY KONG,False,3,3,0,False,4483
10498,2026-02-10 07:57:02.119000,22,CAPTAIN FALCON,False,4,2,1,True,4484
10499,2026-02-10 07:57:02.226000,21,GANONDORF,False,3,3,0,False,4484
10500,2026-02-10 07:57:02.357000,74,MARIO,False,0,3,0,False,4484
10501,2026-02-10 07:57:02.442000,39,DONKEY KONG,False,2,3,1,True,4484
10502,2026-02-10 08:05:31.760000,22,CAPTAIN FALCON,False,1,3,0,False,4485
10503,2026-02-10 08:05:31.881000,21,GANONDORF,False,4,2,1,True,4485
10504,2026-02-10 08:05:31.985000,74,MARIO,False,2,2,0,True,4485
10505,2026-02-10 08:05:32.114000,39,DONKEY KONG,False,0,3,0,False,4485
10506,2026-02-10 08:10:14.145000,22,CAPTAIN FALCON,False,3,2,0,False,4486
10507,2026-02-10 08:10:14.239000,21,GANONDORF,False,5,2,0,True,4486
10508,2026-02-10 08:10:14.321000,39,DONKEY KONG,False,1,3,1,False,4486
10509,2026-02-10 08:12:48.992000,22,CAPTAIN FALCON,False,2,2,0,True,4487
10510,2026-02-10 08:12:49.072000,21,GANONDORF,False,3,3,0,False,4487
10511,2026-02-10 08:12:49.141000,39,DONKEY KONG,False,1,1,0,True,4487
10512,2026-02-10 08:17:01.792000,22,CAPTAIN FALCON,False,2,3,1,True,4488
10513,2026-02-10 08:17:01.882000,21,GANONDORF,False,3,2,0,False,4488
10514,2026-02-10 08:17:01.974000,39,DONKEY KONG,False,0,1,1,True,4488
10515,2026-02-10 08:19:49.771000,22,CAPTAIN FALCON,False,2,2,2,False,4489
10516,2026-02-10 08:19:49.872000,21,GANONDORF,False,4,2,0,True,4489
10517,2026-02-10 08:19:49.959000,39,DONKEY KONG,False,0,2,0,False,4489
10518,2026-02-10 08:22:49.023000,22,CAPTAIN FALCON,False,1,2,0,True,4490
10519,2026-02-10 08:22:49.129000,21,GANONDORF,False,3,3,0,False,4490
10520,2026-02-10 08:22:49.221000,39,DONKEY KONG,False,2,1,0,True,4490
10521,2026-02-10 08:26:44.596000,22,CAPTAIN FALCON,False,2,2,0,True,4491
10522,2026-02-10 08:26:44.713000,21,GANONDORF,False,2,3,0,False,4491
10523,2026-02-10 08:26:44.806000,10228,DONKEY KONG,False,1,1,1,True,4491
10524,2026-02-10 08:28:13.716000,22,CAPTAIN FALCON,False,2,1,0,True,4492
10525,2026-02-10 08:28:13.815000,21,GANONDORF,False,2,3,0,False,4492
10526,2026-02-10 08:28:13.898000,10231,DONKEY KONG,False,1,1,0,True,4492
10527,2026-02-10 08:30:59.917000,22,CAPTAIN FALCON,False,2,2,1,True,4493
10528,2026-02-10 08:31:00.022000,21,GANONDORF,False,0,3,0,False,4493
10529,2026-02-10 08:31:00.177000,39,DONKEY KONG,False,1,3,2,True,4493
10530,2026-02-10 08:34:14.895000,22,CAPTAIN FALCON,False,0,3,0,False,4494
10531,2026-02-10 08:34:14.985000,21,GANONDORF,False,6,2,0,True,4494
10532,2026-02-10 08:34:15.084000,39,DONKEY KONG,False,2,3,0,False,4494
10533,2026-02-10 08:37:14.430000,22,BOWSER,False,0,3,0,False,4495
10534,2026-02-10 08:37:14.532000,21,GANONDORF,False,5,2,0,True,4495
10535,2026-02-10 08:37:14.628000,39,DONKEY KONG,False,2,3,1,False,4495
10536,2026-02-10 08:40:29.008000,22,ENDERMAN,False,1,2,0,True,4496
10537,2026-02-10 08:40:29.097000,21,GANONDORF,False,4,3,0,False,4496
10538,2026-02-10 08:40:29.180000,39,DONKEY KONG,False,2,2,0,True,4496
10539,2026-02-10 08:47:39.087000,21,GANONDORF,False,1,3,0,False,4497
10540,2026-02-10 08:47:39.176000,22,ENDERMAN,False,2,1,0,True,4497
10541,2026-02-10 08:47:39.255000,9734,KIRBY,False,1,3,0,False,4497
10542,2026-02-10 08:47:39.337000,39,DONKEY KONG,False,0,0,0,True,4497
10543,2026-02-10 08:51:46.332000,21,GANONDORF,False,2,3,1,False,4498
10544,2026-02-10 08:51:46.439000,22,ENDERMAN,False,5,2,0,True,4498
10545,2026-02-10 08:51:46.536000,9734,KIRBY,False,2,3,0,False,4498
10546,2026-02-10 08:51:46.628000,39,DONKEY KONG,False,0,2,0,False,4498
10547,2026-02-10 08:55:38.471000,21,GANONDORF,False,0,0,1,False,4499
10548,2026-02-10 08:55:38.599000,22,ENDERMAN,False,1,1,0,True,4499
10549,2026-02-10 08:55:38.706000,9734,KIRBY,False,0,3,0,False,4499
10550,2026-02-10 08:55:38.799000,39,DONKEY KONG,False,4,2,0,True,4499
10551,2026-02-10 08:59:55.659000,2106,UNKNOWN,False,0,0,0,False,4500
10552,2026-02-10 08:59:55.736000,2106,UNKNOWN,False,0,0,0,False,4500
10553,2026-02-10 08:59:55.823000,9734,KIRBY,False,0,3,0,False,4500
10554,2026-02-10 08:59:55.909000,39,DONKEY KONG,False,1,1,0,True,4500
10555,2026-02-10 09:02:41.525000,21,GANONDORF,False,6,1,0,True,4501
10556,2026-02-10 09:02:41.619000,22,ENDERMAN,False,1,3,0,False,4501
10557,2026-02-10 09:02:41.699000,9734,KIRBY,False,0,2,0,True,4501
10558,2026-02-10 09:02:41.788000,39,DONKEY KONG,False,2,3,0,False,4501
10559,2026-02-10 09:06:25.628000,21,GANONDORF,False,1,3,0,False,4502
10560,2026-02-10 09:06:25.721000,38,GANONDORF,False,3,1,0,True,4502
10561,2026-02-10 09:09:28.429000,21,GANONDORF,False,1,4,0,False,4503
10562,2026-02-10 09:09:28.520000,38,GANONDORF,False,3,1,0,True,4503
10563,2026-02-10 09:16:46.016000,21,GANONDORF,False,0,0,0,False,4504
10564,2026-02-10 09:16:46.125000,38,GANONDORF,False,0,0,0,True,4504
10565,2026-02-11 01:41:27.222000,10270,KIRBY,False,2,3,0,False,4505
10566,2026-02-11 01:41:27.395000,3657,SEPHIROTH,False,3,2,0,True,4505
10567,2026-02-11 01:44:10.086000,10270,KIRBY,False,1,3,0,False,4506
10568,2026-02-11 01:44:10.202000,3657,MR. GAME & WATCH,False,3,0,0,True,4506
10569,2026-02-11 02:08:53.390000,10270,KIRBY,False,1,3,0,False,4507
10570,2026-02-11 02:08:53.718000,3657,MR. GAME & WATCH,False,3,1,0,True,4507
10571,2026-02-11 02:14:20.976000,10270,KIRBY,False,2,3,0,False,4508
10572,2026-02-11 02:14:21.065000,3657,SEPHIROTH,False,2,3,0,False,4508
10573,2026-02-11 02:14:21.157000,9238,DONKEY KONG,False,4,2,0,True,4508
10574,2026-02-11 02:19:55.595000,10270,KIRBY,False,1,3,0,False,4509
10575,2026-02-11 02:19:55.902000,3657,SEPHIROTH,False,0,0,0,False,4509
10576,2026-02-11 02:19:56.023000,9238,GANONDORF,False,5,2,0,True,4509
10577,2026-02-11 02:20:30.777000,10270,KIRBY,False,1,3,0,False,4510
10578,2026-02-11 02:20:30.879000,3657,BOWSER,False,3,1,0,True,4510
10579,2026-02-11 02:20:30.964000,9238,GANONDORF,False,1,3,0,False,4510
10580,2026-02-11 02:31:26.675000,10270,KIRBY,False,3,3,0,False,4511
10581,2026-02-11 02:31:26.806000,3657,MR. GAME & WATCH,False,0,3,0,False,4511
10582,2026-02-11 02:31:26.926000,9238,DONKEY KONG,False,5,0,0,True,4511
10583,2026-02-11 02:58:38.552000,54,DONKEY KONG,False,2,3,0,False,4512
10584,2026-02-11 02:58:38.712000,104,KING DEDEDE,False,3,2,0,True,4512
10585,2026-02-11 03:04:37.561000,54,KING K. ROOL,False,0,3,0,False,4513
10586,2026-02-11 03:04:37.692000,104,KING DEDEDE,False,3,0,0,True,4513
10587,2026-02-11 03:08:15.482000,54,KING K. ROOL,False,2,3,0,False,4514
10588,2026-02-11 03:08:15.615000,104,KING DEDEDE,False,3,2,0,True,4514
10589,2026-02-11 03:12:15.461000,54,KING K. ROOL,False,3,2,0,True,4515
10590,2026-02-11 03:12:15.583000,104,KING DEDEDE,False,2,3,0,False,4515
10591,2026-02-11 23:16:28.959000,3657,SEPHIROTH,False,1,3,0,False,4516
10592,2026-02-11 23:16:29.111000,9238,DONKEY KONG,False,3,1,0,True,4516
10593,2026-02-11 23:19:48.980000,3657,SEPHIROTH,False,3,2,0,True,4517
10594,2026-02-11 23:19:49.127000,9238,GANONDORF,False,2,3,0,False,4517
10595,2026-02-11 23:28:02.556000,3657,SEPHIROTH,False,1,3,0,False,4518
10596,2026-02-11 23:28:02.688000,9238,GANONDORF,False,3,1,0,True,4518
10597,2026-02-12 02:31:57.277000,104,GANONDORF,False,3,2,0,True,4519
10598,2026-02-12 02:31:57.496000,3657,SEPHIROTH,False,2,3,0,False,4519
10599,2026-02-12 02:35:54.445000,104,GANONDORF,False,3,1,0,True,4520
10600,2026-02-12 02:35:54.607000,3657,SEPHIROTH,False,1,3,0,False,4520
10601,2026-02-12 02:37:15.628000,104,GANONDORF,False,2,0,0,True,4521
10602,2026-02-12 02:37:15.719000,3657,SEPHIROTH,False,1,2,1,False,4521
10603,2026-02-12 02:39:00.308000,104,GANONDORF,False,3,2,0,True,4522
10604,2026-02-12 02:39:00.400000,3657,BOWSER,False,2,3,0,False,4522
10605,2026-02-12 02:41:04.406000,104,GANONDORF,False,3,1,0,True,4523
10606,2026-02-12 02:41:04.539000,3657,SEPHIROTH,False,1,3,0,False,4523
10607,2026-02-12 02:47:52.344000,104,SEPHIROTH,False,3,0,0,True,4524
10608,2026-02-12 02:47:52.443000,3657,SEPHIROTH,False,0,3,0,False,4524
10609,2026-02-12 02:49:52.810000,104,BOWSER,False,3,1,0,True,4525
10610,2026-02-12 02:49:52.889000,3657,SEPHIROTH,False,1,3,0,False,4525
10611,2026-02-12 02:53:12.467000,104,BOWSER,False,1,3,0,False,4526
10612,2026-02-12 02:53:12.592000,3657,SEPHIROTH,False,3,1,0,True,4526
10613,2026-02-12 02:53:55.814000,104,BOWSER,False,3,0,0,True,4527
10614,2026-02-12 02:53:55.903000,3657,SEPHIROTH,False,0,3,0,False,4527
10615,2026-02-12 02:55:48.155000,104,R.O.B.,False,3,0,0,True,4528
10616,2026-02-12 02:55:48.235000,3657,SEPHIROTH,False,0,3,0,False,4528
10617,2026-02-12 03:01:43.218000,104,NESS,False,3,0,0,True,4529
10618,2026-02-12 03:01:43.289000,3657,SEPHIROTH,False,0,3,0,False,4529
10619,2026-02-12 05:26:40.763000,23,SAMUS,False,3,1,0,True,4530
10620,2026-02-12 05:26:40.920000,255,KING K. ROOL,False,0,3,0,False,4530
10621,2026-02-12 05:30:33.054000,23,SAMUS,False,3,2,0,True,4531
10622,2026-02-12 05:30:33.131000,255,KING K. ROOL,False,2,3,0,False,4531
10623,2026-02-12 05:34:35.918000,23,SAMUS,False,2,3,0,False,4532
10624,2026-02-12 05:34:36.026000,255,KING K. ROOL,False,3,2,0,True,4532
10625,2026-02-12 05:38:48.450000,23,SAMUS,False,3,2,0,True,4533
10626,2026-02-12 05:38:48.547000,255,KING K. ROOL,False,2,3,0,False,4533
10627,2026-02-12 05:43:31.924000,23,SAMUS,False,2,3,0,False,4534
10628,2026-02-12 05:43:32.061000,255,KING K. ROOL,False,3,2,0,True,4534
10629,2026-02-12 05:48:13.075000,23,SAMUS,False,3,0,0,True,4535
10630,2026-02-12 05:48:13.175000,9734,KIRBY,False,0,3,0,False,4535
10631,2026-02-12 05:54:36.360000,23,SAMUS,False,4,2,0,True,4536
10632,2026-02-12 05:54:36.456000,255,KING K. ROOL,False,3,3,0,False,4536
10633,2026-02-12 05:54:36.542000,9734,KIRBY,False,1,3,0,False,4536
10634,2026-02-12 05:59:42.321000,23,SAMUS,False,3,3,0,False,4537
10635,2026-02-12 05:59:42.423000,255,KING K. ROOL,False,4,2,0,True,4537
10636,2026-02-12 05:59:42.546000,9734,KIRBY,False,1,3,0,False,4537
10637,2026-02-12 06:04:56.142000,23,SAMUS,False,2,3,0,False,4538
10638,2026-02-12 06:04:56.257000,255,KING K. ROOL,False,6,2,0,True,4538
10639,2026-02-12 06:04:56.370000,9734,KIRBY,False,0,3,0,False,4538
10640,2026-02-12 06:15:27.835000,2106,UNKNOWN,False,0,0,0,False,4539
10641,2026-02-12 06:15:27.948000,255,KING K. ROOL,False,6,1,0,True,4539
10642,2026-02-12 06:15:28.068000,9734,KIRBY,False,0,3,0,False,4539
10643,2026-02-12 08:46:54.484000,2106,UNKNOWN,False,0,0,0,False,4540
10644,2026-02-12 08:46:54.673000,255,GRENINJA,False,3,2,0,True,4540
10645,2026-02-13 01:58:22.560000,104,KING DEDEDE,False,2,3,0,False,4541
10646,2026-02-13 01:58:22.724000,21,GANONDORF,False,3,2,0,True,4541
10647,2026-02-13 02:02:00.855000,104,KING DEDEDE,False,0,3,0,False,4542
10648,2026-02-13 02:02:01.005000,21,GANONDORF,False,3,1,0,True,4542
10649,2026-02-13 02:04:30.681000,21,GANONDORF,False,3,2,0,True,4543
10650,2026-02-13 02:04:30.829000,104,KING DEDEDE,False,2,3,0,False,4543
10651,2026-02-13 04:37:08.208000,104,KING DEDEDE,False,3,3,0,False,4544
10652,2026-02-13 04:37:08.395000,21,GANONDORF,False,6,3,0,False,4544
10653,2026-02-13 04:37:08.558000,39,SORA,False,2,3,0,False,4544
10655,2026-02-13 04:37:08.866000,1112,NESS,False,1,2,0,True,4544
10656,2026-02-13 05:19:45.003000,39,DONKEY KONG,False,2,3,0,False,4545
10657,2026-02-13 05:19:45.167000,21,GANONDORF,False,3,0,0,True,4545
10658,2026-02-13 05:21:59.227000,39,DONKEY KONG,False,3,2,0,True,4546
10659,2026-02-13 05:21:59.370000,21,GANONDORF,False,2,3,0,False,4546
10660,2026-02-13 05:23:58.429000,39,DONKEY KONG,False,1,3,0,False,4547
10661,2026-02-13 05:23:58.623000,21,GANONDORF,False,3,1,0,True,4547
10662,2026-02-13 05:26:14.665000,39,DONKEY KONG,False,3,2,0,True,4548
10663,2026-02-13 05:26:14.761000,21,GANONDORF,False,2,3,0,False,4548
10664,2026-02-13 05:29:47.809000,39,DONKEY KONG,False,1,2,0,True,4549
10665,2026-02-13 05:29:47.895000,21,GANONDORF,False,4,2,0,False,4549
10666,2026-02-13 05:29:47.982000,8659,CAPTAIN FALCON,False,2,2,0,True,4549
10667,2026-02-13 05:33:21.309000,2106,UNKNOWN,False,0,0,0,False,4550
10668,2026-02-13 05:33:21.390000,2106,UNKNOWN,False,0,0,0,False,4550
10669,2026-02-13 05:33:21.485000,8659,CAPTAIN FALCON,False,0,2,0,True,4550
10670,2026-02-13 05:36:43.124000,39,DONKEY KONG,False,2,2,0,True,4551
10671,2026-02-13 05:36:43.231000,21,GANONDORF,False,4,3,0,False,4551
10672,2026-02-13 05:36:43.308000,8659,CAPTAIN FALCON,False,1,2,0,True,4551
10673,2026-02-13 05:38:40.750000,39,DONKEY KONG,False,2,1,1,True,4552
10674,2026-02-13 05:38:40.859000,21,GANONDORF,False,0,2,0,False,4552
10675,2026-02-13 05:38:40.942000,8659,CAPTAIN FALCON,False,1,1,1,True,4552
10676,2026-02-13 05:40:59.975000,39,DONKEY KONG,False,1,2,0,True,4553
10677,2026-02-13 05:41:00.072000,21,GANONDORF,False,3,3,0,False,4553
10678,2026-02-13 05:41:00.162000,8659,CAPTAIN FALCON,False,2,2,1,True,4553
10679,2026-02-13 05:43:51.703000,39,DONKEY KONG,False,2,1,0,True,4554
10680,2026-02-13 05:43:51.790000,21,GANONDORF,False,0,0,0,False,4554
10681,2026-02-13 05:43:51.870000,8659,CAPTAIN FALCON,False,2,1,0,True,4554
10682,2026-02-13 05:46:23.168000,21,GANONDORF,False,3,2,0,True,4555
10683,2026-02-13 05:46:23.255000,8659,CAPTAIN FALCON,False,2,3,0,False,4555
10684,2026-02-13 05:50:11.149000,21,GANONDORF,False,3,0,0,True,4556
10685,2026-02-13 05:50:11.221000,8659,CAPTAIN FALCON,False,2,3,0,False,4556
10686,2026-02-13 05:52:48.375000,21,GANONDORF,False,3,1,0,True,4557
10687,2026-02-13 05:52:48.479000,8659,CAPTAIN FALCON,False,1,3,0,False,4557
10688,2026-02-13 05:54:17.795000,21,GANONDORF,False,3,0,0,True,4558
10689,2026-02-13 05:54:17.894000,8659,CAPTAIN FALCON,False,0,3,0,False,4558
10690,2026-02-13 05:55:37.463000,21,GANONDORF,False,3,0,0,True,4559
10691,2026-02-13 05:55:37.545000,8659,GANONDORF,False,0,3,0,False,4559
10692,2026-02-13 05:58:22.523000,39,DONKEY KONG,False,2,3,0,False,4560
10693,2026-02-13 05:58:22.631000,21,GANONDORF,False,3,2,0,True,4560
10694,2026-02-13 06:01:32.732000,39,DONKEY KONG,False,1,3,0,False,4561
10695,2026-02-13 06:01:32.800000,21,GANONDORF,False,3,1,0,True,4561
10696,2026-02-13 06:07:29.832000,21,GANONDORF,False,3,0,0,True,4562
10697,2026-02-13 06:07:29.939000,8659,CAPTAIN FALCON,False,2,3,0,False,4562
10698,2026-02-13 06:11:40.046000,38,GANONDORF,False,4,2,0,True,4563
10699,2026-02-13 06:11:40.136000,21,GANONDORF,False,3,3,0,False,4563
10700,2026-02-13 06:11:40.211000,8659,CAPTAIN FALCON,False,2,0,0,True,4563
10701,2026-02-13 06:11:40.294000,39,DONKEY KONG,False,1,3,0,False,4563
10702,2026-02-13 06:14:26.043000,38,GANONDORF,False,5,2,0,True,4564
10703,2026-02-13 06:14:26.114000,21,GANONDORF,False,3,3,1,False,4564
10704,2026-02-13 06:14:26.181000,8659,CAPTAIN FALCON,False,0,2,0,True,4564
10705,2026-02-13 06:14:26.255000,39,DONKEY KONG,False,1,3,0,False,4564
10706,2026-02-13 06:17:40.570000,2106,UNKNOWN,False,0,0,0,False,4565
10707,2026-02-13 06:17:40.702000,2106,UNKNOWN,False,0,0,0,False,4565
10708,2026-02-13 06:17:40.792000,8659,LITTLE MAC,False,2,3,0,True,4565
10709,2026-02-13 06:17:40.894000,2106,UNKNOWN,False,0,0,0,False,4565
10710,2026-02-13 06:20:33.183000,38,GANONDORF,False,3,2,0,True,4566
10711,2026-02-13 06:20:33.295000,21,GANONDORF,False,0,2,0,False,4566
10712,2026-02-13 06:20:33.374000,8659,DARK PIT,False,1,0,0,True,4566
10713,2026-02-13 06:20:33.454000,2106,UNKNOWN,False,0,0,0,False,4566
10714,2026-02-13 06:27:06.958000,21,GANONDORF,False,0,1,0,True,4567
10715,2026-02-13 06:27:07.066000,8659,BYLETH,False,2,2,0,True,4567
10716,2026-02-13 06:27:07.162000,39,DONKEY KONG,False,2,3,0,False,4567
10717,2026-02-13 06:29:21.825000,38,GANONDORF,False,2,3,1,False,4568
10718,2026-02-13 06:29:21.917000,21,GANONDORF,False,4,2,0,True,4568
10719,2026-02-13 06:29:22.005000,8659,DONKEY KONG,False,0,3,1,False,4568
10720,2026-02-13 06:29:22.102000,39,DONKEY KONG,False,1,2,1,True,4568
10721,2026-02-13 06:31:42.751000,38,GANONDORF,False,3,0,0,True,4569
10722,2026-02-13 06:31:42.850000,21,GANONDORF,False,0,3,0,False,4569
10723,2026-02-13 06:33:51.559000,38,GANONDORF,False,3,0,0,True,4570
10724,2026-02-13 06:33:51.659000,21,GANONDORF,False,0,3,0,False,4570
10725,2026-02-13 06:36:23.369000,38,GANONDORF,False,3,2,0,True,4571
10726,2026-02-13 06:36:23.451000,21,GANONDORF,False,2,3,0,False,4571
10654,2026-02-13 04:37:08.725000,93,KAZUYA,False,2,3,0,False,4544
